,indexID,time,N,Inf_L,Inf_H,Dead_L,Dead_H,cum_cases_L,cum_cases_H,cum_sum_per_N,Exposed_L,Exposed_H,Sus_L,Sus_H,Rec_nat_L,Rec_nat_H,Rec_vax_L,Rec_vax_H,vaccinatedH,vaccinatedL,boostedH,boostedL,count_Naive,count_Delta,count_Delta_vaccine,count_two,count_three,count_four,count_Omicron,count_Omicron_star,count_Omicron_star_vaccine,count_Omicron_vaccine,count_Vaccine,count_WT,count_WT_vaccine,count_WT_vaccine_boost,count_Omicron_vaccine_boost,count_Delta_vaccine_boost,count_Omicron_star_vaccine_boost,count_Vaccine_boost
0,5888,1.0289067984685192,99996,3,6,0,0,3,6,9.000360014400577e-05,22,19,49973,49973,0,0,0,0,0,0,0,0,99996,0,0,0,0,0,0,0,0,0,0,0,0,0,0,0,0,0
1,5888,2.0872351404736604,99996,4,8,0,0,5,10,0.0001500060002400096,20,16,49973,49972,1,2,0,0,0,0,0,0,99993,0,0,0,0,0,0,0,0,0,0,3,0,0,0,0,0,0
2,5888,3.1015164263915453,99996,7,10,0,0,9,14,0.00023000920036801473,17,13,49972,49971,2,4,0,0,0,0,0,0,99990,0,0,0,0,0,0,0,0,0,0,6,0,0,0,0,0,0
3,5888,4.028479440654463,99996,12,10,0,0,15,16,0.00031001240049601984,12,11,49971,49971,3,6,0,0,0,0,0,0,99987,0,0,0,0,0,0,0,0,0,0,9,0,0,0,0,0,0
4,5888,5.0888529379491985,99996,13,12,0,0,17,21,0.0003800152006080243,11,7,49970,49970,4,9,0,0,0,0,0,0,99983,0,0,0,0,0,0,0,0,0,0,13,0,0,0,0,0,0
5,5888,6.061237233163575,99996,17,13,0,0,22,22,0.00044001760070402814,7,8,49969,49968,5,9,0,0,0,0,0,0,99982,0,0,0,0,0,0,0,0,0,0,14,0,0,0,0,0,0
6,5888,7.03728850217422,99996,17,14,0,0,26,27,0.0005300212008480339,11,7,49961,49964,9,13,0,0,0,0,0,0,99974,0,0,0,0,0,0,0,0,0,0,22,0,0,0,0,0,0
7,5888,8.002473864596979,99996,14,14,0,0,26,27,0.0005300212008480339,14,8,49958,49963,12,13,0,0,0,0,0,0,99971,0,0,0,0,0,0,0,0,0,0,25,0,0,0,0,0,0
8,5888,9.02175857497412,99996,14,12,0,0,30,28,0.0005800232009280372,17,7,49951,49963,16,16,0,0,0,0,0,0,99964,0,0,0,0,0,0,0,0,0,0,32,0,0,0,0,0,0
9,5888,10.115427476757363,99996,17,12,0,0,33,29,0.0006200248009920397,15,9,49950,49960,16,17,0,0,0,0,0,0,99963,0,0,0,0,0,0,0,0,0,0,33,0,0,0,0,0,0
10,5888,11.012780719824564,99996,16,15,0,0,36,33,0.0006900276011040442,13,6,49949,49959,20,18,0,0,0,0,0,0,99958,0,0,0,0,0,0,0,0,0,0,38,0,0,0,0,0,0
11,5888,12.093077310559382,99996,19,15,0,0,41,35,0.0007600304012160486,12,6,49946,49957,21,20,0,0,0,0,0,0,99954,0,0,0,0,0,0,0,0,0,0,42,0,0,0,0,0,0
12,5888,13.0672278845078,99996,15,12,0,0,42,38,0.0008000320012800512,13,4,49944,49956,26,26,0,0,0,0,0,0,99943,0,0,0,0,0,0,0,0,0,0,53,0,0,0,0,0,0
13,5888,14.0608278103168,99996,15,10,0,0,45,38,0.0008300332013280532,13,5,49941,49955,29,28,0,0,0,0,0,0,99938,0,0,0,0,0,0,0,0,0,0,58,0,0,0,0,0,0
14,5888,15.025577952847023,99996,17,10,0,0,49,39,0.0008800352014080563,12,5,49938,49954,31,29,0,0,0,0,0,0,99935,0,0,0,0,0,0,0,0,0,0,61,0,0,0,0,0,0
15,5888,16.024679916111047,99996,17,12,0,0,52,41,0.0009300372014880595,12,4,49935,49953,34,29,0,0,0,0,0,0,99932,0,0,0,0,0,0,0,0,0,0,64,0,0,0,0,0,0
16,5888,17.009311417684607,99996,16,9,0,0,54,41,0.0009500380015200608,12,7,49933,49950,37,32,0,0,0,0,0,0,99926,0,0,0,0,0,0,0,0,0,0,70,0,0,0,0,0,0
17,5888,18.239532752816057,99996,17,7,0,0,57,41,0.0009800392015680626,11,9,49931,49948,39,34,0,0,0,0,0,0,99922,0,0,0,0,0,0,0,0,0,0,74,0,0,0,0,0,0
18,5888,19.094692944314204,99996,17,8,0,0,59,44,0.0010300412016480659,11,7,49929,49947,41,36,0,0,0,0,0,0,99918,0,0,0,0,0,0,0,0,0,0,78,0,0,0,0,0,0
19,5888,20.00450273668639,99996,15,8,0,0,63,45,0.001080043201728069,8,6,49928,49947,47,37,0,0,0,0,0,0,99911,0,0,0,0,0,0,0,0,0,0,85,0,0,0,0,0,0
20,5888,21.05434305884383,99996,14,10,0,0,65,47,0.0011200448017920717,7,7,49927,49944,50,37,0,0,0,0,0,0,99908,0,0,0,0,0,0,0,0,0,0,88,0,0,0,0,0,0
21,5888,22.01114501216931,99996,18,10,0,0,69,50,0.0011900476019040761,5,5,49925,49943,50,40,0,0,0,0,0,0,99905,0,0,0,0,0,0,0,0,0,0,91,0,0,0,0,0,0
22,5888,23.247559815989877,99996,16,9,0,0,69,50,0.0011900476019040761,10,7,49920,49941,52,41,0,0,0,0,0,0,99902,0,0,0,0,0,0,0,0,0,0,94,0,0,0,0,0,0
23,5888,24.16401374070658,99996,16,9,0,0,70,50,0.0012000480019200767,11,7,49918,49941,53,41,0,0,0,0,0,0,99901,0,0,0,0,0,0,0,0,0,0,95,0,0,0,0,0,0
24,5888,25.192239401507504,99996,17,8,0,0,71,51,0.0012200488019520781,15,7,49913,49940,53,43,0,0,0,0,0,0,99899,0,0,0,0,0,0,0,0,0,0,97,0,0,0,0,0,0
25,5888,26.10208901591361,99996,19,11,0,0,75,54,0.0012900516020640826,14,5,49910,49940,55,42,0,0,0,0,0,0,99897,0,0,0,0,0,0,0,0,0,0,99,0,0,0,0,0,0
26,5888,27.022090931005923,99996,17,13,0,0,78,56,0.0013400536021440858,16,3,49905,49940,60,42,0,0,0,0,0,0,99892,0,0,0,0,0,0,0,0,0,0,104,0,0,0,0,0,0
27,5888,28.141630406678274,99996,16,12,0,0,81,56,0.0013700548021920876,17,4,49901,49940,64,42,0,0,0,0,0,0,99887,0,0,0,0,0,0,0,0,0,0,109,0,0,0,0,0,0
28,5888,29.105791371422452,99996,15,12,0,0,83,58,0.0014100564022560902,19,3,49897,49939,67,44,0,0,0,0,0,0,99882,0,0,0,0,0,0,0,0,0,0,114,0,0,0,0,0,0
29,5888,30.08180155402372,99996,18,12,0,0,90,59,0.0014900596023840955,16,3,49893,49938,71,45,0,0,0,0,0,0,99877,0,0,0,0,0,0,0,0,0,0,119,0,0,0,0,0,0
30,5888,31.1573420121772,99996,19,11,0,0,94,61,0.0015500620024800993,16,3,49889,49936,74,48,0,0,0,0,0,0,99871,0,0,0,0,0,0,0,0,0,0,125,0,0,0,0,0,0
31,5888,32.004921455751685,99996,20,12,0,0,98,62,0.0016000640025601023,16,4,49885,49934,77,48,0,0,0,0,0,0,99868,0,0,0,0,0,0,0,0,0,0,128,0,0,0,0,0,0
32,5888,33.06081084657964,99996,19,12,0,0,102,63,0.0016500660026401055,15,5,49882,49932,82,49,0,0,0,0,0,0,99862,0,0,0,0,0,0,0,0,0,0,134,0,0,0,0,0,0
33,5888,34.06604686534698,99996,21,13,0,0,105,64,0.0016900676027041082,15,5,49880,49932,82,48,0,0,0,0,0,0,99861,0,0,0,0,0,0,0,0,0,0,135,0,0,0,0,0,0
34,5888,35.02774339933155,99996,25,14,0,0,111,65,0.0017600704028161126,16,5,49873,49932,84,47,0,0,0,0,0,0,99859,0,0,0,0,0,0,0,0,0,0,137,0,0,0,0,0,0
35,5888,36.210668557739076,99996,24,14,0,0,116,66,0.0018200728029121164,11,8,49873,49928,90,48,0,0,0,0,0,0,99852,0,0,0,0,0,0,0,0,0,0,144,0,0,0,0,0,0
36,5888,37.061298226246734,99996,23,14,0,0,121,68,0.001890075603024121,12,6,49867,49928,96,50,0,0,0,0,0,0,99844,0,0,0,0,0,0,0,0,0,0,152,0,0,0,0,0,0
37,5888,38.00081878478432,99996,25,14,0,0,124,70,0.0019400776031041243,12,5,49865,49927,96,52,0,0,0,0,0,0,99841,0,0,0,0,0,0,0,0,0,0,155,0,0,0,0,0,0
38,5888,39.16955238624759,99996,24,15,0,0,126,72,0.001980079203168127,12,3,49865,49927,97,53,0,0,0,0,0,0,99837,0,0,0,0,0,0,0,0,0,0,159,0,0,0,0,0,0
39,5888,40.11971293427534,99996,27,13,0,0,131,72,0.00203008120324813,9,5,49864,49926,98,54,0,0,0,0,0,0,99833,0,0,0,0,0,0,0,0,0,0,163,0,0,0,0,0,0
40,5888,41.144506547039924,99996,26,11,0,0,133,72,0.0020500820032801313,11,5,49862,49926,99,56,0,0,0,0,0,0,99828,0,0,0,0,0,0,0,0,0,0,168,0,0,0,0,0,0
41,5888,42.0377237599686,99996,26,10,0,0,135,74,0.0020900836033441337,12,5,49859,49924,101,59,0,0,0,0,0,0,99823,0,0,0,0,0,0,0,0,0,0,173,0,0,0,0,0,0
42,5888,43.128583657398984,99996,24,10,0,0,138,74,0.0021200848033921357,11,8,49858,49921,105,59,0,0,0,0,0,0,99818,0,0,0,0,0,0,0,0,0,0,178,0,0,0,0,0,0
43,5888,44.105782341813594,99996,25,10,0,0,141,75,0.002160086403456138,10,9,49856,49920,107,59,0,0,0,0,0,0,99815,0,0,0,0,0,0,0,0,0,0,181,0,0,0,0,0,0
44,5888,45.04067759008015,99996,27,9,0,0,144,75,0.00219008760350414,11,10,49852,49919,108,60,0,0,0,0,0,0,99813,0,0,0,0,0,0,0,0,0,0,183,0,0,0,0,0,0
45,5888,46.184305514301734,99996,26,8,0,0,144,76,0.002200088003520141,15,9,49848,49919,109,62,0,0,0,0,0,0,99810,0,0,0,0,0,0,0,0,0,0,186,0,0,0,0,0,0
46,5888,47.08743880996178,99996,23,11,0,0,145,80,0.0022500900036001442,18,6,49845,49918,112,63,0,0,0,0,0,0,99805,0,0,0,0,0,0,0,0,0,0,191,0,0,0,0,0,0
47,5888,48.08176091949604,99996,21,13,0,0,148,85,0.002330093203728149,16,4,49846,49915,115,66,0,0,0,0,0,0,99797,0,0,0,0,0,0,0,0,0,0,199,0,0,0,0,0,0
48,5888,49.149859615934496,99996,21,10,0,0,151,86,0.002370094803792152,20,8,49840,49910,117,70,0,0,0,0,0,0,99790,0,0,0,0,0,0,0,0,0,0,206,0,0,0,0,0,0
49,5888,50.030838140150024,99996,21,11,0,0,152,88,0.0024000960038401535,22,7,49837,49909,118,71,0,0,0,0,0,0,99788,0,0,0,0,0,0,0,0,0,0,208,0,0,0,0,0,0
50,5888,51.10220074147439,99996,28,12,0,0,161,90,0.0025101004040161607,18,5,49832,49909,120,72,0,0,0,0,0,0,99785,0,0,0,0,0,0,0,0,0,0,211,0,0,0,0,0,0
51,5888,52.18023408496473,99996,30,11,0,0,165,91,0.002560102404096164,19,5,49827,49908,122,74,0,0,0,0,0,0,99781,0,0,0,0,0,0,0,0,0,0,215,0,0,0,0,0,0
52,5888,53.06555232164856,99996,30,10,0,0,171,92,0.0026301052042081684,19,4,49821,49909,128,75,0,0,0,0,0,0,99773,0,0,0,0,0,0,0,0,0,0,223,0,0,0,0,0,0
53,5888,54.03081906053321,99996,34,9,0,0,176,93,0.002690107604304172,19,5,49818,49907,127,77,0,0,0,0,0,0,99770,0,0,0,0,0,0,0,0,0,0,226,0,0,0,0,0,0
54,5888,55.21598792177405,99996,35,11,0,0,180,95,0.002750110004400176,18,4,49815,49906,130,77,0,0,0,0,0,0,99767,0,0,0,0,0,0,0,0,0,0,229,0,0,0,0,0,0
55,5888,56.02189010913947,99996,33,10,0,0,183,95,0.002780111204448178,18,7,49812,49903,135,78,0,0,0,0,0,0,99761,0,0,0,0,0,0,0,0,0,0,235,0,0,0,0,0,0
56,5888,57.23681314285549,99996,28,11,0,0,187,97,0.0028401136045441817,22,8,49805,49901,143,78,0,0,0,0,0,0,99751,0,0,0,0,0,0,0,0,0,0,245,0,0,0,0,0,0
57,5888,58.257566178769295,99996,31,14,0,0,194,100,0.002940117604704188,18,8,49802,49898,147,78,0,0,0,0,0,0,99747,0,0,0,0,0,0,0,0,0,0,249,0,0,0,0,0,0
58,5888,59.10401255572824,99996,35,14,0,0,202,102,0.0030401216048641946,15,7,49797,49898,151,79,0,0,0,0,0,0,99741,0,0,0,0,0,0,0,0,0,0,255,0,0,0,0,0,0
59,5888,60.017083862575106,99996,37,12,0,0,208,103,0.003110124404976199,17,10,49789,49894,155,82,0,0,0,0,0,0,99734,0,0,0,0,0,0,0,0,0,0,262,0,0,0,0,0,0
60,5888,61.05948995253412,99996,35,14,0,0,214,107,0.0032101284051362054,17,9,49783,49893,163,82,0,0,0,0,0,0,99725,0,0,1,0,0,0,0,0,0,0,270,0,0,0,0,0,0
61,5888,62.107806686855696,99996,35,16,0,0,219,110,0.0032901316052642107,17,10,49778,49889,168,83,0,0,0,0,0,0,99719,0,0,1,0,0,0,0,0,0,0,276,0,0,0,0,0,0
62,5888,63.172066976021696,99996,37,17,0,0,225,113,0.0033801352054082163,20,8,49770,49888,171,85,0,0,0,0,0,0,99713,0,0,1,0,0,0,0,0,0,0,282,0,0,0,0,0,0
63,5888,64.26289535696108,99996,31,20,0,0,229,117,0.0034601384055362215,22,6,49765,49886,180,86,0,0,0,0,0,0,99702,0,0,1,0,0,0,0,0,0,0,293,0,0,0,0,0,0
64,5888,65.07572249350521,99996,30,19,0,0,232,118,0.003500140005600224,21,7,49763,49885,184,87,0,0,0,0,0,0,99696,0,0,1,0,0,0,0,0,0,0,299,0,0,0,0,0,0
65,5888,66.03097336577882,99996,33,18,0,0,239,121,0.0036001440057602304,24,7,49755,49883,186,90,0,0,0,0,0,0,99688,0,0,1,0,0,0,0,0,0,0,307,0,0,0,0,0,0
66,5888,67.00741992706293,99996,37,20,0,0,248,124,0.003720148805952238,19,6,49751,49881,191,91,0,0,0,0,0,0,99682,0,0,1,0,0,0,0,0,0,0,313,0,0,0,0,0,0
67,5888,68.0630303270924,99996,41,19,0,0,253,127,0.0038001520060802433,22,4,49743,49881,192,94,0,0,0,0,0,0,99677,0,0,1,0,0,0,0,0,0,0,318,0,0,0,0,0,0
68,5888,69.00060317266968,99996,42,20,0,0,259,129,0.0038801552062082485,24,5,49735,49879,197,94,0,0,0,0,0,0,99671,0,0,1,0,0,0,0,0,0,0,324,0,0,0,0,0,0
69,5888,70.21103358223074,99996,40,19,0,0,265,132,0.003970158806352254,25,5,49728,49876,205,98,0,0,0,0,0,0,99659,0,0,1,0,0,0,0,0,0,0,336,0,0,0,0,0,0
70,5888,71.01783799796435,99996,41,17,0,0,270,133,0.004030161206448258,27,6,49721,49874,209,101,0,0,0,0,0,0,99652,0,0,1,0,0,0,0,0,0,0,343,0,0,0,0,0,0
71,5888,72.02607085714189,99996,40,18,0,0,278,135,0.004130165206608264,23,8,49719,49870,216,102,0,0,0,0,0,0,99642,0,0,1,0,0,0,0,0,0,0,353,0,0,0,0,0,0
72,5888,73.2694655151793,99996,38,21,0,0,282,141,0.004230169206768271,28,9,49711,49863,221,105,0,0,0,0,0,0,99633,0,0,1,0,0,0,0,0,0,0,362,0,0,0,0,0,0
73,5888,74.014093554909,99996,40,20,0,0,288,142,0.0043001720068802755,27,8,49706,49863,225,107,0,0,0,0,0,0,99627,0,0,1,0,0,0,0,0,0,0,368,0,0,0,0,0,0
74,5888,75.07153458564453,99996,37,18,0,0,295,142,0.0043701748069922795,30,13,49696,49858,235,109,0,0,0,0,0,0,99615,0,0,1,0,0,0,0,0,0,0,380,0,0,0,0,0,0
75,5888,76.01564973113909,99996,42,19,0,0,302,145,0.004470178807152286,28,12,49692,49857,236,110,0,0,0,0,0,0,99611,0,0,1,0,0,0,0,0,0,0,384,0,0,0,0,0,0
76,5888,77.02023984509184,99996,45,23,0,0,311,151,0.004620184807392296,24,11,49688,49853,241,111,0,0,0,0,0,0,99603,0,0,1,0,0,0,0,0,0,0,392,0,0,0,0,0,0
77,5888,78.06349301815233,99996,37,18,0,0,314,154,0.0046801872074883,30,11,49679,49850,252,119,0,0,0,0,0,0,99584,0,0,1,0,0,0,0,0,0,0,411,0,0,0,0,0,0
78,5888,79.02239948259901,99996,40,18,0,0,322,157,0.004790191607664307,34,13,49669,49845,255,122,0,0,0,0,0,0,99576,0,0,1,0,0,0,0,0,0,0,419,0,0,0,0,0,0
79,5888,80.1701343113543,99996,46,16,0,0,331,159,0.004900196007840313,35,13,49659,49844,258,125,0,0,0,0,0,0,99569,0,0,1,0,0,0,0,0,0,0,426,0,0,0,0,0,0
80,5888,81.01454772362798,99996,43,18,0,0,331,162,0.004930197207888316,40,11,49654,49843,261,126,0,0,0,0,0,0,99565,0,0,1,0,0,0,0,0,0,0,430,0,0,0,0,0,0
81,5888,82.23181740444036,99996,47,20,0,0,342,168,0.005100204008160326,37,12,49650,49838,264,128,0,0,0,0,0,0,99554,0,0,1,0,0,0,0,0,0,0,441,0,0,0,0,0,0
82,5888,83.25281772857286,99996,49,18,0,0,350,170,0.005200208008320333,36,12,49643,49838,270,130,0,0,0,0,0,0,99544,0,0,1,0,0,0,0,0,0,0,451,0,0,0,0,0,0
83,5888,84.15709207667022,99996,47,19,0,0,353,172,0.005250210008400336,43,11,49633,49837,275,131,0,0,0,0,0,0,99538,0,0,1,0,0,0,0,0,0,0,457,0,0,0,0,0,0
84,5888,85.00982956849172,99996,53,15,0,0,367,173,0.005400216008640346,32,15,49631,49832,282,136,0,0,0,0,0,0,99525,0,0,1,0,0,0,0,0,0,0,470,0,0,0,0,0,0
85,5888,86.03570410488794,99996,58,16,0,0,380,177,0.005570222808912357,26,16,49625,49829,289,137,0,0,0,0,0,0,99514,0,0,1,0,0,0,0,0,0,0,481,0,0,0,0,0,0
86,5888,87.13689567459915,99996,57,17,0,0,388,181,0.005690227609104364,24,17,49620,49825,297,139,0,0,0,0,0,0,99502,0,0,1,0,0,0,0,0,0,0,493,0,0,0,0,0,0
87,5888,88.21941825078797,99996,55,19,0,0,395,185,0.005800232009280371,29,18,49609,49820,305,141,0,0,0,0,0,0,99491,0,0,1,0,0,0,0,0,0,0,504,0,0,0,0,0,0
88,5888,89.1493416849738,99996,55,21,0,0,401,188,0.005890235609424377,34,20,49599,49815,310,142,0,0,0,0,0,0,99484,0,0,1,0,0,0,0,0,0,0,511,0,0,0,0,0,0
89,5888,90.00334383035346,99996,57,19,0,0,406,192,0.005980239209568383,34,18,49595,49813,312,148,0,0,0,0,0,0,99475,0,0,1,0,0,0,0,0,0,0,520,0,0,0,0,0,0
90,5888,91.17074845588702,99996,63,24,0,0,420,200,0.006200248009920397,35,20,49584,49803,316,151,0,0,0,0,0,0,99464,0,0,1,0,0,0,0,0,0,0,531,0,0,0,0,0,0
91,5888,92.01174551190034,99996,62,27,0,0,423,204,0.006270250810032401,36,20,49581,49800,319,151,0,0,0,0,0,0,99459,0,0,1,0,0,0,0,0,0,0,536,0,0,0,0,0,0
92,5888,93.14128340112345,99996,64,29,0,0,431,210,0.00641025641025641,40,19,49569,49796,325,154,0,0,0,0,0,0,99449,0,0,1,0,0,0,0,0,0,0,546,0,0,0,0,0,0
93,5888,94.21049786100237,99996,62,29,0,0,439,216,0.006550262010480419,42,16,49561,49793,333,160,0,0,0,0,0,0,99433,0,0,1,0,0,0,0,0,0,0,562,0,0,0,0,0,0
94,5888,95.12717684383357,99996,64,29,0,0,451,221,0.00672026881075243,36,19,49559,49785,339,165,0,0,0,0,0,0,99418,0,0,1,0,0,0,0,0,0,0,577,0,0,0,0,0,0
95,5888,96.05690965649269,99996,67,30,0,0,460,226,0.006860274410976439,45,17,49541,49782,345,169,0,0,0,0,0,0,99408,0,0,1,0,0,0,0,0,0,0,587,0,0,0,0,0,0
96,5888,97.20782484211449,99996,63,31,0,0,474,230,0.00704028161126445,39,19,49535,49777,361,171,0,0,0,0,0,0,99387,0,0,1,0,0,0,0,0,0,0,608,0,0,0,0,0,0
97,5888,98.09019469041887,99996,65,31,0,0,487,236,0.007230289211568462,36,19,49525,49772,372,176,0,0,0,0,0,0,99370,0,0,1,0,0,0,0,0,0,0,625,0,0,0,0,0,0
98,5888,99.11392146760505,99996,67,35,0,0,493,242,0.0073502940117604705,40,18,49515,49767,376,178,0,0,0,0,0,0,99364,0,0,1,0,0,0,0,0,0,0,631,0,0,0,0,0,0
99,5888,100.09642741020576,99996,66,37,0,0,505,249,0.0075403016120644826,45,20,49498,49758,389,183,0,0,0,0,0,0,99346,0,0,1,0,0,0,0,0,0,0,649,0,0,0,0,0,0
100,5888,101.09466948759659,99996,62,42,0,0,511,255,0.007660306412256491,49,22,49488,49750,399,184,0,0,0,0,0,0,99335,0,0,1,0,0,0,0,0,0,0,660,0,0,0,0,0,0
101,5888,102.08407047017259,99996,66,42,0,0,521,260,0.0078103124124964994,44,26,49484,49741,404,189,0,0,0,0,0,0,99324,0,0,1,0,0,0,0,0,0,0,671,0,0,0,0,0,0
102,5888,103.07359853192328,99996,59,45,0,0,530,267,0.00797031881275251,51,25,49469,49736,419,192,0,0,0,0,0,0,99304,0,0,1,0,0,0,0,0,0,0,691,0,0,0,0,0,0
103,5888,104.06415332354604,99996,66,50,0,0,543,277,0.008200328013120525,50,17,49459,49735,423,196,0,0,0,0,0,0,99293,0,0,1,0,0,0,0,0,0,0,702,0,0,0,0,0,0
104,5888,105.04503572430838,99996,66,45,0,0,555,281,0.008360334413376535,48,17,49450,49733,434,203,0,0,0,0,0,0,99272,0,0,1,0,0,0,0,0,0,0,723,0,0,0,0,0,0
105,5888,106.0430369999059,99996,73,42,0,0,565,286,0.008510340413616545,48,19,49442,49727,435,210,0,0,0,0,0,0,99261,0,0,1,0,0,0,0,0,0,0,734,0,0,0,0,0,0
106,5888,107.0981493587947,99996,70,42,0,0,580,293,0.008730349213968558,55,21,49420,49719,453,216,0,0,0,0,0,0,99236,0,0,1,0,0,0,0,0,0,0,759,0,0,0,0,0,0
107,5888,108.08878406252842,99996,78,41,0,0,594,297,0.00891035641425657,59,21,49403,49715,458,221,0,0,0,0,0,0,99225,0,0,1,0,0,0,0,0,0,0,770,0,0,0,0,0,0
108,5888,109.07962488736975,99996,83,39,0,0,608,302,0.009100364014560582,53,24,49396,49708,466,227,0,0,0,0,0,0,99209,0,0,1,0,0,0,0,0,0,0,786,0,0,0,0,0,0
109,5888,110.0706471138229,99996,83,42,0,0,623,309,0.009320372814912596,48,22,49388,49705,479,229,0,0,0,0,0,0,99190,0,0,1,0,0,0,0,0,0,0,805,0,0,0,0,0,0
110,5888,111.18169281093937,99996,84,46,0,0,632,316,0.009480379215168607,58,18,49372,49703,484,231,0,0,0,0,0,0,99179,0,0,1,0,0,0,0,0,0,0,816,0,0,0,0,0,0
111,5888,112.11698437754352,99996,81,44,0,0,643,323,0.009660386415456619,55,16,49365,49698,497,240,0,0,0,0,0,0,99156,0,0,1,0,0,0,0,0,0,0,839,0,0,0,0,0,0
112,5888,113.02246147002015,99996,84,48,0,0,658,329,0.009870394815792632,56,20,49351,49688,507,242,0,0,0,0,0,0,99142,0,0,1,0,0,0,0,0,0,0,853,0,0,0,0,0,0
113,5888,114.05304760865555,99995,85,52,1,0,672,336,0.01008050402520126,56,20,49337,49682,519,244,0,0,0,0,0,0,99126,0,0,1,0,0,0,0,0,0,0,868,0,0,0,0,0,0
114,5888,115.08553838600015,99995,84,56,1,0,683,340,0.010230511525576278,60,19,49323,49682,530,241,0,0,0,0,0,0,99115,0,0,2,0,0,0,0,0,0,0,878,0,0,0,0,0,0
115,5888,116.11835437153628,99994,86,52,2,0,703,344,0.010470628237694261,59,22,49307,49676,544,248,0,0,0,0,0,0,99089,0,0,2,0,0,0,0,0,0,0,903,0,0,0,0,0,0
116,5888,117.11097324552571,99994,84,50,2,0,710,349,0.010590635438126288,67,19,49295,49678,550,251,0,0,0,0,0,0,99073,0,0,2,0,0,0,0,0,0,0,919,0,0,0,0,0,0
117,5888,118.15887035373372,99994,94,51,2,0,726,356,0.010820649238954337,64,19,49283,49671,555,257,0,0,0,0,0,0,99061,0,0,2,0,0,0,0,0,0,0,931,0,0,0,0,0,0
118,5888,119.31681702899519,99993,90,42,3,0,746,362,0.011080775654295801,65,23,49262,49661,578,272,0,0,0,0,0,0,99022,0,0,2,0,0,0,0,0,0,0,969,0,0,0,0,0,0
119,5888,120.3102800329845,99993,96,42,3,0,763,367,0.011300791055373877,61,23,49249,49658,589,275,0,0,0,0,0,0,99006,0,0,2,0,0,0,0,0,0,0,985,0,0,0,0,0,0
120,5888,121.30401666053584,99993,97,43,3,0,780,376,0.011560809256647965,59,25,49234,49648,605,282,0,0,0,0,0,0,98982,0,0,2,0,0,0,0,0,0,0,1009,0,0,0,0,0,0
121,5888,122.29802977345214,99993,97,40,3,0,795,384,0.011790825357775044,55,25,49226,49641,617,292,0,0,0,0,0,0,98956,0,0,2,0,0,0,0,0,0,0,1035,0,0,0,0,0,0
122,5888,123.2922777609833,99993,101,43,3,0,809,394,0.012030842158951126,57,26,49211,49631,626,298,0,0,0,0,0,0,98939,0,0,2,0,0,0,0,0,0,0,1052,0,0,0,0,0,0
123,5888,124.28673788549496,99993,91,42,3,0,817,399,0.01216085125958817,60,26,49201,49626,643,304,0,0,0,0,0,0,98915,0,0,2,0,0,0,0,0,0,0,1076,0,0,0,0,0,0
124,5888,125.28147263355935,99993,97,38,3,0,834,401,0.012350864560519237,63,28,49188,49623,647,309,0,0,0,0,0,0,98899,0,0,3,0,0,0,0,0,0,0,1091,0,0,0,0,0,0
125,5888,126.27637659953383,99993,100,41,3,0,847,409,0.012560879261548308,64,24,49177,49619,654,314,0,0,0,0,0,0,98884,0,0,3,0,0,0,0,0,0,0,1106,0,0,0,0,0,0
126,5888,127.27147534020631,99993,109,44,3,0,863,417,0.01280089606272439,68,17,49157,49620,661,317,0,0,0,0,0,0,98872,0,0,3,0,0,0,0,0,0,0,1118,0,0,0,0,0,0
127,5888,128.15696260277568,99993,105,45,3,0,875,422,0.01297090796355745,71,17,49145,49615,674,321,0,0,0,0,0,0,98852,0,0,3,0,0,0,0,0,0,0,1138,0,0,0,0,0,0
128,5888,129.00047299931245,99992,113,45,3,1,899,432,0.013311064885190816,60,14,49136,49610,686,328,0,0,0,0,0,0,98826,0,0,3,0,0,0,0,0,0,0,1163,0,0,0,0,0,0
129,5888,130.00992961625604,99992,122,41,3,1,920,434,0.013541083286662934,56,18,49122,49606,695,332,0,0,0,0,0,0,98809,0,0,4,0,0,0,0,0,0,0,1179,0,0,0,0,0,0
130,5888,131.09197461311845,99992,113,33,3,1,938,439,0.013771101688135052,50,19,49111,49601,721,344,0,0,0,0,0,0,98769,0,0,4,0,0,0,0,0,0,0,1219,0,0,0,0,0,0
131,5888,132.04852255793372,99992,106,33,3,1,948,445,0.013931114489159133,52,25,49102,49590,735,349,0,0,0,0,0,0,98746,0,0,4,0,0,0,0,0,0,0,1242,0,0,0,0,0,0
132,5888,133.04523282226208,99992,105,33,3,1,961,453,0.01414113129050324,58,23,49086,49586,746,355,0,0,0,0,0,0,98725,0,0,5,0,0,0,0,0,0,0,1262,0,0,0,0,0,0
133,5888,134.04222281291703,99992,99,33,3,1,971,458,0.014291143291463316,72,23,49065,49583,759,358,0,0,0,0,0,0,98704,0,0,5,0,0,0,0,0,0,0,1283,0,0,0,0,0,0
134,5888,135.0395532469481,99992,105,36,3,1,987,466,0.01453116249299944,65,21,49057,49577,768,363,0,0,0,0,0,0,98689,0,0,5,0,0,0,0,0,0,0,1298,0,0,0,0,0,0
135,5888,136.09079708153232,99992,111,43,3,1,1003,474,0.014771181694535562,62,20,49044,49570,778,364,0,0,0,0,0,0,98678,0,0,5,0,0,0,0,0,0,0,1309,0,0,0,0,0,0
136,5888,137.1973383442445,99991,103,45,4,1,1028,481,0.015091358222240002,55,24,49031,49562,805,366,0,0,0,0,0,0,98640,0,0,5,0,0,0,0,0,0,0,1346,0,0,0,0,0,0
137,5888,138.19541426838384,99991,100,45,4,1,1044,488,0.015321378924103169,55,24,49020,49557,819,371,0,0,0,0,0,0,98614,0,0,5,0,0,0,0,0,0,0,1372,0,0,0,0,0,0
138,5888,139.25157658786824,99991,92,48,4,1,1058,499,0.015571401426128352,59,22,49008,49548,835,379,0,0,0,0,0,0,98584,0,0,5,0,0,0,0,0,0,0,1402,0,0,0,0,0,0
139,5888,140.25018939262196,99990,84,41,5,1,1073,504,0.015771577157715773,54,23,49003,49542,852,391,0,0,0,0,0,0,98549,0,0,5,0,0,0,0,0,0,0,1436,0,0,0,0,0,0
140,5888,141.2490543719537,99990,88,38,5,1,1085,506,0.01591159115911591,49,24,48997,49539,859,396,0,0,0,0,0,0,98536,0,0,5,0,0,0,0,0,0,0,1449,0,0,0,0,0,0
141,5888,142.24808725160065,99990,94,46,5,1,1098,515,0.01613161316131613,53,24,48984,49531,862,396,0,0,0,0,0,0,98528,0,0,5,0,0,0,0,0,0,0,1457,0,0,0,0,0,0
142,5888,143.2472434444211,99990,89,52,5,1,1105,522,0.01627162716271627,63,23,48969,49525,872,397,0,0,0,0,0,0,98515,0,0,5,0,0,0,0,0,0,0,1470,0,0,0,0,0,0
143,5888,144.2466510718171,99990,90,51,5,1,1126,526,0.016521652165216522,53,26,48960,49518,890,402,0,0,0,0,0,0,98490,0,0,5,0,0,0,0,0,0,0,1495,0,0,0,0,0,0
144,5888,145.24630315843672,99990,98,55,5,1,1147,534,0.01681168116811681,49,21,48945,49517,901,404,0,0,0,0,0,0,98473,0,0,5,0,0,0,0,0,0,0,1512,0,0,0,0,0,0
145,5888,146.2461750606912,99990,99,54,5,1,1164,541,0.017051705170517052,47,24,48934,49508,913,411,0,0,0,0,0,0,98449,0,0,5,0,0,0,0,0,0,0,1536,0,0,0,0,0,0
146,5888,147.24629109503172,99990,98,58,5,1,1178,551,0.01729172917291729,49,24,48922,49499,924,416,0,0,0,0,0,0,98429,0,0,6,0,0,0,0,0,0,0,1555,0,0,0,0,0,0
147,5888,148.24660883236038,99990,100,55,5,1,1192,559,0.017511751175117513,50,24,48911,49491,932,427,0,0,0,0,0,0,98407,0,0,7,0,0,0,0,0,0,0,1576,0,0,0,0,0,0
148,5888,149.24716312124306,99990,95,54,5,1,1205,567,0.017721772177217723,52,23,48900,49485,946,435,0,0,0,0,0,0,98380,0,0,7,0,0,0,0,0,0,0,1603,0,0,0,0,0,0
149,5888,150.24801338546249,99990,99,50,5,1,1221,568,0.017891789178917893,58,27,48881,49480,955,440,0,0,0,0,0,0,98363,0,0,7,0,0,0,0,0,0,0,1620,0,0,0,0,0,0
150,5888,151.24911390230525,99990,105,58,5,1,1237,581,0.01818181818181818,58,24,48868,49470,962,445,0,0,0,0,0,0,98348,0,0,7,0,0,0,0,0,0,0,1635,0,0,0,0,0,0
151,5888,152.2504095577532,99990,105,52,5,1,1252,583,0.01835183518351835,55,24,48857,49469,976,452,0,0,0,0,0,0,98325,0,0,7,0,0,0,0,0,0,0,1658,0,0,0,0,0,0
152,5888,153.25199495027357,99990,108,48,5,1,1269,591,0.0186018601860186,56,22,48845,49469,984,458,0,0,0,0,0,0,98299,0,0,7,0,0,0,0,0,0,0,1684,0,0,0,0,0,0
153,5888,154.25218647073362,99990,103,45,5,1,1281,596,0.01877187718771877,56,19,48835,49469,999,464,0,0,0,0,0,0,98274,0,0,7,0,0,0,0,0,0,0,1709,0,0,0,0,0,0
154,5888,155.13074565624308,99990,101,48,5,1,1292,603,0.018951895189518952,62,20,48822,49462,1008,467,0,0,0,0,0,0,98258,0,0,8,0,0,0,0,0,0,0,1724,0,0,0,0,0,0
155,5888,156.2351119096396,99990,97,44,5,1,1304,610,0.01914191419141914,63,22,48814,49453,1019,478,0,0,0,0,0,0,98231,0,0,8,0,0,0,0,0,0,0,1751,0,0,0,0,0,0
156,5888,157.23764339570482,99989,94,48,6,1,1316,618,0.019342127634039745,62,27,48810,49441,1026,481,0,0,0,0,0,0,98212,0,0,8,0,0,0,0,0,0,0,1769,0,0,0,0,0,0
157,5888,158.24025946125806,99989,102,49,6,1,1335,626,0.019612157337307104,51,23,48803,49439,1036,486,0,0,0,0,0,0,98194,0,0,8,0,0,0,0,0,0,0,1787,0,0,0,0,0,0
158,5888,159.2430450891621,99989,101,44,6,1,1350,629,0.019792177139485344,55,29,48788,49433,1048,491,0,0,0,0,0,0,98171,0,0,9,0,0,0,0,0,0,0,1809,0,0,0,0,0,0
159,5888,160.24606580866484,99989,104,42,6,1,1364,634,0.019982198041784596,62,34,48769,49426,1057,495,0,0,0,0,0,0,98153,0,0,9,0,0,0,0,0,0,0,1827,0,0,0,0,0,0
160,5888,161.2493655270229,99988,107,41,7,1,1382,644,0.020262431491779014,56,29,48765,49422,1063,505,0,0,0,0,0,0,98128,0,0,10,0,0,0,0,0,0,0,1850,0,0,0,0,0,0
161,5888,162.2528413399176,99988,108,42,7,1,1397,652,0.02049245909509141,56,25,48757,49419,1070,511,0,0,0,0,0,0,98107,0,0,10,0,0,0,0,0,0,0,1871,0,0,0,0,0,0
162,5888,163.25643565377052,99988,107,44,7,1,1413,661,0.020742489098691842,54,21,48748,49417,1082,515,0,0,0,0,0,0,98083,0,0,10,0,0,0,0,0,0,0,1895,0,0,0,0,0,0
163,5888,164.18630299724865,99988,96,43,7,1,1426,667,0.020932511901428173,55,21,48735,49415,1105,518,0,0,0,0,0,0,98052,0,0,10,0,0,0,0,0,0,0,1926,0,0,0,0,0,0
164,5888,165.222201534435,99988,100,42,7,1,1438,673,0.02111253350402048,56,22,48731,49411,1104,522,0,0,0,0,0,0,98037,0,0,10,0,0,0,0,0,0,0,1941,0,0,0,0,0,0
165,5888,166.22649529656007,99988,100,42,7,1,1452,681,0.021332559907188863,54,19,48724,49408,1113,528,0,0,0,0,0,0,98015,0,0,10,0,0,0,0,0,0,0,1963,0,0,0,0,0,0
166,5888,167.16873535049348,99988,100,49,7,1,1464,690,0.021542585110213227,57,17,48712,49402,1122,529,0,0,0,0,0,0,98001,0,0,10,0,0,0,0,0,0,0,1977,0,0,0,0,0,0
167,5888,168.11092327170257,99988,98,51,7,1,1473,695,0.02168260191222947,57,18,48706,49398,1130,530,0,0,0,0,0,0,97987,0,0,10,0,0,0,0,0,0,0,1991,0,0,0,0,0,0
168,5888,169.05052047170963,99988,92,51,7,1,1489,704,0.0219326319158299,60,25,48692,49385,1147,536,0,0,0,0,0,0,97956,0,0,10,0,0,0,0,0,0,0,2022,0,0,0,0,0,0
169,5888,170.0555740311212,99988,97,48,7,1,1502,709,0.02211265351842221,64,30,48681,49377,1149,542,0,0,0,0,0,0,97940,0,0,10,0,0,0,0,0,0,0,2038,0,0,0,0,0,0
170,5888,171.06078380511056,99988,90,49,7,1,1514,716,0.022302676321158538,60,32,48673,49370,1168,546,0,0,0,0,0,0,97916,0,0,11,0,0,0,0,0,0,0,2061,0,0,0,0,0,0
171,5888,172.06624541320588,99988,83,54,7,1,1526,727,0.022532703924470935,69,26,48655,49365,1184,552,0,0,0,0,0,0,97891,0,0,11,0,0,0,0,0,0,0,2086,0,0,0,0,0,0
172,5888,173.07203970625372,99988,94,57,7,1,1549,734,0.022832739928791455,57,26,48651,49361,1189,553,0,0,0,0,0,0,97875,0,0,11,0,0,0,0,0,0,0,2102,0,0,0,0,0,0
173,5888,174.07789834246495,99988,95,63,7,1,1568,744,0.023122774732967956,48,25,48648,49352,1200,557,0,0,0,0,0,0,97853,0,0,11,0,0,0,0,0,0,0,2124,0,0,0,0,0,0
174,5888,175.08386569934362,99988,94,65,7,1,1579,750,0.02329279513541625,51,28,48638,49344,1208,560,0,0,0,0,0,0,97837,0,0,11,0,0,0,0,0,0,0,2140,0,0,0,0,0,0
175,5888,176.09001559423697,99988,92,60,7,1,1595,755,0.023502820338440613,47,31,48628,49337,1224,569,0,0,0,0,0,0,97810,0,0,12,0,0,0,0,0,0,0,2166,0,0,0,0,0,0
176,5888,177.09643731469842,99988,94,61,7,1,1609,761,0.02370284434132096,55,34,48609,49329,1233,573,0,0,0,0,0,0,97793,0,0,12,0,0,0,0,0,0,0,2183,0,0,0,0,0,0
177,5888,178.10313767420143,99988,95,57,7,1,1624,771,0.02395287434492139,53,31,48602,49325,1241,584,0,0,0,0,0,0,97765,0,0,12,0,0,0,0,0,0,0,2211,0,0,0,0,0,0
178,5888,179.11002094503047,99988,99,59,7,1,1641,783,0.02424290914909789,54,30,48590,49316,1248,592,0,0,0,0,0,0,97742,0,0,12,0,0,0,0,0,0,0,2234,0,0,0,0,0,0
179,5888,180.11709310454893,99988,106,59,7,1,1656,789,0.024452934352122254,58,30,48575,49312,1252,596,0,0,0,0,0,0,97728,0,0,12,0,0,0,0,0,0,0,2248,0,0,0,0,0,0
180,5888,181.12434055315467,99988,106,54,7,1,1668,794,0.024622954754570547,59,38,48565,49302,1261,603,0,0,0,0,0,0,97706,0,0,12,0,0,0,0,0,0,0,2270,0,0,0,0,0,0
181,5888,182.13178784431662,99988,109,56,7,1,1689,803,0.024922990758891067,54,43,48555,49289,1273,609,0,0,0,0,0,0,97681,0,0,12,0,0,0,0,0,0,0,2295,0,0,0,0,0,0
182,5888,183.13943080293373,99988,113,67,7,1,1706,821,0.025273032763931672,59,39,48543,49275,1276,616,0,0,0,0,0,0,97661,0,0,12,0,0,0,0,0,0,0,2315,0,0,0,0,0,0
183,5888,184.1472065854204,99987,121,68,8,1,1726,834,0.025603328432696252,64,32,48522,49271,1283,626,0,0,0,0,0,0,97638,0,0,13,0,0,0,0,0,0,0,2336,0,0,0,0,0,0
184,5888,185.1552651229831,99987,115,69,8,1,1739,839,0.025783351835738644,75,38,48501,49261,1299,629,0,0,0,0,0,0,97616,0,0,14,0,0,0,0,0,0,0,2357,0,0,0,0,0,0
185,5888,186.16368890872667,99987,118,76,8,1,1761,856,0.026173402542330502,78,31,48479,49256,1315,634,0,0,0,0,0,0,97588,0,0,15,0,0,0,0,0,0,0,2384,0,0,0,0,0,0
186,5888,187.1724749069095,99987,121,72,8,1,1779,859,0.026383429845879963,78,34,48467,49250,1324,641,0,0,0,0,0,0,97566,0,0,15,0,0,0,0,0,0,0,2406,0,0,0,0,0,0
187,5888,188.1814932528507,99987,131,66,8,1,1803,869,0.02672347405162671,70,30,48455,49246,1334,655,0,0,0,0,0,0,97536,0,0,15,0,0,0,0,0,0,0,2436,0,0,0,0,0,0
188,5888,189.19080966099594,99987,135,57,8,1,1827,873,0.027003510456359327,68,37,48439,49236,1348,667,0,0,0,0,0,0,97503,0,0,15,0,0,0,0,0,0,0,2469,0,0,0,0,0,0
189,5888,190.200437901091,99987,135,61,8,1,1842,884,0.0272635442607539,74,34,48424,49229,1357,673,0,0,0,0,0,0,97481,0,0,15,0,0,0,0,0,0,0,2491,0,0,0,0,0,0
190,5888,191.2102912348284,99987,138,59,8,1,1856,893,0.027493574164641404,80,33,48411,49222,1361,683,0,0,0,0,0,0,97460,0,0,16,0,0,0,0,0,0,0,2511,0,0,0,0,0,0
191,5888,192.22039784733786,99987,134,60,8,1,1868,900,0.02768359886785282,88,34,48393,49215,1375,688,0,0,0,0,0,0,97440,0,0,18,0,0,0,0,0,0,0,2529,0,0,0,0,0,0
192,5888,193.23083645209368,99987,143,56,8,1,1894,905,0.027993639173092503,86,41,48372,49205,1389,695,0,0,0,0,0,0,97414,0,0,18,0,0,0,0,0,0,0,2555,0,0,0,0,0,0
193,5888,194.24163442827754,99987,142,58,8,1,1914,912,0.028263674277656095,97,41,48344,49200,1407,698,0,0,0,0,0,0,97389,0,0,19,0,0,0,0,0,0,0,2579,0,0,0,0,0,0
194,5888,195.2528570864528,99987,150,71,8,1,1944,930,0.02874373668576915,92,32,48327,49191,1421,703,0,0,0,0,0,0,97362,0,0,19,0,0,0,0,0,0,0,2606,0,0,0,0,0,0
195,5888,196.2643955379734,99987,154,71,8,1,1968,938,0.029063778291177855,87,35,48312,49184,1437,707,0,0,0,0,0,0,97335,0,0,20,0,0,0,0,0,0,0,2632,0,0,0,0,0,0
196,5888,197.27621506886797,99987,150,77,8,1,1986,949,0.02935381599607949,95,38,48292,49172,1453,710,0,0,0,0,0,0,97308,0,0,20,0,0,0,0,0,0,0,2659,0,0,0,0,0,0
197,5888,198.28842407593734,99987,150,72,8,1,2012,959,0.02971386280216428,90,37,48277,49164,1473,724,0,0,0,0,0,0,97267,0,0,20,0,0,0,0,0,0,0,2700,0,0,0,0,0,0
198,5888,199.3010134614123,99987,143,75,8,1,2037,969,0.03006390830808005,91,35,48257,49157,1499,730,0,0,0,0,0,0,97228,0,0,20,0,0,0,0,0,0,0,2739,0,0,0,0,0,0
199,5888,200.31405585274877,99987,144,77,8,1,2061,978,0.030393951213657774,91,36,48240,49149,1515,735,0,0,0,0,0,0,97200,0,0,22,0,0,0,0,0,0,0,2765,0,0,0,0,0,0
200,5888,201.32743806598967,99987,136,70,8,1,2080,983,0.0306339824177143,92,42,48221,49141,1541,744,0,0,0,0,0,0,97162,0,0,23,0,0,0,0,0,0,0,2802,0,0,0,0,0,0
201,5888,202.00328388311763,99986,135,69,9,1,2091,988,0.0307943112035685,99,48,48205,49132,1550,748,0,0,0,0,0,0,97145,0,0,24,0,0,0,0,0,0,0,2817,0,0,0,0,0,0
202,5888,203.01742360808453,99986,136,72,9,1,2114,998,0.031124357410037405,102,48,48184,49125,1567,752,0,0,0,0,0,0,97116,0,0,24,0,0,0,0,0,0,0,2846,0,0,0,0,0,0
203,5888,204.0319351544928,99986,146,70,9,1,2144,1008,0.031524413417878504,92,50,48168,49116,1583,761,0,0,0,0,0,0,97084,0,0,24,0,0,0,0,0,0,0,2878,0,0,0,0,0,0
204,5888,205.0467926068295,99986,143,71,9,1,2159,1020,0.03179445122317125,98,47,48153,49111,1595,768,0,0,0,0,0,0,97056,0,0,25,0,0,0,0,0,0,0,2905,0,0,0,0,0,0
205,5888,206.06193244061748,99986,152,74,9,1,2187,1035,0.032224511431600426,89,45,48139,49099,1609,779,0,0,0,0,0,0,97025,0,0,25,0,0,0,0,0,0,0,2936,0,0,0,0,0,0
206,5888,207.07737662586285,99986,139,75,9,1,2205,1049,0.0325445562378733,95,40,48121,49093,1634,789,0,0,0,0,0,0,96981,0,0,25,0,0,0,0,0,0,0,2980,0,0,0,0,0,0
207,5888,208.09325289073553,99986,139,73,9,1,2227,1060,0.032874602444342205,87,46,48111,49080,1652,798,0,0,0,0,0,0,96946,0,0,25,0,0,0,0,0,0,0,3015,0,0,0,0,0,0
208,5888,209.10948851287327,99986,131,70,9,1,2243,1073,0.033164643050027004,92,42,48096,49074,1670,811,0,0,0,0,0,0,96906,0,0,25,0,0,0,0,0,0,0,3055,0,0,0,0,0,0
209,5888,210.12605415834838,99986,137,70,9,1,2261,1084,0.033454683655711796,97,41,48077,49067,1678,819,0,0,0,0,0,0,96884,0,0,26,0,0,0,0,0,0,0,3076,0,0,0,0,0,0
210,5888,211.14287059493688,99986,139,71,9,1,2275,1096,0.033714720060808515,105,39,48063,49061,1682,826,0,0,0,0,0,0,96862,0,0,27,0,0,0,0,0,0,0,3097,0,0,0,0,0,0
211,5888,212.15992991021122,99986,146,71,9,1,2306,1108,0.034144780269237694,105,40,48041,49054,1697,832,0,0,0,0,0,0,96826,0,0,27,0,0,0,0,0,0,0,3133,0,0,0,0,0,0
212,5888,213.17731230646365,99985,154,74,10,1,2332,1119,0.03451517727659149,93,35,48032,49050,1709,838,0,0,0,0,0,0,96800,0,0,27,0,0,0,0,0,0,0,3158,0,0,0,0,0,0
213,5888,214.19499361624773,99985,149,74,10,1,2350,1129,0.034795219282892434,97,39,48018,49042,1724,842,0,0,0,0,0,0,96768,0,0,28,0,0,0,0,0,0,0,3189,0,0,0,0,0,0
214,5888,215.21294133350918,99984,147,63,11,1,2375,1133,0.03508561369819171,93,47,48007,49035,1740,852,0,0,0,0,0,0,96728,0,0,30,0,0,0,0,0,0,0,3226,0,0,0,0,0,0
215,5888,216.2312108294753,99984,144,64,11,1,2395,1142,0.0353756601056169,96,46,47988,49032,1759,855,0,0,0,0,0,0,96698,0,0,31,0,0,0,0,0,0,0,3255,0,0,0,0,0,0
216,5888,217.24984658815853,99984,144,64,11,1,2416,1147,0.03563570171227396,97,52,47972,49022,1774,859,0,0,0,0,0,0,96672,0,0,31,0,0,0,0,0,0,0,3281,0,0,0,0,0,0
217,5888,218.2687695915117,99984,147,70,11,1,2440,1161,0.036015762522003524,90,46,47964,49017,1786,864,0,0,0,0,0,0,96644,0,0,32,0,0,0,0,0,0,0,3308,0,0,0,0,0,0
218,5888,219.28794332403794,99983,142,74,12,1,2466,1175,0.03641619075242791,88,39,47946,49015,1810,869,0,0,0,0,0,0,96606,0,0,35,0,0,0,0,0,0,0,3342,0,0,0,0,0,0
219,5888,220.30755215920232,99983,143,73,12,1,2496,1185,0.036816258763989876,79,42,47928,49005,1836,877,0,0,0,0,0,0,96566,0,0,35,0,0,0,0,0,0,0,3382,0,0,0,0,0,0
220,5888,221.3276332225335,99983,143,70,12,1,2519,1191,0.0371063080723723,75,47,47918,49000,1850,880,0,0,0,0,0,0,96535,0,0,36,0,0,0,0,0,0,0,3412,0,0,0,0,0,0
221,5888,222.00782349974705,99983,139,66,12,1,2531,1198,0.03729634037786424,75,44,47910,48997,1862,890,0,0,0,0,0,0,96508,0,0,36,0,0,0,0,0,0,0,3439,0,0,0,0,0,0
222,5888,223.02836418474496,99982,136,68,12,2,2552,1209,0.03761677101878338,75,57,47896,48975,1879,896,0,0,0,0,0,0,96475,0,0,36,0,0,0,0,0,0,0,3471,0,0,0,0,0,0
223,5888,224.04920450966264,99982,138,77,12,2,2576,1226,0.03802684483206977,72,55,47883,48963,1893,901,0,0,0,0,0,0,96445,0,0,36,0,0,0,0,0,0,0,3501,0,0,0,0,0,0
224,5888,225.0702628160891,99982,136,91,12,2,2591,1247,0.038386909643735874,71,49,47875,48949,1904,907,0,0,0,0,0,0,96421,0,0,36,0,0,0,0,0,0,0,3525,0,0,0,0,0,0
225,5888,226.0914949440706,99982,132,94,12,2,2609,1261,0.03870696725410574,80,46,47857,48941,1917,915,0,0,0,0,0,0,96389,0,0,37,0,0,0,0,0,0,0,3556,0,0,0,0,0,0
226,5888,227.11306440144443,99982,141,93,12,2,2631,1273,0.03904702846512372,80,43,47843,48936,1922,924,0,0,0,0,0,0,96364,0,0,38,0,0,0,0,0,0,0,3580,0,0,0,0,0,0
227,5888,228.13488010432098,99981,139,83,12,3,2649,1279,0.03928746461827747,80,45,47828,48928,1939,939,0,0,0,0,0,0,96330,0,0,40,0,0,0,0,0,0,0,3611,0,0,0,0,0,0
228,5888,229.157021164488,99981,145,81,12,3,2675,1288,0.03963753113091487,80,54,47810,48915,1951,945,0,0,0,0,0,0,96300,0,0,41,0,0,0,0,0,0,0,3640,0,0,0,0,0,0
229,5888,230.17949889283634,99981,138,88,12,3,2690,1306,0.039967593842830135,84,51,47799,48903,1965,953,0,0,0,0,0,0,96269,0,0,43,0,0,0,0,0,0,0,3669,0,0,0,0,0,0
230,5888,231.20220958563428,99980,138,82,13,3,2713,1316,0.040298059611922385,83,53,47783,48894,1981,966,0,0,0,0,0,0,96230,0,0,43,0,0,0,0,0,0,0,3707,0,0,0,0,0,0
231,5888,232.22529453973544,99980,131,78,13,3,2732,1329,0.040618123624724944,79,51,47774,48884,2001,982,0,0,0,0,0,0,96192,0,0,48,0,0,0,0,0,0,0,3740,0,0,0,0,0,0
232,5888,233.24874964005699,99980,122,83,13,3,2748,1342,0.040908181636327264,91,56,47755,48872,2017,984,0,0,0,0,0,0,96159,0,0,48,0,0,0,0,0,0,0,3773,0,0,0,0,0,0
233,5888,234.27253573473095,99980,129,83,13,3,2770,1356,0.04126825365073015,94,51,47736,48867,2026,994,0,0,0,0,0,0,96131,0,0,49,0,0,0,0,0,0,0,3800,0,0,0,0,0,0
234,5888,235.29662341433433,99980,120,85,13,3,2783,1371,0.04154830966193239,108,48,47716,48860,2041,1002,0,0,0,0,0,0,96097,0,0,50,0,0,0,0,0,0,0,3833,0,0,0,0,0,0
235,5888,236.32106560293286,99980,125,93,13,3,2809,1385,0.041948389677935585,104,44,47698,48854,2058,1004,0,0,0,0,0,0,96071,0,0,51,0,0,0,0,0,0,0,3858,0,0,0,0,0,0
236,5888,237.0042413772392,99980,130,86,13,3,2828,1389,0.04217843568713743,102,47,47684,48849,2069,1013,0,0,0,0,0,0,96046,0,0,51,0,0,0,0,0,0,0,3883,0,0,0,0,0,0
237,5888,238.02931626591698,99978,144,87,15,3,2863,1400,0.04263938066374602,86,54,47671,48837,2082,1017,0,0,0,0,0,0,96016,0,0,52,0,0,0,0,0,0,0,3910,0,0,0,0,0,0
238,5888,239.05465427058468,99978,153,88,15,3,2890,1415,0.043059473084078495,91,48,47645,48832,2094,1027,0,0,0,0,0,0,95984,0,0,52,0,0,0,0,0,0,0,3942,0,0,0,0,0,0
239,5888,240.08041486125262,99978,154,78,15,3,2922,1427,0.04349956990537918,95,47,47617,48827,2117,1043,0,0,0,0,0,0,95931,0,0,52,0,0,0,0,0,0,0,3995,0,0,0,0,0,0
240,5888,241.10677749629102,99978,164,79,15,3,2946,1441,0.04387965352377523,98,43,47597,48819,2124,1054,0,0,0,0,0,0,95905,0,0,53,0,0,0,0,0,0,0,4020,0,0,0,0,0,0
241,5888,242.13342625607675,99978,156,83,15,3,2968,1456,0.04424973494168717,100,35,47585,48818,2142,1059,0,0,0,0,0,0,95865,0,0,54,0,0,0,0,0,0,0,4059,0,0,0,0,0,0
242,5888,243.1604500262603,99978,161,83,15,3,3000,1469,0.04469983396347196,95,35,47565,48807,2162,1070,0,0,0,0,0,0,95826,0,0,55,0,0,0,0,0,0,0,4097,0,0,0,0,0,0
243,5888,244.18794270081003,99978,163,77,15,3,3032,1480,0.04512992858428854,98,34,47538,48801,2184,1083,0,0,0,0,0,0,95782,0,0,58,0,0,0,0,0,0,0,4138,0,0,0,0,0,0
244,5888,245.21590054093878,99978,153,75,15,3,3054,1487,0.045419992398327634,98,37,47524,48793,2208,1090,0,0,0,0,0,0,95743,0,0,60,0,0,0,0,0,0,0,4175,0,0,0,0,0,0
245,5888,246.24431707356337,99978,159,78,15,3,3079,1501,0.045810078217207784,96,40,47507,48781,2221,1096,0,0,0,0,0,0,95714,0,0,61,0,0,0,0,0,0,0,4203,0,0,0,0,0,0
246,5888,247.27303363885994,99978,155,70,15,3,3102,1506,0.046090139830762766,91,46,47500,48772,2237,1107,0,0,0,0,0,0,95675,0,0,62,0,0,0,0,0,0,0,4241,0,0,0,0,0,0
247,5888,248.30205083070314,99978,165,68,15,3,3133,1515,0.046490227850127026,92,47,47475,48766,2251,1114,0,0,0,0,0,0,95645,0,0,64,0,0,0,0,0,0,0,4269,0,0,0,0,0,0
248,5888,249.33146487450574,99978,173,73,15,3,3164,1531,0.04696033127288003,91,48,47450,48755,2269,1119,0,0,0,0,0,0,95614,0,0,67,0,0,0,0,0,0,0,4297,0,0,0,0,0,0
249,5888,250.01796055427698,99978,172,71,15,3,3180,1540,0.0472103862849827,97,48,47432,48751,2282,1125,0,0,0,0,0,0,95586,0,0,67,0,0,0,0,0,0,0,4325,0,0,0,0,0,0
250,5888,251.04813501625273,99978,174,73,15,3,3206,1549,0.047560463301926426,95,50,47420,48744,2294,1128,0,0,0,0,0,0,95557,0,0,69,0,0,0,0,0,0,0,4352,0,0,0,0,0,0
251,5888,252.07860972038506,99978,165,79,15,3,3230,1567,0.0479805557222589,96,41,47405,48739,2317,1136,0,0,0,0,0,0,95514,0,0,71,0,0,0,0,0,0,0,4393,0,0,0,0,0,0
252,5888,253.109468791011,99978,160,73,15,3,3251,1574,0.04826061733581388,105,50,47386,48727,2332,1145,0,0,0,0,0,0,95477,0,0,73,0,0,0,0,0,0,0,4428,0,0,0,0,0,0
253,5888,254.14070947498166,99978,159,68,15,3,3274,1581,0.04856068335033707,105,59,47372,48716,2347,1152,0,0,0,0,0,0,95443,0,0,75,0,0,0,0,0,0,0,4460,0,0,0,0,0,0
254,5888,255.17223935671757,99978,153,70,15,3,3294,1593,0.04888075376582848,109,61,47360,48706,2361,1158,0,0,0,0,0,0,95407,0,0,75,0,0,0,0,0,0,0,4496,0,0,0,0,0,0
255,5888,256.2040979889497,99978,144,80,15,3,3321,1611,0.049330852787613275,105,53,47347,48703,2387,1159,0,0,0,0,0,0,95366,0,0,78,0,0,0,0,0,0,0,4534,0,0,0,0,0,0
256,5888,257.2363009786842,99978,154,82,15,3,3346,1625,0.04972093860649343,105,48,47332,48699,2392,1166,0,0,0,0,0,0,95339,0,0,78,0,0,0,0,0,0,0,4561,0,0,0,0,0,0
257,5888,258.2687610286659,99978,155,85,15,3,3373,1639,0.050131028826341795,107,48,47313,48689,2408,1173,0,0,0,0,0,0,95303,0,0,79,0,0,0,0,0,0,0,4596,0,0,0,0,0,0
258,5888,259.3016086903156,99978,157,81,15,3,3396,1656,0.050531116845706055,105,38,47303,48687,2418,1189,0,0,0,0,0,0,95261,0,0,79,0,0,0,0,0,0,0,4638,0,0,0,0,0,0
259,5888,260.33475336517705,99978,160,79,15,3,3420,1667,0.05088119386264978,115,39,47277,48681,2431,1196,0,0,0,0,0,0,95228,0,0,80,0,0,0,0,0,0,0,4670,0,0,0,0,0,0
260,5888,261.0237476592213,99978,161,82,15,3,3437,1675,0.05113124887475245,117,40,47267,48677,2438,1196,0,0,0,0,0,0,95208,0,0,79,1,0,0,0,0,0,0,4690,0,0,0,0,0,0
261,5888,262.0574322815016,99978,155,82,15,3,3461,1688,0.051501330292664384,117,42,47255,48663,2456,1208,0,0,0,0,0,0,95167,0,0,81,1,0,0,0,0,0,0,4729,0,0,0,0,0,0
262,5888,263.09143044959376,99978,146,80,15,3,3481,1698,0.05180139630718758,118,49,47241,48653,2478,1213,0,0,0,0,0,0,95126,0,0,81,1,0,0,0,0,0,0,4770,0,0,0,0,0,0
263,5888,264.12576383337387,99978,150,81,15,3,3501,1709,0.05211146452219488,123,53,47232,48646,2478,1215,0,0,0,0,0,0,95101,0,0,82,1,0,0,0,0,0,0,4794,0,0,0,0,0,0
264,5888,265.16025158480494,99978,154,83,15,3,3531,1726,0.052581567944947886,120,45,47216,48643,2493,1224,0,0,0,0,0,0,95062,0,0,84,1,0,0,0,0,0,0,4831,0,0,0,0,0,0
265,5888,266.19503671386354,99977,174,82,16,3,3569,1740,0.05310221350910709,112,45,47195,48636,2501,1232,0,0,0,0,0,0,95030,0,0,85,1,0,0,0,0,0,0,4861,0,0,0,0,0,0
266,5888,267.2301580635398,99976,184,81,17,3,3601,1751,0.05353284788349204,106,53,47177,48622,2514,1239,0,0,0,0,0,0,94998,0,0,86,1,0,0,0,0,0,0,4891,0,0,0,0,0,0
267,5888,268.26560118078675,99976,185,81,17,3,3627,1769,0.053972953508842125,102,59,47162,48599,2532,1256,0,0,0,0,0,0,94956,0,0,87,1,0,0,0,0,0,0,4932,0,0,0,0,0,0
268,5888,269.30142698468745,99976,179,91,17,3,3655,1793,0.054493078338801314,97,47,47147,48594,2558,1263,0,0,0,0,0,0,94909,0,0,88,1,0,0,0,0,0,0,4978,0,0,0,0,0,0
269,5888,270.3376480877077,99976,178,88,17,3,3678,1806,0.05485316475954229,106,51,47123,48580,2574,1276,0,0,0,0,0,0,94874,0,0,93,1,0,0,0,0,0,0,5008,0,0,0,0,0,0
270,5888,271.0287495737001,99976,184,90,17,3,3703,1814,0.055183243978554855,101,55,47106,48572,2590,1278,0,0,0,0,0,0,94850,0,0,94,1,0,0,0,0,0,0,5031,0,0,0,0,0,0
271,5888,272.0657825284435,99976,180,78,17,3,3736,1824,0.0556133472033288,99,54,47083,48566,2619,1297,0,0,0,0,0,0,94793,0,0,96,1,0,0,0,0,0,0,5086,0,0,0,0,0,0
272,5888,273.1033843793434,99976,178,76,17,3,3759,1837,0.05597343362406978,110,62,47057,48547,2636,1310,0,0,0,0,0,0,94755,0,0,98,1,0,0,0,0,0,0,5122,0,0,0,0,0,0
273,5888,274.14149436369485,99975,184,83,18,3,3787,1857,0.056454113528382095,107,58,47041,48536,2648,1318,0,0,0,0,0,0,94720,0,0,98,1,0,0,0,0,0,0,5156,0,0,0,0,0,0
274,5888,275.1799023512359,99975,181,80,18,3,3814,1866,0.056814203550887725,110,65,47021,48523,2668,1327,0,0,0,0,0,0,94682,0,0,100,2,0,0,0,0,0,0,5191,0,0,0,0,0,0
275,5888,276.2186902393315,99975,181,82,18,3,3841,1882,0.05724431107776944,101,76,47008,48506,2690,1331,0,0,0,0,0,0,94642,0,0,101,2,0,0,0,0,0,0,5230,0,0,0,0,0,0
276,5888,277.2578296855061,99975,186,79,18,3,3870,1892,0.057634408602150536,105,78,46985,48496,2704,1342,0,0,0,0,0,0,94608,0,0,104,2,0,0,0,0,0,0,5261,0,0,0,0,0,0
277,5888,278.297376742732,99975,190,107,18,3,3895,1924,0.058204551137784444,116,60,46957,48487,2717,1341,0,0,0,0,0,0,94584,0,0,105,2,0,0,0,0,0,0,5284,0,0,0,0,0,0
278,5888,279.33731912391636,99975,199,112,18,3,3926,1942,0.0586946736684171,116,63,46936,48468,2729,1352,0,0,0,0,0,0,94549,0,0,105,2,0,0,0,0,0,0,5319,0,0,0,0,0,0
279,5888,280.03080012100617,99974,195,112,18,4,3944,1956,0.05901534398943725,113,60,46933,48459,2739,1363,0,0,0,0,0,0,94516,0,0,108,2,0,0,0,0,0,0,5348,0,0,0,0,0,0
280,5888,281.0712374487679,99974,200,113,18,4,3972,1969,0.05942545061716046,121,62,46910,48447,2749,1372,0,0,0,0,0,0,94483,0,0,110,2,0,0,0,0,0,0,5379,0,0,0,0,0,0
281,5888,282.1120719217289,99974,202,106,18,4,4005,1985,0.05991557805029308,132,56,46877,48445,2769,1387,0,0,0,0,0,0,94431,0,0,112,2,0,0,0,0,0,0,5429,0,0,0,0,0,0
282,5888,283.15346787278065,99974,206,105,18,4,4040,1996,0.06037569768139716,129,60,46857,48435,2788,1394,0,0,0,0,0,0,94390,0,0,114,2,0,0,0,0,0,0,5468,0,0,0,0,0,0
283,5888,284.1953010865393,99974,216,103,18,4,4077,2012,0.06090583551723448,125,62,46835,48423,2804,1406,0,0,0,0,0,0,94348,0,0,117,2,0,0,0,0,0,0,5507,0,0,0,0,0,0
284,5888,285.2374961579598,99974,221,99,18,4,4111,2030,0.06142597075239562,121,68,46825,48404,2813,1423,0,0,0,0,0,0,94298,0,0,118,2,0,0,0,0,0,0,5556,0,0,0,0,0,0
285,5888,286.2800072202092,99974,231,105,18,4,4149,2048,0.06198611639026147,123,69,46791,48389,2835,1431,0,0,0,0,0,0,94263,0,0,123,2,0,0,0,0,0,0,5586,0,0,0,0,0,0
286,5888,287.3230606278868,99974,238,96,18,4,4188,2063,0.06252625682677496,123,72,46761,48374,2858,1452,0,0,0,0,0,0,94212,0,0,128,2,0,0,0,0,0,0,5632,0,0,0,0,0,0
287,5888,288.0187855862543,99974,223,96,18,4,4201,2076,0.06278632444435553,135,71,46747,48363,2875,1464,0,0,0,0,0,0,94172,0,0,129,2,0,0,0,0,0,0,5671,0,0,0,0,0,0
288,5888,289.06289894471416,99973,231,93,19,4,4240,2090,0.06331709561581628,140,71,46717,48360,2891,1470,0,0,0,0,0,0,94126,0,0,131,2,0,0,0,0,0,0,5714,0,0,0,0,0,0
289,5888,290.10746681992106,99973,252,91,19,4,4289,2107,0.06397727386394327,114,66,46705,48350,2908,1487,0,0,0,0,0,0,94080,0,0,132,2,0,0,0,0,0,0,5759,0,0,0,0,0,0
290,5888,291.152439300601,99972,232,90,20,4,4308,2119,0.06428800064017925,131,71,46683,48335,2932,1498,0,0,0,0,0,0,94029,0,0,133,2,0,0,0,0,0,0,5808,0,0,0,0,0,0
291,5888,292.19790182932485,99972,223,92,20,4,4335,2138,0.06474812947625336,135,72,46660,48321,2960,1509,0,0,0,0,0,0,93977,0,0,132,3,0,0,0,0,0,0,5860,0,0,0,0,0,0
292,5888,293.24388648820786,99972,219,93,20,4,4370,2152,0.06523826671468011,134,74,46638,48311,2987,1516,0,0,0,0,0,0,93928,0,0,135,3,0,0,0,0,0,0,5906,0,0,0,0,0,0
293,5888,294.29043562918514,99972,226,99,20,4,4410,2174,0.06585844036330173,123,64,46621,48304,3008,1527,0,0,0,0,0,0,93880,0,0,136,3,0,0,0,0,0,0,5953,0,0,0,0,0,0
294,5888,295.33736931487687,99972,224,105,20,4,4444,2190,0.0663585804025127,130,64,46592,48296,3032,1529,0,0,0,0,0,0,93835,0,0,137,3,0,0,0,0,0,0,5997,0,0,0,0,0,0
295,5888,296.0356709837068,99971,226,113,21,4,4469,2202,0.06672935151193846,129,67,46573,48286,3049,1528,0,0,0,0,0,0,93809,0,0,138,3,0,0,0,0,0,0,6021,0,0,0,0,0,0
296,5888,297.08359701580224,99971,226,114,21,4,4506,2221,0.06728951395904813,136,65,46540,48276,3075,1539,0,0,0,0,0,0,93756,0,0,140,3,0,0,0,0,0,0,6072,0,0,0,0,0,0
297,5888,298.1321798547639,99971,223,111,21,4,4535,2232,0.06768962999269788,136,69,46517,48263,3101,1551,0,0,0,0,0,0,93710,0,0,140,3,0,0,0,0,0,0,6118,0,0,0,0,0,0
298,5888,299.18124729339434,99971,237,113,21,4,4576,2252,0.06829980694401376,128,72,46499,48248,3113,1561,0,0,0,0,0,0,93665,0,0,140,3,0,0,0,0,0,0,6163,0,0,0,0,0,0
299,5888,300.23061336856574,99971,238,116,21,4,4611,2269,0.06881995778775846,127,77,46484,48230,3128,1571,0,0,0,0,0,0,93619,0,0,142,3,0,0,0,0,0,0,6207,0,0,0,0,0,0
300,5888,301.2803532498993,99970,228,122,21,5,4646,2290,0.06938081424427328,138,75,46448,48215,3163,1581,0,0,0,0,0,0,93561,0,0,144,3,0,0,0,0,0,0,6262,0,0,0,0,0,0
301,5888,302.3308059269863,99970,228,126,21,5,4679,2309,0.06990097029108733,141,77,46419,48199,3189,1591,0,0,0,0,0,0,93513,0,0,144,3,0,0,0,0,0,0,6310,0,0,0,0,0,0
302,5888,303.0314592581683,99969,212,128,22,5,4691,2324,0.07017175324350548,147,78,46405,48188,3212,1599,0,0,0,0,0,0,93476,0,0,148,3,0,0,0,0,0,0,6342,0,0,0,0,0,0
303,5888,304.08290257957105,99968,224,137,23,5,4730,2347,0.07079265364916773,141,66,46381,48185,3229,1605,0,0,0,0,0,0,93437,0,0,148,4,0,0,0,0,0,0,6379,0,0,0,0,0,0
304,5888,305.1348417815497,99968,224,140,23,5,4764,2363,0.07129281370038412,152,69,46345,48170,3254,1614,0,0,0,0,0,0,93390,0,0,148,4,0,0,0,0,0,0,6426,0,0,0,0,0,0
305,5888,306.1874714230114,99968,222,133,23,5,4794,2380,0.07176296414852752,163,70,46319,48160,3271,1630,0,0,0,0,0,0,93336,0,0,150,4,0,0,0,0,0,0,6478,0,0,0,0,0,0
306,5888,307.2405901058003,99967,227,131,23,6,4830,2400,0.0723238668760691,158,67,46298,48147,3292,1647,0,0,0,0,0,0,93285,0,0,152,4,0,0,0,0,0,0,6526,0,0,0,0,0,0
307,5888,308.2942005528393,99967,243,127,23,6,4879,2409,0.07290405833925195,160,75,46260,48141,3312,1649,0,0,0,0,0,0,93241,0,0,154,4,0,0,0,0,0,0,6568,0,0,0,0,0,0
308,5888,309.34847299915276,99967,246,131,23,6,4924,2431,0.07357427951223904,161,76,46225,48125,3343,1660,0,0,0,0,0,0,93183,0,0,156,4,0,0,0,0,0,0,6624,0,0,0,0,0,0
309,5888,310.0517043243531,99967,236,134,23,6,4943,2442,0.07387437854491982,172,74,46209,48126,3358,1658,0,0,0,0,0,0,93146,0,0,156,4,0,0,0,0,0,0,6661,0,0,0,0,0,0
310,5888,311.10708108599346,99967,234,130,23,6,4983,2458,0.07443456340592396,160,71,46187,48125,3394,1666,0,0,0,0,0,0,93087,0,0,159,4,0,0,0,0,0,0,6717,0,0,0,0,0,0
311,5888,312.1631055196571,99966,239,120,24,6,5025,2472,0.07499549846947963,157,80,46165,48107,3413,1685,0,0,0,0,0,0,93028,0,0,161,4,0,0,0,0,0,0,6773,0,0,0,0,0,0
312,5888,313.2196489186428,99966,241,130,24,6,5068,2497,0.07567572974811436,159,73,46129,48096,3445,1693,0,0,0,0,0,0,92973,0,0,162,4,0,0,0,0,0,0,6827,0,0,0,0,0,0
313,5888,314.27698034521325,99966,249,133,24,6,5108,2519,0.07629594061981074,154,74,46105,48082,3466,1703,0,0,0,0,0,0,92924,0,0,164,4,0,0,0,0,0,0,6874,0,0,0,0,0,0
314,5888,315.3347980418827,99966,256,125,24,6,5150,2531,0.07683612428225596,143,77,46086,48071,3489,1719,0,0,0,0,0,0,92874,0,0,169,4,0,0,0,0,0,0,6919,0,0,0,0,0,0
315,5888,316.0402961350269,99965,261,125,25,6,5179,2544,0.07725703996398739,138,70,46071,48070,3503,1727,0,0,0,0,0,0,92840,0,0,172,4,0,0,0,0,0,0,6949,0,0,0,0,0,0
316,5888,317.09897403192423,99965,272,127,25,6,5226,2560,0.07788726054118941,133,77,46038,48054,3530,1734,0,0,0,0,0,0,92790,0,0,172,4,0,0,0,0,0,0,6999,0,0,0,0,0,0
317,5888,318.15823050406186,99965,267,131,25,6,5258,2577,0.07837743210123543,137,86,46020,48033,3549,1742,0,0,0,0,0,0,92741,0,0,173,4,0,0,0,0,0,0,7047,0,0,0,0,0,0
318,5888,319.21788528508847,99965,247,135,25,6,5287,2600,0.07889761416495773,144,84,46000,48019,3582,1754,0,0,0,0,0,0,92677,0,0,177,4,0,0,0,0,0,0,7107,0,0,0,0,0,0
319,5888,320.27814391712974,99964,246,140,26,6,5326,2617,0.07945860509783521,154,82,45962,48012,3609,1757,1,1,1,1,0,0,92626,0,0,180,4,0,0,0,0,0,2,7152,0,0,0,0,0,0
320,5888,321.11630436200016,99964,258,139,26,6,5364,2628,0.07994878156136209,149,82,45939,48006,3624,1763,2,2,2,2,0,0,92588,0,0,182,4,0,0,0,0,0,4,7186,0,0,0,0,0,0
321,5888,322.1603891687542,99964,258,150,26,6,5389,2648,0.0803989436197031,151,76,45921,47997,3639,1766,3,3,3,3,0,0,92553,0,0,183,4,0,0,0,0,0,6,7218,0,0,0,0,0,0
322,5888,323.0188334195505,99964,253,148,26,6,5424,2667,0.0809391380897123,150,70,45907,47988,3658,1782,4,4,4,4,0,0,92491,0,0,184,4,0,0,0,0,0,8,7277,0,0,0,0,0,0
323,5888,324.0252229691484,99964,246,148,26,6,5458,2685,0.08145932535712856,146,69,45885,47973,3689,1796,6,6,6,6,0,0,92429,0,0,185,4,0,0,0,0,0,12,7334,0,0,0,0,0,0
324,5888,325.0847799531706,99964,249,137,26,6,5497,2704,0.08203953423232363,142,68,45861,47961,3712,1818,8,8,8,8,0,0,92361,0,0,186,4,0,0,0,0,0,15,7397,1,0,0,0,0,0
325,5888,326.03543019557304,99963,237,137,27,6,5529,2723,0.08255054370116943,148,66,45833,47948,3743,1830,10,11,11,10,0,0,92299,0,0,192,4,0,0,0,0,0,20,7447,1,0,0,0,0,0
326,5888,327.04769780557007,99963,245,129,27,6,5569,2733,0.08305072876964477,147,76,45805,47928,3761,1845,13,14,14,13,0,0,92246,0,0,194,4,0,0,0,0,0,25,7492,2,0,0,0,0,0
327,5888,328.0104305392098,99963,247,135,27,6,5603,2755,0.08361093604633714,150,67,45777,47922,3781,1850,16,18,18,16,0,0,92194,0,0,196,4,0,0,0,0,0,31,7535,3,0,0,0,0,0
328,5888,329.0090661537635,99963,258,128,27,6,5640,2774,0.08417114332302952,154,64,45746,47906,3793,1871,20,23,23,20,0,0,92135,0,0,198,4,0,0,0,0,0,40,7583,3,0,0,0,0,0
329,5888,330.11634270672766,99963,255,121,27,6,5692,2798,0.08493142462711203,149,56,45709,47893,3834,1894,24,28,29,24,0,0,92041,0,0,200,4,0,0,0,0,0,50,7665,3,0,0,0,0,0
330,5888,331.3111931727157,99963,257,114,27,6,5747,2814,0.08564168742434701,144,61,45671,47876,3870,1906,29,35,36,29,0,0,91960,0,0,205,4,0,0,0,0,0,60,7729,5,0,0,0,0,0
331,5888,332.02308162630186,99963,276,115,27,6,5787,2828,0.08618188729830037,127,59,45655,47865,3878,1910,35,43,44,35,0,0,91914,0,0,206,4,0,0,0,0,0,73,7760,6,0,0,0,0,0
332,5888,333.091375887393,99962,266,117,28,6,5815,2846,0.08664292431123827,136,63,45636,47839,3892,1921,40,52,53,41,0,0,91849,0,0,209,4,0,0,0,0,0,87,7806,7,0,0,0,0,0
333,5888,334.16009977654505,99962,261,115,28,6,5853,2854,0.08710309917768752,142,66,45604,47823,3917,1926,46,62,63,48,0,0,91784,0,0,212,4,0,0,0,0,0,102,7851,9,0,0,0,0,0
334,5888,335.2295403199459,99961,276,115,29,6,5899,2869,0.08771420854133112,136,64,45573,47805,3930,1936,54,72,74,56,0,0,91725,0,0,216,4,0,0,0,0,0,119,7886,11,0,0,0,0,0
335,5888,336.29964355482525,99961,269,117,29,6,5929,2884,0.08816438410980282,155,71,45531,47785,3953,1935,61,84,86,64,0,0,91659,0,0,218,4,0,0,0,0,0,137,7930,13,0,0,0,0,0
336,5888,337.01344248312216,99960,269,117,30,6,5963,2899,0.08865546218487395,151,68,45505,47765,3973,1944,70,98,100,73,0,0,91593,0,0,220,4,0,0,0,0,0,157,7970,16,0,0,0,0,0
337,5888,338.0849532048327,99960,268,112,30,6,5992,2913,0.08908563425370149,158,85,45477,47729,3985,1953,80,113,115,83,0,0,91528,0,0,225,4,0,0,0,0,0,178,8005,20,0,0,0,0,0
338,5888,339.15709696027506,99960,272,126,30,6,6036,2942,0.08981592637054822,148,75,45446,47702,4011,1959,91,130,132,94,0,0,91449,0,0,226,4,0,0,0,0,0,203,8055,23,0,0,0,0,0
339,5888,340.2299653693847,99960,282,132,30,6,6083,2962,0.09048619447779112,135,83,45407,47660,4042,1969,102,148,150,106,0,0,91373,0,0,230,4,0,0,0,0,0,232,8097,24,0,0,0,0,0
340,5888,341.3036132239325,99960,281,137,30,6,6115,2987,0.09105642256902761,142,81,45373,47624,4058,1982,114,168,170,118,0,0,91289,0,0,231,4,0,0,0,0,0,264,8148,24,0,0,0,0,0
341,5888,342.0197791531471,99960,273,148,30,6,6142,3008,0.09153661464585834,142,72,45344,47599,4082,1985,127,188,191,131,0,0,91210,0,0,231,4,0,0,0,0,0,298,8193,24,0,0,0,0,0
342,5888,343.0949037441186,99959,263,153,30,7,6175,3031,0.09209776008163346,158,84,45305,47547,4101,1996,141,211,214,145,0,0,91120,0,0,236,4,0,0,0,0,0,332,8240,27,0,0,0,0,0
343,5888,344.17090658267284,99959,269,153,30,7,6219,3053,0.09275803079262497,150,85,45272,47519,4122,1998,155,236,239,160,0,0,91026,0,0,238,4,0,0,0,0,0,368,8292,31,0,0,0,0,0
344,5888,345.2476732347629,99959,272,146,30,7,6259,3074,0.09336828099520804,154,83,45232,47484,4139,2015,171,263,266,176,0,0,90924,0,0,241,4,0,0,0,0,0,408,8348,34,0,0,0,0,0
345,5888,346.3253241354223,99958,267,140,31,7,6300,3091,0.09394945877268453,155,77,45188,47453,4171,2031,186,290,295,193,0,0,90815,0,0,246,4,0,0,0,0,0,453,8405,35,0,0,0,0,0
346,5888,347.04437821865343,99958,268,152,31,7,6326,3110,0.09439964785209788,151,70,45161,47419,4183,2029,204,321,326,211,0,0,90741,0,0,249,4,0,0,0,0,0,498,8427,39,0,0,0,0,0
347,5888,348.12386323969656,99958,275,136,31,7,6367,3129,0.09499989995798236,149,75,45126,47369,4196,2058,221,353,359,230,0,0,90632,0,0,255,4,0,0,0,0,0,544,8478,45,0,0,0,0,0
348,5888,349.2042416550493,99957,266,129,31,8,6403,3146,0.09553107836369638,163,70,45085,47335,4213,2070,240,386,394,250,0,0,90515,0,0,256,4,0,0,0,0,0,593,8538,51,0,0,0,0,0
349,5888,350.28549473272795,99957,256,128,31,8,6445,3166,0.0961513450783837,156,73,45049,47287,4247,2079,259,423,431,271,0,0,90396,0,0,262,4,0,0,0,0,0,645,8593,57,0,0,0,0,0
350,5888,351.0069410805157,99957,260,122,31,8,6472,3175,0.09651149994497633,156,78,45027,47240,4246,2088,278,462,470,293,0,0,90308,0,0,264,5,0,0,0,0,0,698,8618,64,0,0,0,0,0
351,5888,352.08983835386186,99957,269,137,31,8,6525,3210,0.09739187850775834,129,63,44993,47190,4278,2100,298,500,511,316,0,0,90185,0,0,266,5,0,0,0,0,0,759,8675,67,0,0,0,0,0
352,5888,353.1736137440291,99957,262,122,31,8,6569,3225,0.09798213231689626,133,61,44940,47143,4311,2121,321,543,554,340,0,0,90046,0,0,270,5,0,0,0,0,0,821,8743,72,0,0,0,0,0
353,5888,354.258755669328,99957,250,123,31,8,6607,3246,0.0985723861260342,140,67,44896,47080,4340,2134,341,586,599,365,0,0,89914,0,0,271,6,0,0,0,0,0,886,8803,77,0,0,0,0,0
354,5888,355.3450237571757,99957,259,117,31,8,6644,3262,0.09910261412407335,133,79,44866,47013,4345,2149,364,632,647,391,0,0,89796,0,0,272,6,0,0,0,0,0,955,8846,82,0,0,0,0,0
355,5888,356.06958801426725,99957,243,116,31,8,6665,3272,0.09941274748141701,134,83,44838,46958,4362,2153,390,680,697,418,0,0,89676,0,0,273,6,0,0,0,0,0,1028,8888,86,0,0,0,0,0
356,5888,357.157459210913,99956,238,124,32,8,6706,3299,0.1000940413782064,133,78,44794,46896,4383,2161,418,731,750,446,0,0,89541,0,0,280,6,0,0,0,0,0,1105,8934,90,0,0,0,0,0
357,5888,358.2463806328645,99956,244,129,32,8,6746,3321,0.10071431429829125,141,77,44746,46829,4390,2170,445,785,805,475,0,0,89416,0,0,282,6,0,0,0,0,0,1181,8973,98,0,0,0,0,0
358,5888,359.3363177629481,99955,240,136,32,9,6782,3348,0.10134560552248512,146,66,44703,46773,4402,2176,475,838,863,505,0,0,89280,0,0,286,6,0,0,0,0,0,1261,9016,106,0,0,0,0,0
359,5888,360.06350456110505,99955,233,138,32,9,6809,3362,0.1017557901055475,139,64,44663,46711,4426,2182,505,894,923,536,0,0,89151,0,0,289,6,0,0,0,0,0,1347,9051,111,0,0,0,0,0
360,5888,361.1554774164061,99955,232,135,32,9,6841,3384,0.10229603321494672,138,63,44627,46645,4435,2192,534,954,986,568,0,0,89012,0,0,291,6,0,0,0,0,0,1430,9093,123,0,0,0,0,0
361,5888,362.24853193494766,99955,209,131,32,9,6871,3402,0.10277624931219048,139,62,44581,46580,4470,2203,567,1013,1051,602,0,0,88857,0,0,296,6,0,0,0,0,0,1515,9144,137,0,0,0,0,0
362,5888,363.3429381487024,99955,207,125,32,9,6910,3417,0.10331649242158972,132,61,44534,46514,4493,2214,600,1075,1119,637,0,0,88705,0,0,300,7,0,0,0,0,0,1610,9189,144,0,0,0,0,0
363,5888,364.07323970843527,99955,216,130,32,9,6933,3433,0.10370666800060027,132,58,44493,46441,4491,2219,634,1141,1189,673,0,0,88580,0,0,301,7,0,0,0,0,0,1711,9207,149,0,0,0,0,0
364,5888,365.16990175768865,99954,213,134,33,9,6971,3454,0.10429797706945194,130,57,44437,46364,4517,2224,668,1210,1262,710,0,0,88427,0,0,306,7,0,0,0,0,0,1811,9244,159,0,0,0,0,0
365,5888,366.26784526055417,99954,217,135,33,9,7011,3473,0.1048882485943534,119,59,44396,46284,4528,2231,705,1280,1338,748,0,0,88269,0,0,312,7,0,0,0,0,0,1921,9282,163,0,0,0,0,0
366,5888,367.0004157966864,99954,214,136,33,9,7034,3487,0.10525841887268143,113,55,44366,46208,4531,2234,741,1356,1417,787,0,0,88122,0,0,312,7,0,0,0,0,0,2029,9311,173,0,0,0,0,0
367,5888,368.10036170693917,99954,214,142,33,9,7062,3507,0.10573863977429618,108,56,44330,46119,4534,2238,779,1434,1498,828,0,0,87972,0,0,318,7,0,0,0,0,0,2143,9333,181,0,0,0,0,0
368,5888,369.2012081730849,99954,194,138,33,9,7082,3525,0.10611881465474118,125,69,44274,46026,4553,2245,819,1511,1582,870,0,0,87797,0,0,320,7,0,0,0,0,0,2258,9380,192,0,0,0,0,0
369,5888,370.30349416691445,99954,197,134,33,9,7117,3538,0.10659903555635593,115,73,44232,45949,4561,2245,860,1588,1669,913,0,0,87636,0,0,324,8,0,0,0,0,0,2375,9407,204,0,0,0,0,0
370,5888,371.03896635009266,99954,209,129,33,9,7140,3548,0.10692918742621606,107,80,44192,45866,4553,2249,904,1665,1759,957,0,0,87491,0,0,326,8,0,0,0,0,0,2496,9416,217,0,0,0,0,0
371,5888,372.14329680479955,99954,190,123,33,9,7161,3566,0.10731936690877804,109,78,44151,45780,4568,2260,947,1748,1852,1002,0,0,87308,0,0,330,8,0,0,0,0,0,2619,9457,232,0,0,0,0,0
372,5888,373.2489153963712,99953,195,128,34,9,7197,3586,0.1078807039308475,122,74,44083,45689,4575,2261,989,1837,1947,1049,0,0,87139,0,0,331,8,0,0,0,0,0,2743,9482,250,0,0,0,0,0
373,5888,374.35588347688565,99952,194,137,35,9,7231,3613,0.10849207619657436,123,63,44021,45595,4590,2268,1035,1926,2045,1097,0,0,86953,0,0,334,8,0,0,0,0,0,2879,9518,260,0,0,0,0,0
374,5888,375.09468666098536,99952,203,134,35,9,7258,3624,0.1088722586841684,118,59,43973,45511,4591,2262,1078,2023,2146,1146,0,0,86795,0,0,337,8,0,0,0,0,0,3008,9523,281,0,0,0,0,0
375,5888,376.2044556056,99951,206,126,36,9,7290,3640,0.10935358325579533,118,69,43922,45404,4595,2272,1121,2118,2250,1196,0,0,86607,0,0,338,9,0,0,0,0,0,3146,9554,297,0,0,0,0,0
376,5888,377.3154574340827,99950,219,131,37,9,7330,3661,0.10996498249124562,117,68,43863,45298,4594,2274,1168,2218,2357,1248,0,0,86425,0,0,342,10,0,0,0,0,0,3290,9572,311,0,0,0,0,0
377,5888,378.0568994931771,99950,222,127,37,9,7353,3677,0.1103551775887944,121,71,43792,45192,4606,2277,1220,2322,2467,1301,0,0,86244,0,0,345,10,0,0,0,0,0,3434,9587,330,0,0,0,0,0
378,5888,379.1708150571551,99950,224,134,37,9,7389,3703,0.11097548774387193,110,69,43757,45076,4602,2284,1268,2426,2580,1355,0,0,86044,0,0,348,10,0,0,0,0,0,3584,9617,347,0,0,0,0,0
379,5888,380.2859164573349,99950,218,129,37,9,7427,3724,0.11156578289144573,101,68,43707,44968,4618,2297,1317,2527,2695,1410,0,0,85831,0,0,354,11,0,0,0,0,0,3734,9654,366,0,0,0,0,0
380,5888,381.0301131519985,99950,213,125,37,9,7448,3733,0.11186593296648324,102,64,43650,44863,4626,2296,1370,2641,2813,1467,0,0,85642,0,0,356,11,0,0,0,0,0,3886,9666,389,0,0,0,0,0
381,5888,382.1481189480893,99950,205,125,37,9,7479,3756,0.11240620310155078,100,64,43604,44748,4636,2297,1416,2755,2934,1525,0,0,85422,0,0,360,12,0,0,0,0,0,4050,9702,404,0,0,0,0,0
382,5888,383.26736680258784,99950,210,117,37,9,7509,3765,0.11279639819909955,100,78,43560,44620,4624,2304,1467,2870,3058,1584,0,0,85219,0,0,361,13,0,0,0,0,0,4214,9720,423,0,0,0,0,0
383,5888,384.01418174708965,99950,213,116,37,9,7530,3778,0.11313656828414208,109,83,43502,44492,4613,2304,1524,2994,3185,1644,0,0,85024,0,0,365,13,0,0,0,0,0,4381,9724,443,0,0,0,0,0
384,5888,385.13595372354195,99950,192,122,37,9,7553,3805,0.1136368184092046,118,77,43434,44364,4635,2310,1582,3116,3315,1705,0,0,84792,0,0,367,14,0,0,0,0,0,4551,9763,463,0,0,0,0,0
385,5888,386.25952266379863,99950,189,131,37,9,7582,3828,0.11415707853926964,129,69,43363,44252,4649,2303,1631,3234,3448,1768,0,0,84574,0,0,371,15,0,0,0,0,0,4728,9781,481,0,0,0,0,0
386,5888,387.00952607558503,99950,194,126,37,9,7615,3842,0.11462731365682842,118,73,43295,44118,4665,2312,1689,3360,3583,1832,0,0,84350,0,0,372,15,0,0,0,0,0,4906,9805,502,0,0,0,0,0
387,5888,388.1366607275544,99950,199,131,37,9,7654,3864,0.1152376188094047,107,67,43238,43986,4667,2317,1750,3488,3721,1897,0,0,84121,0,0,376,16,0,0,0,0,0,5089,9827,521,0,0,0,0,0
388,5888,389.26542531523825,99950,201,127,37,9,7684,3886,0.11575787893946973,109,61,43173,43855,4670,2325,1808,3621,3862,1963,0,0,83890,0,0,376,18,0,0,0,0,0,5268,9851,547,0,0,0,0,0
389,5888,390.0188804120008,99950,207,125,37,9,7711,3896,0.116128064032016,99,61,43115,43723,4668,2320,1872,3760,4006,2031,0,0,83671,0,0,376,18,0,0,0,0,0,5454,9858,573,0,0,0,0,0
390,5888,391.1508698771838,99950,210,125,37,9,7739,3906,0.11650825412706353,110,70,43050,43588,4657,2315,1934,3891,4153,2100,0,0,83449,0,0,377,19,0,0,0,0,0,5643,9863,599,0,0,0,0,0
391,5888,392.28442925382507,99950,210,130,37,9,7777,3930,0.11712856428214106,109,61,42980,43450,4669,2320,1993,4028,4302,2170,0,0,83194,0,0,376,20,0,0,0,0,0,5841,9900,619,0,0,0,0,0
392,5888,393.0411060932686,99950,199,132,37,9,7792,3941,0.11738869434717358,111,64,42920,43316,4667,2310,2064,4167,4454,2241,0,0,82966,0,0,377,20,0,0,0,0,0,6035,9904,648,0,0,0,0,0
393,5888,394.17815285855,99950,209,137,37,9,7826,3959,0.11790895447723862,111,62,42846,43180,4671,2309,2124,4301,4609,2313,0,0,82723,0,0,380,22,0,0,0,0,0,6246,9917,662,0,0,0,0,0
394,5888,395.31695963555194,99950,218,127,37,9,7868,3972,0.1184592296148074,114,64,42768,43049,4673,2315,2188,4434,4766,2387,0,0,82468,0,0,384,23,0,0,0,0,0,6450,9937,688,0,0,0,0,0
395,5888,396.07723971278597,99950,203,133,37,9,7882,3987,0.11874937468734367,123,55,42694,42915,4686,2310,2255,4576,4926,2462,0,0,82230,0,0,389,23,0,0,0,0,0,6655,9935,718,0,0,0,0,0
396,5888,397.2201001227217,99950,194,131,37,9,7912,4008,0.11925962981490745,122,57,42622,42765,4705,2316,2318,4720,5088,2538,0,0,81960,0,0,395,23,0,0,0,0,0,6869,9961,742,0,0,0,0,0
397,5888,398.3651091753662,99949,193,125,38,9,7943,4021,0.11970104753424246,128,61,42536,42621,4714,2317,2389,4865,5253,2615,0,0,81697,0,0,399,23,0,0,0,0,0,7085,9977,768,0,0,0,0,0
398,5888,399.12964057633724,99949,203,128,38,9,7971,4034,0.12011125674093788,117,61,42467,42464,4711,2316,2462,5020,5421,2693,0,0,81442,0,0,401,24,0,0,0,0,0,7316,9983,783,0,0,0,0,0
399,5888,400.2787240698323,99949,199,133,38,9,8001,4052,0.12059150166584959,125,60,42383,42317,4721,2312,2532,5167,5591,2773,0,0,81177,0,0,406,25,0,0,0,0,0,7540,9993,808,0,0,0,0,0
400,5888,401.0459953369759,99949,192,137,38,9,8020,4066,0.12092167005172638,141,55,42294,42170,4727,2301,2606,5326,5763,2854,0,0,80921,0,0,408,26,0,0,0,0,0,7763,9994,837,0,0,0,0,0
401,5888,402.19954401586926,99949,195,138,38,9,8063,4083,0.121521976207866,137,56,42220,42014,4730,2308,2678,5473,5938,2936,0,0,80636,0,0,411,27,0,0,0,0,0,7996,10019,860,0,0,0,0,0
402,5888,403.3552523067219,99949,203,141,38,9,8104,4104,0.1221422925692103,121,56,42139,41850,4747,2310,2750,5632,6115,3019,0,0,80343,0,0,414,27,0,0,0,0,0,8241,10049,875,0,0,0,0,0
403,5888,404.1269804135748,99949,203,144,38,9,8127,4118,0.1225124813654964,116,55,42067,41679,4748,2308,2826,5803,6294,3103,0,0,80076,0,0,419,27,0,0,0,0,0,8479,10048,900,0,0,0,0,0
404,5888,405.2868794777501,99949,202,126,38,9,8165,4129,0.12300273139301043,109,65,42005,41515,4741,2321,2903,5962,6476,3188,0,0,79780,0,0,422,29,0,0,0,0,0,8712,10074,932,0,0,0,0,0
405,5888,406.0612406296638,99949,205,114,38,9,8191,4138,0.12335290998409189,101,67,41932,41349,4739,2332,2983,6127,6660,3275,0,0,79498,0,0,423,29,0,0,0,0,0,8951,10084,964,0,0,0,0,0
406,5888,407.2251759141621,99949,205,104,38,9,8213,4150,0.123693083472571,112,72,41853,41195,4735,2330,3055,6288,6846,3363,0,0,79220,0,0,426,30,0,0,0,0,0,9189,10085,999,0,0,0,0,0
407,5888,408.00230373741914,99949,203,104,38,9,8243,4165,0.12414331308967573,100,68,41779,41046,4741,2324,3137,6447,7034,3452,0,0,78931,0,0,427,31,0,0,0,0,0,9433,10096,1031,0,0,0,0,0
408,5888,409.17058730218287,99949,208,103,38,9,8276,4183,0.12465357332239442,100,72,41698,40868,4739,2326,3215,6620,7224,3542,0,0,78645,0,0,437,31,0,0,0,0,0,9682,10092,1062,0,0,0,0,0
409,5888,410.34107016979794,99949,205,112,38,9,8304,4208,0.12518384376031777,107,66,41620,40703,4740,2315,3288,6793,7416,3633,0,0,78365,0,0,441,33,0,0,0,0,0,9921,10085,1104,0,0,0,0,0
410,5888,411.12259946785633,99949,196,118,38,9,8320,4224,0.12550400704359224,110,62,41550,40541,4738,2303,3366,6965,7610,3725,0,0,78087,0,0,440,37,0,0,0,0,0,10170,10075,1140,0,0,0,0,0
411,5888,412.29730705299744,99949,187,125,38,9,8347,4244,0.1259742468659016,103,60,41471,40361,4748,2306,3451,7137,7806,3818,0,0,77782,0,0,443,37,0,0,0,0,0,10429,10088,1170,0,0,0,0,0
412,5888,413.0818180089351,99949,192,122,38,9,8377,4259,0.12642447648300634,98,57,41380,40191,4752,2305,3538,7314,8004,3912,0,0,77493,0,0,445,40,0,0,0,0,0,10680,10083,1208,0,0,0,0,0
413,5888,414.26141748893485,99949,187,124,38,9,8403,4275,0.12684469079230407,102,57,41306,40030,4751,2297,3614,7481,8204,4007,0,0,77195,0,0,442,45,0,0,0,0,0,10936,10088,1243,0,0,0,0,0
414,5888,415.04906898057095,99949,197,123,38,9,8429,4284,0.12719486938338553,92,61,41219,39847,4752,2297,3700,7661,8406,4103,0,0,76894,0,0,441,46,0,0,0,0,0,11211,10092,1265,0,0,0,0,0
415,5888,416.23335120809406,99949,195,127,38,9,8466,4306,0.12778517043692283,97,57,41128,39687,4763,2295,3777,7823,8609,4200,0,0,76570,0,0,442,48,0,0,0,0,0,11481,10115,1293,0,0,0,0,0
416,5888,417.02426080268856,99949,197,119,38,9,8492,4316,0.1281453541306066,97,57,41045,39514,4763,2288,3858,8011,8814,4298,0,0,76266,0,0,444,48,0,0,0,0,0,11745,10114,1332,0,0,0,0,0
417,5888,418.21356775810676,99949,193,114,38,9,8518,4330,0.1285455582346997,97,59,40960,39335,4768,2290,3942,8191,9021,4397,0,0,75949,0,0,451,51,0,0,0,0,0,12024,10117,1357,0,0,0,0,0
418,5888,419.0077941918849,99949,196,122,38,9,8539,4345,0.12890574192838347,87,55,40881,39147,4764,2287,4032,8378,9229,4497,0,0,75646,0,0,452,51,0,0,0,0,0,12303,10111,1386,0,0,0,0,0
419,5888,420.20202819749244,99948,194,124,39,9,8563,4366,0.12935726577820467,139,75,40763,38946,4750,2289,4113,8555,9439,4598,0,0,75336,11,1,450,55,0,0,0,0,0,12570,10100,1425,0,0,0,0,0
420,5888,421.28996900830987,99948,206,127,39,9,8603,4387,0.12996758314323448,153,90,40661,38747,4740,2290,4199,8735,9650,4700,0,0,75013,53,3,451,56,0,0,0,0,0,12849,10067,1456,0,0,0,0,0
421,5888,422.0165681765543,99948,218,125,39,9,8636,4399,0.13041781726497778,147,101,40573,38564,4732,2273,4289,8926,9863,4803,0,0,74718,81,4,455,58,0,0,0,0,0,13115,10014,1503,0,0,0,0,0
422,5888,423.10909875704516,99948,232,126,39,9,8681,4421,0.13108816584624006,169,110,40449,38378,4735,2274,4374,9101,10077,4907,0,0,74384,125,10,455,60,0,0,0,0,0,13399,9986,1529,0,0,0,0,0
423,5888,424.2044272932777,99948,247,141,39,9,8728,4455,0.131898587265378,184,108,40333,38190,4739,2274,4456,9276,10292,5012,0,0,74052,167,15,458,61,0,0,0,0,0,13684,9953,1558,0,0,0,0,0
424,5888,425.30256232689027,99948,261,149,39,9,8779,4488,0.13273902429263218,190,108,40230,37990,4735,2282,4543,9460,10508,5118,0,0,73724,212,26,462,63,0,0,0,0,0,13956,9910,1595,0,0,0,0,0
425,5888,426.03600380462956,99948,276,158,39,9,8819,4511,0.1333693520630728,204,118,40102,37779,4737,2279,4640,9655,10725,5225,0,0,73401,246,27,463,66,0,0,0,0,0,14244,9874,1627,0,0,0,0,0
426,5888,427.13965796112063,99948,285,176,39,9,8880,4549,0.13435986713090808,223,123,39980,37573,4749,2274,4722,9843,10944,5333,0,0,73054,304,33,464,71,0,0,0,0,0,14527,9833,1662,0,0,0,0,0
427,5888,428.24617490661745,99947,300,186,40,9,8948,4585,0.1354017629343552,228,119,39871,37382,4765,2280,4794,10022,11164,5441,0,0,72700,362,43,470,74,0,0,0,0,0,14812,9793,1693,0,0,0,0,0
428,5888,429.35556593114825,99947,335,190,40,9,9027,4626,0.13660239927161397,219,111,39739,37185,4785,2298,4880,10205,11384,5550,0,0,72336,431,49,474,75,0,0,0,0,0,15101,9754,1727,0,0,0,0,0
429,5888,430.0969727744554,99947,333,192,40,9,9063,4647,0.13717270153181185,242,113,39611,36981,4798,2309,4974,10394,11605,5660,0,0,71996,470,55,483,77,0,0,0,0,0,15396,9714,1756,0,0,0,0,0
430,5888,431.21301772917445,99947,345,188,40,9,9130,4677,0.13814321590442935,253,135,39478,36767,4822,2322,5060,10577,11827,5771,0,0,71627,539,65,492,78,0,0,0,0,0,15686,9672,1788,0,0,0,0,0
431,5888,432.3324049430075,99947,372,186,40,9,9207,4705,0.13919377269953076,262,157,39329,36571,4845,2325,5150,10750,12050,5883,0,0,71264,604,76,491,83,0,0,0,0,0,15973,9636,1820,0,0,0,0,0
432,5888,433.0807300926851,99947,390,190,40,9,9263,4731,0.1400142075299909,256,174,39214,36365,4856,2325,5242,10935,12274,5995,0,0,70909,652,82,495,84,0,0,0,0,0,16274,9602,1849,0,0,0,0,0
433,5888,434.20690482115464,99947,392,209,40,9,9327,4780,0.1411448067475762,275,166,39078,36173,4885,2329,5328,11112,12498,6108,0,0,70540,722,91,501,90,0,0,0,0,0,16564,9557,1882,0,0,0,0,0
434,5888,435.3367756491853,99945,412,213,42,9,9401,4823,0.1423182750512782,304,174,38931,35973,4896,2338,5413,11291,12723,6222,0,0,70179,781,110,507,96,0,0,0,0,0,16845,9511,1916,0,0,0,0,0
435,5888,436.0919344579245,99944,420,210,42,10,9463,4855,0.1432602257264068,310,169,38797,35773,4915,2358,5514,11478,12949,6337,0,0,69811,842,130,513,97,0,0,0,0,0,17131,9471,1949,0,0,0,0,0
436,5888,437.2289599992243,99943,445,222,43,10,9542,4899,0.14449236064556797,328,172,38659,35568,4926,2371,5597,11655,13175,6452,0,0,69438,908,142,518,99,0,0,0,0,0,17425,9431,1982,0,0,0,0,0
437,5888,438.3696743251225,99942,472,224,43,11,9639,4943,0.14590462468231574,340,185,38503,35372,4960,2382,5680,11824,13402,6568,0,0,69043,990,166,520,102,0,0,0,0,0,17713,9398,2010,0,0,0,0,0
438,5888,439.13238001425157,99942,486,244,43,11,9698,4985,0.14691521082227693,356,174,38362,35167,4968,2385,5783,12017,13629,6685,0,0,68686,1040,175,524,106,0,0,0,0,0,18011,9357,2043,0,0,0,0,0
439,5888,440.2808978793278,99942,518,246,43,11,9816,5023,0.14847611614736547,394,192,38165,34970,5010,2393,5868,12186,13856,6802,0,0,68292,1129,194,532,112,0,0,0,0,0,18297,9310,2076,0,0,0,0,0
440,5888,441.04916584591126,99942,514,259,43,11,9879,5060,0.1494766964839607,424,198,38010,34762,5044,2394,5963,12374,14084,6920,0,0,67930,1192,210,539,116,0,0,0,0,0,18579,9256,2120,0,0,0,0,0
441,5888,442.20666048246414,99942,531,271,43,11,9984,5112,0.1510476076124152,450,201,37858,34549,5081,2411,6035,12555,14312,7039,0,0,67520,1292,224,546,121,0,0,0,0,0,18873,9212,2154,0,0,0,0,0
442,5888,443.3683632784462,99941,588,285,44,11,10132,5178,0.15319038232557208,432,202,37685,34343,5125,2435,6124,12722,14540,7158,0,0,67108,1390,252,552,127,0,0,0,0,0,19156,9170,2186,0,0,0,0,0
443,5888,444.14536681133444,99941,633,294,44,11,10224,5218,0.15451116158533534,415,200,37548,34160,5136,2435,6222,12898,14768,7278,0,0,66734,1449,269,553,128,0,0,0,0,0,19454,9136,2218,0,0,0,0,0
444,5888,445.31563836144863,99941,666,305,44,11,10354,5272,0.15635224782621746,454,205,37344,33978,5189,2454,6301,13045,14996,7398,0,0,66330,1549,301,556,133,0,0,0,0,0,19726,9089,2257,0,0,0,0,0
445,5888,446.0987544283321,99941,671,325,44,11,10443,5321,0.15773306250687905,477,215,37182,33756,5232,2455,6392,13236,15224,7519,0,0,65949,1623,325,561,141,0,0,0,0,0,20009,9040,2293,0,0,0,0,0
446,5888,447.2788938317838,99940,661,347,45,11,10573,5388,0.15970582349409645,495,238,36997,33532,5325,2478,6475,13392,15452,7641,0,0,65512,1752,355,577,148,0,0,0,0,0,20286,8979,2331,0,0,0,0,0
447,5888,448.06875715820695,99939,706,352,46,11,10686,5426,0.1612183431893455,499,267,36826,33309,5351,2493,6570,13566,15680,7763,0,0,65115,1828,372,581,151,0,0,0,0,0,20589,8945,2358,0,0,0,0,0
448,5888,449.25893846914977,99937,740,378,48,11,10839,5510,0.16359306363008697,528,289,36631,33068,5411,2531,6640,13721,15908,7886,0,0,64674,1944,411,592,157,0,0,0,0,0,20871,8905,2383,0,0,0,0,0
449,5888,450.0552968072117,99937,771,403,48,11,10943,5574,0.1652741226972993,572,283,36439,32869,5439,2534,6729,13898,16136,8009,0,0,64281,2024,431,599,161,0,0,0,0,0,21163,8860,2418,0,0,0,0,0
450,5888,451.2558529852825,99936,815,420,48,12,11118,5670,0.1679875120076849,579,293,36224,32635,5516,2590,6816,14048,16363,8133,0,0,63841,2150,470,626,172,1,0,0,0,0,21433,8796,2447,0,0,0,0,0
451,5888,452.05985412913174,99935,849,435,48,13,11226,5732,0.1696902986941512,625,295,36020,32427,5549,2615,6907,14213,16590,8257,0,0,63430,2245,486,624,179,2,0,0,0,0,21732,8760,2477,0,0,0,0,0
452,5888,453.272411922144,99934,901,431,48,14,11434,5817,0.1726239317949847,624,316,35797,32202,5658,2679,6970,14356,16817,8381,0,0,62938,2421,525,640,190,2,0,0,0,0,22007,8707,2504,0,0,0,0,0
453,5888,454.08447689987236,99933,922,451,49,14,11569,5882,0.17462700009006035,601,337,35635,31987,5732,2695,7059,14514,17044,8506,0,0,62508,2534,555,651,192,2,0,0,0,0,22291,8660,2540,0,0,0,0,0
454,5888,455.30919568919455,99933,941,466,49,14,11746,5972,0.1772987901894269,637,356,35415,31759,5823,2734,7133,14669,17270,8631,0,0,62036,2689,601,668,204,2,0,0,0,0,22559,8609,2565,0,0,0,0,0
455,5888,456.1293061539597,99933,979,480,49,14,11896,6042,0.17950026517766904,650,362,35206,31540,5893,2762,7221,14840,17496,8757,0,0,61618,2795,643,682,207,3,0,0,0,0,22827,8556,2602,0,0,0,0,0
456,5888,457.3669487624322,99931,995,519,51,14,12108,6153,0.18273608790065146,675,353,34967,31325,6024,2799,7286,14988,17721,8883,0,0,61127,2966,699,706,216,4,0,0,0,0,23086,8499,2628,0,0,0,0,0
457,5888,458.19649844801177,99929,996,522,52,15,12226,6216,0.18455103123217484,712,377,34786,31114,6081,2830,7371,15140,17946,9009,0,0,60705,3068,742,721,221,5,0,0,0,0,23354,8451,2662,0,0,0,0,0
458,5888,459.0299469417747,99929,997,535,52,15,12358,6292,0.18663250908144782,758,385,34564,30916,6164,2860,7463,15287,18170,9136,0,0,60276,3198,777,732,233,7,0,0,0,0,23616,8388,2702,0,0,0,0,0
459,5888,460.2885354776788,99929,1019,579,52,15,12573,6425,0.19011498163696225,805,389,34308,30698,6282,2898,7532,15419,18393,9263,0,0,59768,3382,822,769,238,7,0,0,0,0,23885,8324,2734,0,0,0,0,0
460,5888,461.1320437768637,99929,1044,590,52,15,12729,6514,0.19256672237288475,816,402,34107,30483,6360,2949,7619,15559,18616,9390,0,0,59340,3499,882,789,247,7,0,0,0,0,24133,8265,2767,0,0,0,0,0
461,5888,462.4055712055784,99929,1128,587,52,15,13024,6636,0.1967396851764753,780,427,33859,30257,6499,3040,7680,15672,18838,9518,0,0,58794,3723,957,815,253,7,0,0,0,0,24376,8210,2794,0,0,0,0,0
462,5888,463.2591925726081,99929,1154,601,52,15,13198,6740,0.199521660378869,781,431,33658,30035,6594,3095,7759,15821,19059,9646,0,0,58335,3876,1021,820,264,7,0,0,0,0,24615,8160,2831,0,0,0,0,0
463,5888,464.1176592566877,99928,1187,632,53,15,13374,6839,0.202275638459691,809,415,33428,29823,6685,3131,7836,15982,19280,9774,0,0,57891,4001,1076,836,273,8,0,0,0,0,24875,8113,2855,0,0,0,0,0
464,5888,465.4147130587108,99928,1253,649,53,15,13655,6968,0.20637859258666238,843,422,33135,29620,6817,3205,7897,16087,19500,9902,0,0,57376,4198,1147,874,284,9,0,0,0,0,25115,8044,2881,0,0,0,0,0
465,5888,466.28481864213245,99926,1262,653,55,15,13827,7051,0.20893461161259333,886,429,32907,29430,6912,3248,7976,16223,19719,10031,0,0,56932,4326,1222,897,294,9,0,0,0,0,25350,7988,2908,0,0,0,0,0
466,5888,467.160405623369,99926,1247,670,55,15,14000,7152,0.21167664071412845,891,437,32719,29218,7030,3292,8056,16366,19937,10160,0,0,56465,4490,1296,918,303,9,0,0,0,0,25576,7922,2947,0,0,0,0,0
467,5888,468.0410953204535,99925,1314,682,56,15,14204,7243,0.21463097322992244,875,458,32518,29005,7099,3338,8136,16500,20154,10289,0,0,56023,4620,1351,934,311,9,0,0,0,0,25827,7870,2980,0,0,0,0,0
468,5888,469.371101707029,99924,1335,695,57,15,14521,7390,0.21927665025419318,869,450,32219,28815,7325,3424,8193,16599,20371,10418,0,0,55435,4892,1443,974,323,10,0,0,0,0,26042,7797,3008,0,0,0,0,0
469,5888,470.2642216796835,99923,1361,709,58,15,14731,7483,0.22231117960829838,868,465,32000,28628,7443,3459,8268,16722,20587,10547,0,0,54976,5039,1505,1004,335,10,0,0,0,0,26282,7731,3041,0,0,0,0,0
470,5888,471.1631728564699,99921,1370,710,60,15,14941,7581,0.22539806447093202,901,491,31758,28407,7582,3522,8327,16853,20802,10677,0,0,54502,5194,1591,1035,348,10,0,0,0,0,26505,7669,3067,0,0,0,0,0
471,5888,472.0684080031458,99920,1408,736,61,15,15135,7691,0.22844275420336269,930,499,31548,28195,7656,3564,8395,16989,21016,10807,0,0,54076,5315,1665,1059,358,10,0,0,0,0,26728,7603,3106,0,0,0,0,0
472,5888,473.4363397316762,99918,1441,757,63,15,15456,7869,0.23344142196601214,959,500,31248,27989,7843,3675,8444,17062,21229,10937,0,0,53501,5578,1775,1098,375,10,0,0,0,0,26917,7529,3135,0,0,0,0,0
473,5888,474.35466412785405,99916,1454,790,65,15,15667,7998,0.23684895312062132,1012,478,31003,27817,7957,3730,8507,17168,21441,11067,0,0,53027,5743,1867,1119,383,11,0,0,0,0,27128,7473,3165,0,0,0,0,0
474,5888,475.27951223693964,99915,1487,801,66,15,15899,8123,0.24042436070660061,1009,468,30787,27601,8083,3810,8566,17303,21652,11197,0,0,52543,5907,1953,1154,397,11,0,0,0,0,27349,7416,3185,0,0,0,0,0
475,5888,476.21065097865346,99912,1495,793,68,16,16134,8223,0.24378453038674033,986,475,30573,27397,8239,3883,8637,17434,21861,11327,0,0,52044,6088,2036,1183,413,14,0,0,0,0,27567,7362,3205,0,0,0,0,0
476,5888,477.1481214630332,99911,1512,798,69,16,16367,8342,0.24731010599433495,982,459,30346,27212,8380,3967,8709,17546,22069,11457,0,0,51556,6268,2136,1205,426,15,0,0,0,0,27765,7306,3234,0,0,0,0,0
477,5888,478.0927394421302,99911,1581,785,69,16,16640,8429,0.2509133128484351,925,498,30142,27012,8507,4022,8774,17665,22276,11587,0,0,51091,6432,2235,1231,434,16,0,0,0,0,27963,7243,3266,0,0,0,0,0
478,5888,479.0436368262495,99909,1603,771,71,16,16879,8532,0.25434145072015535,919,525,29924,26799,8631,4096,8850,17791,22482,11717,0,0,50618,6605,2332,1260,451,16,0,0,0,0,28149,7175,3303,0,0,0,0,0
479,5888,480.0011551311564,99907,1600,788,73,16,17100,8657,0.2578097630796641,947,530,29697,26620,8758,4160,8923,17884,22687,11847,0,0,50154,6774,2436,1285,470,17,0,0,0,0,28328,7108,3335,0,0,0,0,0
480,5888,481.44946963480976,99904,1600,793,75,17,17437,8840,0.26302250160153745,977,519,29425,26436,8960,4290,8961,17943,22891,11977,0,0,49549,7066,2570,1332,486,17,0,0,0,0,28484,7034,3366,0,0,0,0,0
481,5888,482.42220450587484,99903,1616,803,76,17,17671,8949,0.26645846471076945,1000,545,29198,26242,9089,4354,9019,18037,23094,12107,0,0,49071,7224,2669,1357,500,19,0,0,0,0,28692,6991,3380,0,0,0,0,0
482,5888,483.4021924995759,99903,1646,828,76,17,17920,9087,0.2703322222555879,1012,526,28970,26056,9218,4421,9076,18150,23295,12237,0,0,48613,7371,2785,1387,519,20,0,0,0,0,28871,6939,3398,0,0,0,0,0
483,5888,484.38926273976466,99900,1662,845,77,19,18161,9217,0.27405405405405403,1019,536,28768,25876,9339,4476,9133,18246,23495,12367,0,0,48164,7511,2892,1433,539,20,0,0,0,0,29049,6869,3423,0,0,0,0,0
484,5888,485.3827645861682,99900,1649,873,77,19,18386,9358,0.2777177177177177,1067,531,28535,25703,9484,4539,9186,18333,23694,12497,0,0,47694,7670,3012,1463,553,22,0,0,0,0,29216,6821,3449,0,0,0,0,0
485,5888,486.3836876308118,99899,1661,902,78,19,18647,9492,0.2816744912361485,1061,507,28325,25526,9638,4599,9235,18445,23892,12627,0,0,47227,7830,3120,1492,575,22,0,0,0,0,29386,6765,3482,0,0,0,0,0
486,5888,487.39224359823413,99897,1674,922,80,19,18896,9624,0.28549405888064705,1087,523,28075,25328,9787,4666,9295,18540,24088,12757,0,0,46752,8000,3226,1523,591,25,0,0,0,0,29565,6712,3503,0,0,0,0,0
487,5888,488.40890822267073,99896,1699,927,80,20,19166,9767,0.28963121646512374,1100,534,27855,25128,9918,4757,9346,18632,24283,12887,0,0,46245,8206,3335,1544,614,25,0,0,0,0,29737,6662,3528,0,0,0,0,0
488,5888,489.432897235904,99896,1709,952,80,20,19425,9915,0.2937054536718187,1107,522,27638,24954,10068,4836,9396,18714,24477,13017,0,0,45787,8364,3459,1585,632,28,0,0,0,0,29892,6593,3556,0,0,0,0,0
489,5888,490.4650757886468,99896,1734,961,80,20,19704,10051,0.29785977416513176,1099,527,27423,24817,10225,4902,9437,18771,24670,13147,0,0,45318,8529,3577,1634,651,29,0,0,0,0,30051,6524,3583,0,0,0,0,0
490,5888,491.50475593890116,99894,1734,978,82,20,19970,10200,0.3020201413498308,1109,543,27225,24636,10370,4980,9478,18841,24861,13277,0,0,44829,8710,3708,1676,670,31,0,0,0,0,30208,6467,3595,0,0,0,0,0
491,5888,492.02714196550204,99890,1739,951,85,21,20105,10265,0.30403443788166984,1102,548,27060,24485,10442,5026,9570,18967,25051,13407,0,0,44461,8781,3804,1696,679,32,0,0,0,0,30386,6420,3631,0,0,0,0,0
492,5888,493.0803353686757,99890,1772,948,85,21,20385,10416,0.3083491841025128,1086,542,26834,24321,10579,5133,9642,19033,25240,13536,0,0,43989,8953,3955,1728,705,32,0,0,0,0,30518,6367,3643,0,0,0,0,0
493,5888,494.1425463619929,99888,1822,928,87,21,20709,10544,0.31288042607720645,1057,564,26621,24154,10739,5222,9672,19109,25427,13665,0,0,43502,9147,4077,1766,738,33,0,0,0,0,30658,6302,3665,0,0,0,0,0
494,5888,495.2131618990708,99888,1851,945,87,21,21011,10688,0.31734542687810346,1041,556,26409,24011,10899,5294,9711,19171,25613,13794,0,0,43045,9310,4224,1808,758,34,0,0,0,0,30783,6235,3691,0,0,0,0,0
495,5888,496.2918692971339,99888,1840,943,87,21,21285,10857,0.3217803940413263,1047,528,26193,23870,11071,5406,9760,19230,25798,13923,0,0,42546,9508,4359,1860,787,35,0,0,0,0,30913,6166,3714,0,0,0,0,0
496,5888,497.3796876065116,99888,1854,946,87,21,21593,11005,0.32634550696780396,1003,517,25985,23730,11260,5501,9809,19283,25981,14052,0,0,42065,9687,4518,1893,820,35,0,0,0,0,31029,6115,3726,0,0,0,0,0
497,5888,498.47634541868933,99888,1860,931,87,21,21869,11128,0.3303399807784719,1016,536,25790,23566,11397,5589,9848,19355,26163,14181,0,0,41609,9845,4671,1929,844,39,0,0,0,0,31145,6066,3740,0,0,0,0,0
498,5888,499.027549824676,99886,1862,911,88,22,22027,11185,0.332499048915764,998,552,25650,23416,11480,5611,9920,19486,26343,14309,0,0,41252,9915,4766,1953,863,39,0,0,0,0,31316,6016,3766,0,0,0,0,0
499,5888,500.13885546348786,99884,1804,908,89,23,22278,11346,0.3366304913699892,1037,557,25457,23284,11669,5706,9942,19520,26522,14437,0,0,40760,10103,4931,1989,897,44,0,0,0,0,31424,5966,3770,0,0,0,0,0
500,5888,501.2587043249832,99884,1815,922,89,23,22581,11508,0.3412858916342958,994,553,25283,23143,11834,5775,9983,19582,26700,14565,0,0,40284,10287,5081,2021,928,45,0,0,0,0,31535,5910,3793,0,0,0,0,0
501,5888,502.3872147308868,99884,1802,958,89,23,22851,11673,0.34564094349445357,1013,531,25099,23012,11979,5837,10016,19637,26876,14693,0,0,39873,10412,5246,2054,971,46,0,0,0,0,31620,5851,3811,0,0,0,0,0
502,5888,503.52362448507165,99883,1790,957,90,23,23115,11833,0.34988937056355934,1067,522,24873,22879,12130,5934,10048,19683,27051,14820,0,0,39436,10561,5405,2103,1001,48,0,0,0,0,31708,5783,3838,0,0,0,0,0
503,5888,504.09451513523237,99882,1811,955,91,23,23271,11906,0.3521855789832002,1091,505,24717,22751,12176,5963,10112,19801,27225,14947,0,0,39116,10613,5509,2115,1021,51,0,0,0,0,31858,5735,3864,0,0,0,0,0
504,5888,505.24716316460757,99881,1811,938,91,24,23566,12058,0.35666443067250025,1056,510,24542,22660,12343,6072,10155,19794,27397,15074,0,0,38659,10780,5675,2163,1061,51,0,0,0,0,31944,5673,3875,0,0,0,0,0
505,5888,506.40882872015504,99872,1832,937,98,26,23895,12202,0.3614326337712272,1061,516,24370,22552,12475,6151,10162,19816,27568,15201,0,0,38221,10930,5834,2202,1108,52,0,0,0,0,32025,5608,3892,0,0,0,0,0
506,5888,507.5784641276991,99872,1821,934,98,26,24193,12373,0.3661286446651714,1045,513,24202,22417,12643,6250,10189,19858,27737,15327,0,0,37748,11108,6007,2253,1137,54,0,0,0,0,32105,5551,3909,0,0,0,0,0
507,5888,508.16556638106596,99871,1819,933,99,26,24337,12458,0.3684252685964895,1045,499,24080,22276,12700,6301,10255,19963,27905,15453,0,0,37421,11173,6108,2269,1166,55,0,0,0,0,32249,5501,3929,0,0,0,0,0
508,5888,509.34968826319,99868,1854,889,101,27,24686,12592,0.3732727199903873,968,511,23911,22164,12888,6417,10276,19990,28072,15579,0,0,36963,11340,6287,2313,1211,57,0,0,0,0,32317,5445,3935,0,0,0,0,0
509,5888,510.5425725707219,99864,1792,869,104,28,24973,12728,0.3775234318673396,950,523,23769,22042,13084,6513,10299,20023,28237,15704,0,0,36493,11524,6464,2355,1253,62,0,0,0,0,32379,5393,3941,0,0,0,0,0
510,5888,511.14174661434635,99864,1789,855,104,28,25103,12785,0.37939597853080187,961,555,23653,21913,13120,6540,10371,20107,28401,15829,0,0,36199,11562,6570,2369,1279,62,0,0,0,0,32511,5344,3968,0,0,0,0,0
511,5888,512.3491404395738,99864,1767,881,104,28,25404,12940,0.38396218857646397,941,534,23471,21801,13305,6604,10410,20150,28564,15954,0,0,35768,11708,6722,2409,1324,67,0,0,0,0,32593,5293,3980,0,0,0,0,0
512,5888,513.5657573770202,99862,1722,872,105,29,25670,13102,0.38825579299433216,947,516,23334,21715,13453,6704,10437,20162,28725,16078,0,0,35317,11885,6894,2449,1360,72,0,0,0,0,32653,5237,3995,0,0,0,0,0
513,5888,514.1765322917597,99858,1696,874,106,32,25815,13174,0.3904444310921509,925,519,23225,21611,13528,6717,10518,20245,28885,16202,0,0,35007,11930,7017,2454,1394,72,0,0,0,0,32768,5203,4013,0,0,0,0,0
514,5888,515.4077555403342,99856,1756,863,108,32,26121,13341,0.39518907226406025,890,501,23055,21515,13642,6825,10547,20262,29043,16326,0,0,34619,12031,7190,2512,1423,78,0,0,0,0,32834,5147,4022,0,0,0,0,0
515,5888,516.0264212341114,99855,1714,872,109,32,26257,13417,0.39731610835711784,909,505,22934,21396,13717,6852,10615,20341,29200,16449,0,0,34311,12081,7295,2527,1456,82,0,0,0,0,32957,5106,4040,0,0,0,0,0
516,5888,517.2730900143634,99854,1714,878,110,32,26536,13587,0.40181665231237607,877,484,22825,21321,13846,6941,10626,20342,29356,16572,0,0,33921,12188,7476,2587,1489,85,0,0,0,0,33004,5049,4055,0,0,0,0,0
517,5888,518.5270033833607,99851,1707,877,112,33,26825,13766,0.40651570840552426,840,458,22698,21212,13989,7064,10652,20354,29510,16695,0,0,33506,12340,7672,2623,1529,88,0,0,0,0,33031,4990,4072,0,0,0,0,0
518,5888,519.1562767019298,99850,1695,868,113,33,26973,13831,0.4086529794692038,825,460,22587,21142,14051,7077,10727,20418,29663,16817,0,0,33232,12358,7790,2638,1570,91,0,0,0,0,33136,4953,4082,0,0,0,0,0
519,5888,520.4238912333334,99848,1658,861,115,33,27244,13974,0.41280746735037255,805,447,22482,21058,14190,7155,10748,20444,29815,16939,0,0,32842,12478,7968,2683,1615,96,0,0,0,0,33177,4893,4096,0,0,0,0,0
520,5888,521.0604100727951,99847,1614,858,116,33,27363,14054,0.4148046511162078,827,432,22396,20963,14244,7184,10801,20528,29965,17060,0,0,32538,12529,8087,2697,1642,98,0,0,0,0,33285,4857,4114,0,0,0,0,0
521,5888,522.3408879572772,99846,1598,846,117,33,27638,14199,0.4190152835366464,805,412,22263,20911,14386,7254,10829,20542,30114,17181,0,0,32167,12641,8287,2738,1685,99,0,0,0,0,33297,4802,4130,0,0,0,0,0
522,5888,523.6288410430931,99842,1599,803,121,33,27929,14314,0.4230984956230845,779,451,22128,20830,14525,7335,10846,20546,30262,17302,0,0,31780,12761,8454,2779,1729,103,0,0,0,0,33336,4752,4148,0,0,0,0,0
523,5888,524.2756897426547,99842,1552,800,121,33,28040,14381,0.4248813124737085,784,451,22053,20744,14579,7356,10909,20614,30408,17422,0,0,31500,12790,8560,2806,1754,106,0,0,0,0,33451,4705,4170,0,0,0,0,0
524,5888,525.5780589642171,99841,1543,824,121,34,28328,14545,0.42941276629841446,720,421,21942,20677,14734,7408,10938,20634,30553,17542,0,0,31127,12884,8733,2861,1800,108,0,0,0,0,33500,4655,4173,0,0,0,0,0
525,5888,526.2314231374907,99839,1506,824,122,35,28444,14618,0.43131441621009825,712,405,21860,20613,14795,7425,11003,20696,30697,17661,0,0,30847,12912,8850,2878,1827,110,0,0,0,0,33606,4622,4187,0,0,0,0,0
526,5888,527.5467862258912,99837,1489,795,123,36,28688,14746,0.4350491300820337,716,414,21756,20566,14888,7490,11026,20697,30839,17780,0,0,30503,12997,9043,2914,1868,115,0,0,0,0,33623,4580,4194,0,0,0,0,0
527,5888,528.2063328713779,99837,1459,789,123,36,28794,14821,0.43686208519887415,709,400,21694,20475,14916,7520,11097,20778,30980,17899,0,0,30238,13017,9163,2921,1898,119,0,0,0,0,33718,4557,4206,0,0,0,0,0
528,5888,529.5334365529923,99836,1434,804,124,36,29041,14972,0.4408529989182259,692,377,21604,20433,15027,7575,11117,20773,31120,18017,0,0,29915,13068,9336,2981,1945,123,0,0,0,0,33755,4504,4209,0,0,0,0,0
529,5888,530.1982048156584,99835,1421,791,125,36,29161,15033,0.4426704061701808,679,383,21534,20370,15056,7590,11183,20828,31258,18135,0,0,29669,13082,9446,2982,1983,129,0,0,0,0,33851,4472,4221,0,0,0,0,0
530,5888,531.5361151159874,99835,1367,749,125,36,29391,15151,0.4461561576601392,680,376,21443,20332,15179,7662,11204,20843,31395,18252,0,0,29324,13155,9630,3042,2035,131,0,0,0,0,33876,4422,4220,0,0,0,0,0
531,5888,532.2065622528094,99835,1358,744,125,36,29511,15211,0.4479591325687384,667,378,21359,20273,15212,7661,11277,20906,31531,18369,0,0,29086,13163,9741,3048,2069,134,0,0,0,0,33972,4387,4235,0,0,0,0,0
532,5888,533.5565886934119,99833,1309,729,127,36,29726,15342,0.45143389460398864,642,365,21325,20238,15300,7746,11295,20884,31666,18485,0,0,28757,13230,9919,3089,2119,138,0,0,0,0,33998,4348,4235,0,0,0,0,0
533,5888,534.2328868624654,99832,1302,726,128,36,29849,15395,0.45320137831557017,626,372,21275,20181,15314,7744,11353,20939,31799,18601,0,0,28535,13218,10035,3104,2156,138,0,0,0,0,34088,4315,4243,0,0,0,0,0
534,5888,535.5909301221984,99832,1269,733,128,36,30074,15540,0.4569076047760237,612,337,21202,20149,15415,7803,11372,20940,31931,18716,0,0,28208,13287,10195,3149,2198,146,0,0,0,0,34126,4277,4246,0,0,0,0,0
535,5888,536.2716112227116,99831,1264,732,129,36,30198,15595,0.4587052118079554,602,343,21128,20091,15448,7815,11427,20981,32062,18831,0,0,27965,13288,10294,3161,2230,148,0,0,0,0,34238,4255,4252,0,0,0,0,0
536,5888,537.639451593348,99831,1221,732,129,36,30399,15721,0.4619807474632128,606,330,21090,20053,15532,7879,11420,20968,32192,18945,0,0,27662,13332,10449,3194,2285,154,0,0,0,0,34283,4225,4247,0,0,0,0,0
537,5888,538.3247438796411,99830,1191,708,130,36,30498,15768,0.46344786136431937,602,327,21020,19991,15560,7907,11495,21029,32320,19059,0,0,27430,13344,10559,3207,2320,156,0,0,0,0,34372,4184,4258,0,0,0,0,0
538,5888,539.0114942679827,99828,1191,694,132,36,30609,15821,0.465099971951757,582,319,20955,19952,15569,7912,11569,21085,32447,19172,0,0,27214,13332,10670,3212,2355,157,0,0,0,0,34457,4161,4270,0,0,0,0,0
539,5888,540.3926542956902,99825,1126,679,134,37,30802,15937,0.4682093663911846,582,322,20901,19920,15661,7967,11594,21073,32573,19285,0,0,26919,13387,10849,3241,2407,161,0,0,0,0,34463,4122,4276,0,0,0,0,0
540,5888,541.0844205568048,99825,1134,672,134,37,30909,16003,0.46994239919859754,561,311,20846,19858,15668,7990,11655,21130,32698,19397,0,0,26701,13383,10957,3255,2426,165,0,0,0,0,34551,4092,4295,0,0,0,0,0
541,5888,542.4745873042848,99825,1101,625,134,37,31081,16101,0.4726471324818432,551,316,20812,19854,15729,8044,11671,21122,32822,19509,0,0,26423,13433,11106,3277,2480,170,0,0,0,0,34573,4054,4309,0,0,0,0,0
542,5888,543.1704221829596,99824,1088,622,135,37,31171,16149,0.4740343003686488,561,316,20769,19808,15719,8043,11726,21172,32944,19621,0,0,26220,13417,11207,3292,2505,171,0,0,0,0,34668,4019,4325,0,0,0,0,0
543,5888,544.5673593811374,99823,1076,593,136,37,31365,16240,0.4768941025615339,536,313,20717,19830,15777,8080,11756,21145,33065,19732,0,0,25970,13442,11371,3332,2541,177,0,0,0,0,34684,3967,4339,0,0,0,0,0
544,5888,545.2668108724085,99823,1080,618,136,37,31473,16308,0.4786572232852148,528,284,20663,19806,15779,8065,11812,21188,33185,19843,0,0,25780,13415,11498,3331,2563,180,0,0,0,0,34760,3948,4348,0,0,0,0,0
545,5888,546.6713899667792,99821,1060,594,137,38,31662,16407,0.48155197804069283,517,285,20612,19819,15836,8104,11836,21158,33304,19953,0,0,25528,13432,11647,3354,2626,184,0,0,0,0,34787,3917,4346,0,0,0,0,0
546,5888,547.3744596469036,99821,1066,588,137,38,31757,16456,0.4829945602628705,516,282,20565,19789,15834,8104,11880,21197,33422,20063,0,0,25354,13398,11755,3359,2656,188,0,0,0,0,34863,3889,4359,0,0,0,0,0
547,5888,548.07973995923,99821,1038,569,137,38,31849,16492,0.48427685557147293,499,292,20541,19756,15838,8098,11945,21245,33539,20172,0,0,25161,13381,11873,3367,2688,191,0,0,0,0,34929,3863,4368,0,0,0,0,0
548,5888,549.4947397132547,99821,1048,571,137,38,32050,16603,0.4874024503861913,463,276,20513,19752,15883,8138,11954,21223,33654,20281,0,0,24911,13414,12000,3383,2731,201,0,0,0,0,34964,3835,4382,0,0,0,0,0
549,5888,550.2023345357654,99821,1018,570,137,38,32128,16657,0.4887248174231875,466,274,20483,19708,15896,8145,11998,21263,33768,20389,0,0,24725,13401,12107,3380,2764,206,0,0,0,0,35031,3811,4396,0,0,0,0,0
550,5888,551.6222191013098,99820,953,540,138,38,32282,16746,0.491164095371669,460,266,20467,19709,15964,8202,12016,21243,33881,20497,0,0,24462,13427,12257,3416,2818,209,0,0,0,0,35055,3787,4389,0,0,0,0,0
551,5888,552.332526655384,99820,931,532,138,38,32363,16790,0.49241634942897217,432,257,20444,19676,15977,8206,12076,21289,33993,20604,0,0,24276,13408,12359,3423,2847,212,0,0,0,0,35130,3765,4400,0,0,0,0,0
552,5888,553.0443778480383,99819,902,533,138,39,32424,16841,0.493543313397249,451,261,20399,19638,15976,8209,12132,21318,34104,20710,0,0,24092,13390,12461,3423,2875,212,0,0,0,0,35208,3745,4413,0,0,0,0,0
553,5888,554.4722302122981,99819,889,523,138,39,32595,16928,0.4961279916649135,422,259,20373,19652,16024,8245,12152,21280,34214,20816,0,0,23853,13418,12597,3437,2920,219,0,0,0,0,35246,3720,4409,0,0,0,0,0
554,5888,555.186189621922,99819,857,526,138,39,32664,16975,0.49729009507208044,418,245,20350,19617,16041,8245,12194,21326,34323,20921,0,0,23683,13392,12702,3433,2955,221,0,0,0,0,35315,3697,4421,0,0,0,0,0
555,5888,556.6193893216762,99819,828,494,138,39,32810,17051,0.4995141205582104,414,239,20348,19655,16066,8261,12204,21310,34431,21026,0,0,23468,13394,12841,3452,3008,225,0,0,0,0,35335,3670,4426,0,0,0,0,0
556,5888,557.3357336996387,99818,804,498,139,39,32875,17097,0.5006311486906169,426,240,20295,19621,16064,8256,12270,21344,34538,21130,0,0,23296,13370,12936,3461,3030,229,0,0,0,0,35417,3643,4436,0,0,0,0,0
557,5888,558.0533931463983,99818,793,492,139,39,32958,17138,0.501873409605482,397,235,20260,19598,16073,8248,12336,21386,34644,21234,0,0,23134,13338,13031,3463,3066,234,0,0,0,0,35491,3620,4441,0,0,0,0,0
558,5888,559.4942145730885,99818,767,499,139,39,33107,17226,0.5042477308701837,365,207,20264,19628,16104,8252,12359,21373,34749,21337,0,0,22932,13332,13149,3480,3110,242,0,0,0,0,35529,3588,4456,0,0,0,0,0
559,5888,560.2142273275665,99818,739,477,139,39,33169,17262,0.5052295177222546,376,206,20223,19606,16096,8269,12425,21401,34853,21440,0,0,22752,13319,13245,3489,3131,249,0,0,0,0,35608,3562,4463,0,0,0,0,0
560,5888,561.65909356525,99818,726,465,139,39,33316,17341,0.507493638421928,330,206,20239,19643,16123,8287,12441,21358,34956,21542,0,0,22547,13336,13352,3505,3182,252,0,0,0,0,35645,3520,4479,0,0,0,0,0
561,5888,562.3813618045369,99818,696,447,139,39,33363,17366,0.5082149512112044,330,206,20214,19613,16110,8290,12509,21403,35057,21644,0,0,22387,13309,13437,3509,3212,252,0,0,0,0,35724,3495,4493,0,0,0,0,0
562,5888,563.1045744627079,99818,706,431,139,39,33432,17404,0.5092869021619347,309,189,20210,19615,16060,8291,12574,21433,35157,21745,0,0,22231,13290,13517,3497,3248,255,0,0,0,0,35801,3477,4502,0,0,0,0,0
563,5888,564.5537803099867,99818,669,402,139,39,33541,17472,0.5110601294355728,307,172,20250,19651,16062,8307,12571,21427,35256,21846,0,0,22051,13282,13663,3514,3287,259,0,0,0,0,35807,3443,4512,0,0,0,0,0
564,5888,565.2771931058736,99817,658,379,140,39,33599,17503,0.5119568810923991,302,164,20225,19635,16046,8316,12627,21465,35355,21946,0,0,21906,13247,13760,3521,3305,265,0,0,0,0,35866,3416,4531,0,0,0,0,0
565,5888,566.0010324260743,99815,632,362,142,39,33653,17537,0.512848770224916,296,150,20213,19627,16035,8320,12680,21500,35453,22046,0,0,21751,13216,13867,3525,3323,269,0,0,0,0,35924,3395,4545,0,0,0,0,0
566,5888,567.4517782200487,99815,618,343,142,39,33762,17590,0.5144717727796423,279,162,20233,19672,16024,8321,12702,21461,35550,22145,0,0,21594,13188,13969,3541,3369,274,0,0,0,0,35959,3367,4554,0,0,0,0,0
567,5888,568.1762796833609,99814,596,329,143,39,33802,17611,0.5150880637986656,294,168,20236,19653,15974,8309,12755,21500,35646,22244,0,0,21468,13142,14047,3549,3394,279,0,0,0,0,36031,3337,4567,0,0,0,0,0
568,5888,569.626931852493,99814,574,321,143,39,33914,17673,0.5168313062295871,279,155,20247,19712,15976,8309,12779,21462,35741,22342,0,0,21300,13128,14154,3556,3440,284,0,0,0,0,36065,3312,4575,0,0,0,0,0
569,5888,570.3512272602824,99814,567,332,143,39,33965,17706,0.5176728715410663,267,138,20238,19693,15950,8290,12833,21506,35835,22440,0,0,21172,13083,14239,3550,3465,287,0,0,0,0,36139,3298,4581,0,0,0,0,0
570,5888,571.0765234200032,99814,551,329,143,39,34013,17729,0.5183841946019596,270,142,20209,19685,15935,8267,12890,21536,35928,22537,0,0,21043,13040,14325,3552,3484,292,0,0,0,0,36208,3279,4591,0,0,0,0,0
571,5888,572.5292280337815,99814,539,307,143,39,34118,17769,0.5198368966277276,243,147,20249,19734,15920,8255,12904,21516,36020,22634,0,0,20889,13015,14444,3566,3511,297,0,0,0,0,36235,3254,4603,0,0,0,0,0
572,5888,573.254669593768,99814,529,301,143,39,34165,17796,0.5205782755926023,227,144,20241,19725,15895,8235,12963,21554,36111,22730,0,0,20761,12979,14519,3564,3536,302,0,0,0,0,36306,3233,4614,0,0,0,0,0
573,5888,574.7069205836622,99814,507,287,143,39,34250,17842,0.5218907167331236,225,130,20301,19803,15853,8223,12969,21516,36201,22826,0,0,20600,12966,14622,3568,3566,308,0,0,0,0,36351,3213,4620,0,0,0,0,0
574,5888,575.4314117512854,99814,481,279,143,39,34284,17856,0.5223716111968261,225,141,20290,19798,15822,8202,13037,21539,36290,22921,0,0,20469,12931,14685,3571,3587,310,0,0,0,0,36432,3189,4640,0,0,0,0,0
575,5888,576.1559499368061,99814,471,270,143,39,34324,17878,0.5229927665457751,219,141,20275,19782,15791,8202,13099,21564,36378,23015,0,0,20334,12909,14761,3570,3601,315,0,0,0,0,36506,3169,4649,0,0,0,0,0
576,5888,577.6069350198572,99814,462,262,143,39,34406,17923,0.5242651331476547,200,120,20331,19852,15743,8191,13119,21534,36465,23109,0,0,20194,12884,14863,3574,3627,321,0,0,0,0,36546,3148,4657,0,0,0,0,0
577,5888,578.3314486743332,99813,465,254,144,39,34447,17950,0.5249516596034585,182,109,20336,19848,15691,8175,13180,21573,36551,23202,0,0,20072,12843,14941,3568,3644,326,0,0,0,0,36617,3136,4666,0,0,0,0,0
578,5888,579.0556072142065,99813,449,241,144,39,34482,17966,0.5254626150902187,190,110,20332,19831,15646,8167,13237,21610,36637,23295,0,0,19947,12809,15019,3571,3659,331,0,0,0,0,36689,3114,4674,0,0,0,0,0
579,5888,580.5041729263722,99813,408,225,144,39,34544,18008,0.5265045635338083,186,101,20367,19894,15627,8159,13266,21580,36722,23387,0,0,19809,12773,15126,3592,3675,339,0,0,0,0,36721,3088,4690,0,0,0,0,0
580,5888,581.2269648250566,99813,392,227,144,39,34579,18029,0.527065612695741,182,91,20374,19900,15597,8143,13309,21598,36806,23479,0,0,19692,12739,15195,3588,3694,344,0,0,0,0,36789,3072,4700,0,0,0,0,0
581,5888,582.6741634580666,99812,375,183,145,39,34646,18052,0.5279725884663167,168,99,20430,19978,15553,8136,13327,21563,36889,23570,0,0,19564,12711,15294,3586,3735,349,0,0,0,0,36820,3052,4701,0,0,0,0,0
582,5888,583.3963217392179,99812,376,190,145,39,34681,18080,0.5286037750971827,167,80,20436,19985,15500,8113,13374,21591,36971,23661,0,0,19468,12656,15363,3584,3757,353,0,0,0,0,36888,3033,4710,0,0,0,0,0
583,5888,584.1182918169776,99812,358,175,145,39,34704,18090,0.5289343966657316,169,85,20439,19981,15463,8104,13424,21614,37052,23751,0,0,19358,12624,15429,3575,3780,357,0,0,0,0,36954,3013,4722,0,0,0,0,0
584,5888,585.56194649159,99812,350,171,145,39,34766,18122,0.5298761671943253,149,77,20516,20056,15405,8059,13433,21596,37133,23841,0,0,19245,12587,15518,3570,3815,359,0,0,0,0,36995,2997,4726,0,0,0,0,0
585,5888,586.2819179979186,99812,346,174,145,39,34790,18137,0.5302669017753376,144,76,20526,20061,15353,8019,13484,21629,37213,23930,0,0,19144,12534,15592,3563,3829,362,0,0,0,0,37070,2988,4730,0,0,0,0,0
586,5888,587.001322272156,99812,327,166,145,39,34809,18148,0.5305674668376548,153,76,20528,20092,15312,7979,13533,21646,37292,24019,0,0,19036,12497,15658,3547,3857,364,0,0,0,0,37140,2978,4735,0,0,0,0,0
587,5888,588.4395996561407,99811,312,150,145,40,34869,18168,0.5313742974221278,138,84,20605,20159,15245,7962,13553,21603,37370,24107,0,0,18908,12474,15740,3543,3885,367,0,0,0,0,37187,2967,4740,0,0,0,0,0
588,5888,589.1570300087902,99811,306,145,145,40,34893,18180,0.5317349791105189,149,87,20615,20161,15186,7937,13597,21628,37447,24195,0,0,18809,12428,15810,3534,3906,368,0,0,0,0,37256,2953,4747,0,0,0,0,0
589,5888,590.5901372750186,99810,299,136,146,40,34943,18207,0.5325117723674982,145,80,20667,20230,15133,7912,13608,21600,37524,24282,0,0,18689,12405,15887,3529,3926,372,0,0,0,0,37309,2933,4760,0,0,0,0,0
590,5888,591.3046163150889,99810,290,133,146,40,34969,18217,0.5328724576695721,140,79,20674,20247,15100,7885,13648,21614,37600,24369,0,0,18578,12371,15946,3524,3945,373,0,0,0,0,37389,2919,4765,0,0,0,0,0
591,5888,592.0193167961834,99810,280,130,146,40,34987,18226,0.5331429716461277,140,76,20674,20249,15062,7864,13696,21639,37675,24455,0,0,18494,12316,16017,3515,3963,376,0,0,0,0,37447,2907,4775,0,0,0,0,0
592,5888,593.4485842970295,99810,267,137,146,40,35034,18262,0.5339745516481315,138,59,20714,20322,14997,7836,13736,21604,37749,24541,0,0,18386,12275,16091,3517,3989,377,0,0,0,0,37498,2892,4785,0,0,0,0,0
593,5888,594.1618775998501,99810,259,134,146,40,35058,18270,0.5342951608055305,131,66,20724,20332,14948,7801,13790,21625,37823,24626,0,0,18294,12230,16162,3510,4004,379,0,0,0,0,37559,2878,4794,0,0,0,0,0
594,5888,595.5885337051618,99809,245,130,147,40,35100,18292,0.5349417387209571,119,56,20789,20404,14893,7781,13805,21587,37896,24711,0,0,18176,12192,16222,3524,4016,384,0,0,0,0,37628,2864,4803,0,0,0,0,0
595,5888,596.3000830445225,99809,236,125,147,40,35113,18302,0.5351721788616257,127,52,20779,20431,14846,7748,13863,21602,37968,24795,0,0,18091,12151,16282,3504,4038,389,0,0,0,0,37689,2853,4812,0,0,0,0,0
596,5888,597.0112960059764,99809,216,120,147,40,35125,18309,0.5353625424560912,130,55,20783,20437,14808,7725,13914,21621,38039,24879,0,0,18005,12098,16339,3501,4059,391,0,0,0,0,37755,2838,4823,0,0,0,0,0
597,5888,598.4345147832217,99809,210,119,147,40,35178,18335,0.5361540542436053,113,44,20832,20526,14768,7683,13928,21586,38110,24962,0,0,17903,12061,16419,3498,4080,394,0,0,0,0,37795,2826,4833,0,0,0,0,0
598,5888,599.1440809635008,99809,214,116,147,40,35207,18345,0.5365448005690869,96,41,20839,20549,14726,7659,13976,21593,38180,25045,0,0,17816,12021,16478,3485,4101,395,0,0,0,0,37855,2812,4846,0,0,0,0,0
599,5888,600.5642503784495,99809,203,98,147,40,35243,18358,0.5370357382600768,89,46,20922,20609,14661,7641,13976,21564,38249,25127,0,0,17714,11977,16549,3491,4120,397,0,0,0,0,37910,2799,4852,0,0,0,0,0
600,5888,601.2723198507299,99809,188,87,147,40,35253,18360,0.5371559678986865,89,51,20944,20602,14608,7627,14022,21591,38318,25209,0,0,17632,11931,16613,3477,4141,400,0,0,0,0,37967,2790,4858,0,0,0,0,0
601,5888,602.686515669153,99808,184,89,148,40,35282,18379,0.5376422731644758,84,41,21033,20681,14524,7598,14025,21549,38386,25290,0,0,17536,11890,16679,3473,4155,401,0,0,0,0,38030,2778,4866,0,0,0,0,0
602,5888,603.3912105567761,99808,176,91,148,40,35293,18387,0.5378326386662392,81,34,21057,20689,14476,7570,14060,21574,38453,25371,0,0,17452,11846,16733,3467,4165,405,0,0,0,0,38099,2766,4875,0,0,0,0,0
603,5888,604.0950982430594,99808,171,88,148,40,35307,18391,0.5380129849310676,80,38,21056,20705,14434,7544,14109,21583,38520,25451,0,0,17372,11799,16790,3457,4180,408,0,0,0,0,38164,2757,4881,0,0,0,0,0
604,5888,605.5015447668042,99808,161,80,148,40,35334,18403,0.5384037351715293,72,37,21134,20776,14367,7508,14116,21557,38586,25531,0,0,17292,11749,16855,3446,4213,409,0,0,0,0,38215,2748,4881,0,0,0,0,0
605,5888,606.2028187195071,99808,163,71,148,40,35350,18407,0.5386041199102276,71,36,21145,20800,14313,7478,14158,21573,38651,25610,0,0,17214,11716,16903,3432,4232,410,0,0,0,0,38273,2729,4899,0,0,0,0,0
606,5888,607.6041531072754,99808,160,66,148,40,35376,18417,0.5389648124398846,63,39,21222,20887,14242,7436,14163,21530,38716,25689,0,0,17128,11680,16952,3425,4255,411,0,0,0,0,38334,2713,4910,0,0,0,0,0
607,5888,608.3027027811866,99808,154,67,148,40,35389,18422,0.539145158704713,52,41,21231,20902,14202,7404,14211,21544,38780,25767,0,0,17041,11643,16996,3417,4271,412,0,0,0,0,38408,2703,4917,0,0,0,0,0
608,5888,609.0007473447141,99808,151,69,148,40,35399,18431,0.5393355242064765,56,37,21225,20913,14154,7381,14264,21558,38843,25845,0,0,16954,11607,17038,3411,4284,412,0,0,0,0,38483,2690,4929,0,0,0,0,0
609,5888,610.3966689048939,99808,143,74,148,40,35418,18447,0.5396861974991984,57,31,21292,20996,14084,7346,14274,21511,38906,25922,0,0,16870,11575,17098,3401,4294,417,0,0,0,0,38536,2679,4938,0,0,0,0,0
610,5888,611.0927381830548,99808,135,77,148,40,35429,18453,0.539856524527092,55,30,21302,21015,14036,7311,14322,21525,38968,25999,0,0,16799,11526,17149,3395,4310,418,0,0,0,0,38597,2666,4948,0,0,0,0,0
611,5888,612.4843062375282,99808,130,86,148,40,35452,18469,0.5402472747675537,55,21,21361,21094,13963,7262,14341,21495,39030,26075,0,0,16723,11478,17210,3387,4329,418,0,0,0,0,38651,2658,4954,0,0,0,0,0
612,5888,613.1784167230003,99808,127,84,148,40,35467,18474,0.540447659506252,43,18,21384,21107,13908,7238,14388,21511,39091,26151,0,0,16650,11437,17260,3379,4339,423,0,0,0,0,38709,2645,4966,0,0,0,0,0
613,5888,614.0434656054242,99808,128,73,148,40,35476,18478,0.540577909586406,43,19,21403,21131,13849,7215,14427,21520,39151,26226,0,0,16578,11398,17314,3365,4353,426,0,0,0,0,38764,2636,4974,0,0,0,0,0
614,5888,615.0988920989166,99808,122,71,148,40,35481,18483,0.540678101955755,43,17,21403,21121,13807,7197,14475,21552,39211,26301,0,0,16496,11366,17358,3355,4363,429,0,0,0,0,38832,2627,4982,0,0,0,0,0
615,5888,616.1804425364925,99808,120,63,148,40,35496,18489,0.5408885059313883,40,17,21442,21184,13743,7163,14505,21531,39270,26376,0,0,16422,11332,17416,3341,4380,430,0,0,0,0,38880,2615,4992,0,0,0,0,0
616,5888,617.1498629592033,99808,111,56,148,40,35499,18492,0.5409486213529977,47,18,21461,21221,13694,7141,14537,21522,39329,26450,0,0,16332,11304,17461,3333,4391,430,0,0,0,0,38951,2608,4998,0,0,0,0,0
617,5888,618.2681784962499,99808,104,47,148,40,35514,18498,0.5411590253286309,43,16,21513,21295,13632,7115,14558,21485,39387,26524,0,0,16249,11274,17502,3330,4408,432,0,0,0,0,39013,2594,5006,0,0,0,0,0
618,5888,619.1942279850969,99808,98,49,148,40,35523,18507,0.5413393715934595,44,14,21571,21343,13561,7079,14576,21473,39444,26597,0,0,16172,11242,17536,3316,4430,434,0,0,0,0,39078,2589,5011,0,0,0,0,0
619,5888,620.2023218245519,99808,96,40,148,40,35539,18512,0.5415497755690927,35,12,21632,21441,13512,7043,14575,21422,39501,26670,0,0,16091,11211,17584,3310,4440,438,0,0,0,0,39137,2580,5017,0,0,0,0,0
620,5888,621.0243036733934,99808,92,37,148,40,35541,18514,0.5415898525168323,36,13,21629,21445,13471,7019,14622,21444,39557,26742,0,0,16027,11174,17628,3299,4449,443,0,0,0,0,39193,2569,5026,0,0,0,0,0
621,5888,622.1211935027728,99808,87,35,148,40,35546,18516,0.5416599871753768,38,13,21657,21492,13411,6984,14657,21434,39613,26814,0,0,15955,11140,17663,3286,4467,444,0,0,0,0,39259,2560,5034,0,0,0,0,0
622,5888,623.405492304114,99808,77,26,148,40,35560,18520,0.5418403334402052,42,18,21777,21622,13321,6931,14633,21361,39668,26885,0,0,15885,11104,17715,3282,4480,448,0,0,0,0,39305,2548,5041,0,0,0,0,0
623,5888,624.0868409865739,99808,77,26,148,40,35560,18521,0.5418503526771401,42,17,21751,21592,13283,6917,14697,21406,39723,26956,0,0,15826,11062,17758,3273,4488,449,0,0,0,0,39363,2533,5056,0,0,0,0,0
624,5888,625.3430636291405,99808,72,26,148,40,35567,18527,0.541980602757294,40,12,21805,21664,13223,6882,14710,21374,39777,27026,0,0,15757,11030,17800,3265,4498,452,0,0,0,0,39420,2520,5066,0,0,0,0,0
625,5888,626.1219525763313,99808,70,26,148,40,35573,18530,0.5420707758897082,42,11,21861,21703,13153,6858,14724,21360,39831,27096,0,0,15688,10997,17832,3254,4513,454,0,0,0,0,39484,2511,5075,0,0,0,0,0
626,5888,627.4922656142753,99808,67,25,148,40,35584,18535,0.5422310836806669,40,9,21962,21800,13074,6815,14707,21309,39884,27166,0,0,15629,10954,17875,3245,4531,455,0,0,0,0,39534,2499,5086,0,0,0,0,0
627,5888,628.346040979258,99808,68,26,148,40,35595,18536,0.5423513145238859,34,9,21989,21823,13023,6784,14736,21316,39937,27235,0,0,15566,10912,17916,3235,4543,458,0,0,0,0,39594,2493,5091,0,0,0,0,0
628,5888,629.2200353497143,99808,66,23,148,40,35607,18539,0.5425016030779096,30,12,22079,21899,12940,6758,14735,21266,39989,27304,0,0,15494,10882,17955,3228,4555,459,0,0,0,0,39652,2482,5101,0,0,0,0,0
629,5888,630.5649195966574,99808,68,24,148,40,35622,18543,0.542691968579673,50,37,22133,21971,12863,6710,14736,21216,40041,27372,0,0,15419,10849,17989,3214,4572,459,6,0,0,3,39714,2478,5105,0,0,0,0,0
630,5888,631.1319402013133,99808,69,25,148,40,35628,18548,0.542802180185957,50,34,22147,21974,12816,6695,14768,21230,40092,27440,0,0,15346,10822,18015,3201,4586,460,6,0,0,8,39782,2471,5111,0,0,0,0,0
631,5888,632.2653714939006,99808,78,29,148,40,35647,18557,0.5430827188201347,44,32,22234,22056,12727,6658,14767,21183,40143,27507,0,0,15290,10780,18053,3191,4594,467,10,0,0,12,39830,2462,5119,0,0,0,0,0
632,5888,633.3945421570155,99808,70,36,148,40,35655,18569,0.5432831035588329,58,27,22281,22134,12666,6619,14775,21142,40193,27574,0,0,15225,10742,18086,3185,4606,468,14,0,0,20,39883,2449,5130,0,0,0,0,0
633,5888,634.52067264571,99808,78,37,148,40,35673,18578,0.5435536229560757,54,32,22337,22184,12591,6591,14790,21114,40243,27640,0,0,15166,10704,18115,3177,4620,471,15,0,0,27,39934,2440,5139,0,0,0,0,0
634,5888,635.0824457063437,99808,79,32,148,40,35682,18581,0.5436738537992947,54,31,22352,22201,12553,6578,14812,21116,40292,27706,0,0,15103,10669,18145,3168,4632,473,18,0,0,34,39987,2430,5149,0,0,0,0,0
635,5888,636.2052682247338,99807,85,34,149,40,35700,18588,0.5439297844840543,45,29,22399,22275,12502,6543,14818,21077,40341,27772,0,0,15039,10637,18170,3156,4646,478,24,0,0,35,40043,2419,5160,0,0,0,0,0
636,5888,637.3251046285883,99807,85,40,149,40,35718,18599,0.5442203452663641,38,23,22457,22334,12444,6508,14825,21053,40389,27837,0,0,14983,10595,18203,3151,4659,480,27,0,0,44,40087,2407,5171,0,0,0,0,0
637,5888,638.442648833469,99807,82,44,149,40,35725,18607,0.5443706353261796,43,23,22495,22369,12387,6479,14842,21043,40437,27902,0,0,14926,10554,18241,3144,4671,482,27,0,0,50,40138,2400,5174,0,0,0,0,0
638,5888,639.4787198886493,99807,80,38,149,40,35737,18614,0.5445610027352791,40,26,22549,22427,12328,6456,14852,21011,40484,27966,0,0,14859,10522,18265,3137,4683,487,32,0,0,58,40192,2391,5181,0,0,0,0,0
639,5888,640.0352436052574,99807,76,39,149,40,35742,18615,0.5446211187592053,40,28,22549,22431,12301,6439,14883,21021,40531,28030,0,0,14789,10492,18293,3130,4693,487,35,0,0,61,40256,2384,5187,0,0,0,0,0
640,5888,641.1480219329522,99807,73,39,149,40,35750,18623,0.5447814281563418,40,31,22622,22491,12237,6411,14877,20986,40577,28094,0,0,14732,10457,18323,3118,4710,488,39,0,0,70,40300,2375,5195,0,0,0,0,0
641,5888,642.2577412151344,99806,74,42,150,40,35763,18631,0.5449972947518186,43,31,22686,22564,12173,6376,14872,20945,40623,28157,0,0,14676,10416,18358,3112,4721,489,41,0,0,78,40346,2367,5202,0,0,0,0,0
642,5888,643.3641419405894,99806,78,42,150,40,35776,18641,0.5452277418191291,49,27,22731,22656,12111,6347,14879,20886,40669,28220,0,0,14616,10384,18387,3106,4729,490,46,0,0,88,40391,2352,5217,0,0,0,0,0
643,5888,644.467957584967,99806,88,49,150,40,35796,18650,0.5455183055126946,44,33,22799,22706,12052,6317,14865,20853,40714,28282,0,0,14563,10345,18422,3096,4742,492,49,0,0,90,40439,2344,5224,0,0,0,0,0
644,5888,645.0183159246249,99806,89,48,150,40,35801,18656,0.5456285193274953,52,33,22807,22717,12004,6300,14896,20860,40759,28344,0,0,14511,10306,18459,3091,4749,493,50,0,0,97,40483,2333,5234,0,0,0,0,0
645,5888,646.1183428567177,99806,102,47,150,40,35823,18666,0.5459491413341884,51,31,22854,22776,11942,6275,14899,20829,40803,28406,0,0,14453,10273,18489,3084,4755,497,55,0,0,109,40524,2324,5243,0,0,0,0,0
646,5888,647.2158354576176,99806,104,42,150,40,35839,18670,0.5461495300883714,48,35,22944,22825,11858,6254,14894,20802,40847,28467,0,0,14405,10228,18530,3077,4768,499,61,0,0,117,40558,2316,5247,0,0,0,0,0
647,5888,648.3096141769572,99806,105,39,150,40,35850,18675,0.546309841091718,56,44,22983,22881,11810,6225,14894,20769,40890,28528,0,0,14342,10195,18559,3069,4781,499,63,0,0,128,40608,2314,5248,0,0,0,0,0
648,5888,649.4004106656948,99805,103,40,151,40,35870,18683,0.546595861930765,51,42,23039,22938,11762,6199,14892,20739,40933,28588,0,0,14284,10162,18586,3060,4798,501,71,0,0,136,40650,2304,5253,0,0,0,0,0
649,5888,650.4891333647187,99805,104,44,151,40,35888,18692,0.5468663894594459,50,47,23083,22987,11709,6174,14901,20706,40976,28648,0,0,14233,10127,18613,3045,4820,503,75,0,0,143,40690,2299,5257,0,0,0,0,0
650,5888,651.0322987720293,99805,112,49,151,40,35898,18703,0.547076799759531,47,41,23107,23002,11655,6151,14926,20715,41018,28708,0,0,14185,10090,18650,3037,4827,504,78,0,0,148,40730,2288,5268,0,0,0,0,0
651,5888,652.1180890709182,99805,106,50,151,40,35914,18712,0.5473272882120134,43,40,23158,23046,11602,6129,14938,20693,41060,28767,0,0,14119,10067,18663,3027,4849,504,85,0,0,158,40779,2278,5276,0,0,0,0,0
652,5888,653.2009635725426,99805,99,50,151,40,35926,18723,0.5475577375882972,50,43,23221,23099,11541,6104,14936,20662,41101,28826,0,0,14069,10028,18691,3020,4860,511,89,0,0,166,40817,2270,5284,0,0,0,0,0
653,5888,654.2813393924174,99805,99,55,151,40,35945,18737,0.5478883823455739,57,44,23236,23167,11502,6074,14953,20618,41142,28884,0,0,14020,9988,18725,3017,4871,512,93,0,0,179,40849,2259,5292,0,0,0,0,0
654,5888,655.3600595986151,99805,101,54,151,40,35963,18748,0.5481789489504534,60,44,23273,23222,11456,6051,14957,20587,41183,28942,0,0,13958,9954,18747,3015,4886,514,95,0,0,186,40902,2254,5294,0,0,0,0,0
655,5888,656.4372933340225,99805,108,57,151,40,35982,18759,0.5484795350934322,61,48,23313,23262,11407,6029,14958,20562,41223,29000,0,0,13901,9924,18771,3008,4899,515,99,0,0,194,40946,2247,5301,0,0,0,0,0
656,5888,657.5125752999792,99805,115,61,151,40,35999,18779,0.548850258003106,67,39,23373,23309,11345,6020,14947,20529,41263,29057,0,0,13843,9897,18791,2995,4920,516,107,0,0,202,40988,2240,5306,0,0,0,0,0
657,5888,658.048999743561,99805,110,62,151,40,36010,18786,0.5490306096888934,64,40,23385,23313,11308,6007,14980,20536,41303,29114,0,0,13800,9853,18830,2989,4932,517,112,0,0,211,41017,2231,5313,0,0,0,0,0
658,5888,659.1212609942232,99805,106,65,151,40,36025,18799,0.5493111567556735,66,35,23424,23384,11268,5989,14983,20485,41342,29171,0,0,13747,9815,18858,2982,4951,517,118,0,0,222,41053,2227,5315,0,0,0,0,0
659,5888,660.1918099090218,99805,102,63,151,40,36038,18808,0.549531586593858,79,35,23475,23442,11217,5971,14974,20447,41381,29227,0,0,13692,9787,18881,2974,4963,519,126,0,0,235,41087,2216,5325,0,0,0,0,0
660,5888,661.259769509343,99805,110,62,151,40,36066,18817,0.5499023095035319,64,33,23517,23505,11181,5951,14975,20407,41419,29283,0,0,13642,9752,18910,2971,4973,521,131,0,0,250,41117,2207,5331,0,0,0,0,0
661,5888,662.3259452172767,99805,115,61,151,40,36084,18828,0.5501928761084114,68,32,23562,23575,11130,5940,14972,20350,41457,29338,0,0,13588,9726,18932,2962,4987,522,135,0,0,263,41154,2198,5338,0,0,0,0,0
662,5888,663.3899599043408,99804,116,56,152,40,36106,18836,0.5504989779968739,66,40,23601,23622,11100,5927,14963,20313,41495,29393,0,0,13532,9691,18953,2960,5003,524,143,0,0,271,41194,2191,5342,0,0,0,0,0
663,5888,664.4521146162815,99804,110,52,152,40,36116,18845,0.5506893511282113,78,44,23653,23676,11057,5910,14948,20276,41532,29448,0,0,13490,9651,18981,2956,5022,525,147,0,0,279,41224,2181,5348,0,0,0,0,0
664,5888,665.5122439971672,99804,122,54,152,40,36142,18855,0.5510500581139033,69,41,23701,23739,11011,5889,14943,20235,41569,29502,0,0,13445,9614,19010,2953,5033,526,150,0,0,287,41258,2171,5357,0,0,0,0,0
665,5888,666.04130896857,99804,128,64,152,40,36154,18870,0.5513205883531722,70,30,23698,23751,10989,5877,14961,20236,41606,29556,0,0,13390,9588,19032,2946,5042,528,151,0,0,292,41307,2168,5360,0,0,0,0,0
666,5888,667.0988723428972,99804,135,61,152,40,36175,18876,0.5515911185924411,76,36,23747,23824,10938,5855,14950,20182,41642,29610,0,0,13340,9559,19056,2937,5057,530,158,0,0,298,41344,2159,5366,0,0,0,0,0
667,5888,668.1542056043743,99803,139,68,153,40,36199,18890,0.5519773954690741,79,36,23799,23889,10890,5830,14938,20135,41678,29663,0,0,13292,9524,19084,2936,5066,532,161,0,0,307,41378,2150,5373,0,0,0,0,0
668,5888,669.2073244872968,99803,133,67,153,40,36218,18903,0.5522980271134135,82,38,23843,23932,10845,5817,14942,20104,41714,29716,0,0,13248,9486,19104,2934,5084,535,165,0,0,320,41405,2141,5381,0,0,0,0,0
669,5888,670.258257612406,99803,137,66,153,40,36240,18913,0.5526186587577527,88,34,23892,23981,10804,5802,14924,20075,41749,29769,0,0,13196,9460,19124,2932,5094,536,171,0,0,332,41439,2126,5393,0,0,0,0,0
670,5888,671.3069717768135,99803,148,64,153,40,36266,18924,0.5529893890965202,81,29,23935,24036,10762,5787,14919,20042,41784,29821,0,0,13155,9425,19154,2926,5108,538,173,0,0,343,41465,2119,5397,0,0,0,0,0
671,5888,672.3537364022745,99803,142,61,153,40,36286,18931,0.5532599220464315,97,33,23985,24082,10718,5771,14903,20011,41819,29873,0,0,13101,9400,19172,2919,5125,539,177,0,0,362,41496,2113,5399,0,0,0,0,0
672,5888,673.3984974958975,99803,149,57,153,40,36315,18939,0.5536306523851988,87,35,24029,24156,10689,5753,14891,19957,41853,29925,0,0,13048,9373,19191,2910,5145,539,180,0,0,376,41532,2108,5401,0,0,0,0,0
673,5888,674.4411932849714,99803,151,62,153,40,36344,18949,0.5540214222017374,80,40,24067,24197,10658,5735,14889,19924,41887,29976,0,0,13005,9336,19216,2914,5150,543,182,0,0,390,41559,2099,5409,0,0,0,0,0
674,5888,675.48202494447,99803,161,61,153,40,36368,18959,0.554362093323848,76,46,24116,24251,10620,5718,14872,19882,41921,30027,0,0,12960,9306,19236,2908,5165,544,183,0,0,401,41592,2092,5416,0,0,0,0,0
675,5888,676.0012486950995,99803,151,65,153,40,36374,18967,0.5545023696682464,85,43,24116,24270,10596,5706,14897,19874,41955,30078,0,0,12921,9272,19265,2900,5178,546,187,0,0,407,41621,2083,5423,0,0,0,0,0
676,5888,677.0399420315201,99803,148,68,153,40,36394,18983,0.5548630802681283,95,35,24141,24317,10571,5696,14890,19842,41988,30128,0,0,12875,9238,19291,2902,5188,548,192,0,0,423,41646,2074,5426,0,0,0,0,0
677,5888,678.0773872569874,99803,152,72,153,40,36421,18993,0.5552338106068956,90,37,24192,24356,10534,5678,14877,19815,42021,30178,0,0,12824,9209,19309,2900,5203,548,193,0,0,436,41683,2070,5428,0,0,0,0,0
678,5888,679.112962434618,99802,152,68,153,41,36439,19003,0.5555199294603315,93,41,24233,24412,10496,5657,14871,19779,42054,30228,0,0,12778,9183,19331,2894,5217,548,195,0,0,457,41705,2063,5431,0,0,0,0,0
679,5888,680.146589962159,99802,155,77,153,41,36464,19021,0.5559507825494479,89,28,24277,24469,10467,5638,14857,19745,42086,30277,0,0,12730,9157,19349,2886,5230,552,200,0,0,469,41736,2058,5435,0,0,0,0,0
680,5888,681.1782508978564,99802,156,77,153,41,36487,19031,0.5562814372457465,85,28,24292,24510,10442,5624,14870,19718,42118,30326,0,0,12687,9124,19377,2886,5238,554,203,0,0,486,41758,2051,5438,0,0,0,0,0
681,5888,682.2090828602992,99802,147,76,153,41,36507,19039,0.5565619927456363,85,34,24352,24562,10409,5597,14852,19688,42150,30375,0,0,12640,9091,19400,2881,5257,555,208,0,0,501,41785,2048,5436,0,0,0,0,0
682,5888,683.2378636335978,99802,142,75,153,41,36527,19044,0.5568124887276809,88,39,24393,24633,10381,5575,14841,19635,42182,30423,0,0,12599,9053,19429,2881,5263,558,214,0,0,514,41807,2041,5443,0,0,0,0,0
683,5888,684.2645734780077,99802,147,73,153,41,36555,19054,0.5571932426203884,92,41,24450,24688,10346,5555,14810,19600,42213,30471,0,0,12557,9021,19451,2876,5280,558,218,0,0,532,41827,2036,5446,0,0,0,0,0
684,5888,685.2891976511557,99802,150,69,153,41,36584,19069,0.5576341155487866,88,36,24497,24744,10316,5551,14794,19557,42244,30519,0,0,12512,8994,19463,2870,5307,559,224,0,0,548,41850,2029,5446,0,0,0,0,0
685,5888,686.3118871775521,99802,145,66,153,41,36605,19077,0.5579246908879582,102,34,24539,24798,10279,5539,14780,19520,42275,30566,0,0,12472,8959,19482,2874,5322,560,226,0,0,562,41874,2020,5451,0,0,0,0,0
686,5888,687.3328743613121,99802,158,68,153,41,36633,19088,0.5583154646199475,96,28,24573,24858,10243,5525,14775,19478,42305,30613,0,0,12430,8931,19499,2873,5334,562,227,0,0,571,41906,2014,5455,0,0,0,0,0
687,5888,688.3521153879971,99802,156,61,153,41,36657,19097,0.5586461193162462,92,33,24621,24900,10210,5519,14766,19444,42335,30660,0,0,12383,8909,19513,2863,5354,566,235,0,0,585,41931,2006,5457,0,0,0,0,0
688,5888,689.3695556930511,99802,143,61,153,41,36671,19104,0.5588565359411635,94,34,24652,24962,10187,5500,14769,19400,42365,30707,0,0,12345,8876,19539,2855,5370,567,242,0,0,601,41946,2001,5460,0,0,0,0,0
689,5888,690.385653004988,99802,153,64,153,41,36697,19115,0.5592272699945893,90,32,24693,25027,10147,5480,14762,19354,42395,30753,0,0,12301,8849,19556,2852,5385,568,246,0,0,607,41980,1995,5463,0,0,0,0,0
690,5888,691.4003645236402,99801,159,67,154,41,36725,19124,0.5596036111862607,83,28,24734,25058,10121,5474,14747,19330,42424,30799,0,0,12259,8822,19574,2849,5397,569,249,0,0,619,42007,1989,5467,0,0,0,0,0
691,5888,692.4132343543234,99800,164,66,154,42,36752,19132,0.5599599198396794,80,30,24784,25107,10077,5456,14739,19297,42453,30845,0,0,12217,8790,19594,2847,5413,570,254,0,0,625,42037,1982,5471,0,0,0,0,0
692,5888,693.4241756092175,99800,167,68,154,42,36775,19138,0.560250501002004,92,36,24817,25167,10035,5437,14733,19248,42482,30890,0,0,12179,8762,19613,2843,5424,574,254,0,0,635,42065,1979,5472,0,0,0,0,0
693,5888,694.4332440566719,99800,168,69,154,42,36799,19144,0.5605511022044088,90,42,24870,25216,9991,5420,14725,19209,42511,30935,0,0,12134,8735,19634,2837,5435,577,261,0,0,646,42092,1977,5472,0,0,0,0,0
694,5888,695.440517266371,99800,164,73,154,42,36823,19154,0.5608917835671343,88,43,24892,25278,9980,5403,14720,19159,42539,30980,0,0,12092,8713,19646,2829,5453,581,264,0,0,658,42119,1972,5473,0,0,0,0,0
695,5888,696.4464418037826,99800,167,77,154,42,36846,19169,0.5612725450901803,92,45,24928,25326,9954,5387,14703,19121,42567,31024,0,0,12052,8688,19662,2824,5470,581,265,0,0,674,42142,1967,5475,0,0,0,0,0
696,5888,697.4509837959814,99800,180,80,154,42,36872,19178,0.561623246492986,96,50,24957,25377,9922,5368,14689,19081,42595,31068,0,0,12015,8666,19678,2814,5487,582,266,0,0,683,42169,1963,5477,0,0,0,0,0
697,5888,698.4538863620177,99800,178,89,154,42,36896,19201,0.5620941883767535,95,37,24987,25425,9912,5358,14672,19047,42623,31112,0,0,11972,8643,19692,2811,5494,588,271,0,0,704,42186,1957,5482,0,0,0,0,0
698,5888,699.4556717999385,99800,167,85,154,42,36914,19207,0.5623346693386774,95,45,25035,25483,9890,5341,14657,19002,42650,31156,0,0,11930,8610,19713,2814,5508,589,277,0,0,718,42208,1953,5480,0,0,0,0,0
699,5888,700.4558961677386,99800,168,84,154,42,36939,19219,0.5627054108216433,87,42,25075,25538,9867,5325,14647,18967,42677,31199,0,0,11881,8581,19728,2817,5519,592,285,0,0,725,42242,1949,5481,0,0,0,0,0
700,5888,701.4544381922459,99800,165,91,154,42,36954,19233,0.5629959919839679,93,41,25105,25592,9842,5305,14639,18927,42704,31242,0,0,11839,8559,19739,2818,5530,593,288,0,0,732,42274,1939,5489,0,0,0,0,0
701,5888,702.4517735188828,99800,169,89,154,42,36983,19242,0.563376753507014,89,51,25137,25650,9816,5282,14633,18884,42731,31285,0,0,11803,8533,19753,2811,5549,593,289,0,0,753,42288,1936,5492,0,0,0,0,0
702,5888,703.4476998883023,99800,171,89,154,42,37004,19254,0.5637074148296594,89,50,25163,25693,9788,5276,14633,18848,42757,31328,0,0,11763,8513,19765,2805,5565,595,292,0,0,768,42310,1931,5493,0,0,0,0,0
703,5888,704.4426390052404,99800,166,86,154,42,37026,19263,0.5640180360721443,87,56,25200,25764,9767,5243,14624,18807,42783,31370,0,0,11732,8487,19778,2799,5585,598,297,0,0,782,42322,1921,5499,0,0,0,0,0
704,5888,705.4363954328792,99800,160,80,154,42,37043,19275,0.5643086172344689,98,53,25223,25823,9742,5236,14621,18764,42809,31412,0,0,11692,8463,19787,2789,5607,601,302,0,0,798,42341,1920,5500,0,0,0,0,0
705,5888,706.4290258288726,99800,161,82,154,42,37067,19292,0.5647194388777556,95,46,25263,25864,9708,5226,14617,18738,42835,31454,0,0,11655,8439,19801,2785,5625,603,305,0,0,815,42358,1914,5500,0,0,0,0,0
706,5888,707.4202702197671,99800,149,88,154,42,37085,19305,0.5650300601202405,98,47,25289,25904,9703,5219,14605,18698,42861,31495,0,0,11617,8417,19814,2779,5645,605,313,0,0,825,42378,1904,5503,0,0,0,0,0
707,5888,708.4104223820528,99800,152,92,154,42,37107,19322,0.5654208416833667,95,40,25343,25942,9664,5207,14590,18675,42886,31536,0,0,11586,8386,19838,2775,5655,607,317,0,0,842,42388,1899,5507,0,0,0,0,0
708,5888,709.3986270929156,99800,148,93,154,42,37124,19334,0.5657114228456914,97,44,25392,25986,9632,5194,14575,18639,42911,31577,0,0,11551,8360,19855,2774,5663,611,319,0,0,860,42403,1896,5508,0,0,0,0,0
709,5888,710.3849725672518,99800,144,90,154,42,37146,19343,0.5660220440881764,100,43,25427,26042,9605,5185,14568,18596,42936,31618,0,0,11515,8331,19872,2776,5675,613,324,0,0,876,42418,1890,5510,0,0,0,0,0
710,5888,711.3696496007395,99800,151,95,154,42,37178,19355,0.5664629258517034,89,45,25463,26093,9582,5165,14559,18558,42961,31658,0,0,11479,8310,19887,2771,5686,616,326,0,0,894,42433,1887,5511,0,0,0,0,0
711,5888,712.3532471404452,99799,154,96,155,42,37207,19367,0.5668794276495757,80,50,25498,26114,9563,5162,14548,18534,42985,31698,0,0,11440,8287,19900,2768,5698,620,333,0,0,905,42453,1879,5516,0,0,0,0,0
712,5888,713.3354309512257,99799,145,87,155,42,37220,19377,0.5671098908806701,91,49,25527,26154,9540,5160,14540,18506,43009,31738,0,0,11402,8266,19912,2764,5711,623,338,0,0,926,42465,1873,5519,0,0,0,0,0
713,5888,714.3164239719265,99799,147,81,155,42,37245,19385,0.5674405555165883,88,53,25569,26196,9516,5144,14523,18482,43033,31778,0,0,11368,8244,19919,2759,5731,626,343,0,0,937,42483,1865,5524,0,0,0,0,0
714,5888,715.2958341296705,99799,158,84,155,42,37273,19398,0.5678513812763655,82,60,25598,26234,9496,5127,14509,18451,43057,31817,0,0,11337,8221,19934,2750,5749,627,349,0,0,946,42498,1859,5529,0,0,0,0,0
715,5888,716.2740072972755,99799,161,91,155,42,37300,19416,0.5683022875980721,80,59,25628,26272,9485,5110,14489,18424,43081,31856,0,0,11304,8196,19950,2744,5765,629,355,0,0,962,42509,1855,5530,0,0,0,0,0
716,5888,717.2509690555147,99799,168,91,155,42,37325,19427,0.5686630126554374,82,55,25646,26338,9456,5093,14491,18379,43104,31895,0,0,11273,8168,19970,2740,5777,630,359,0,0,976,42522,1851,5533,0,0,0,0,0
717,5888,718.2270558536085,99799,159,95,155,42,37344,19444,0.5690237377128027,87,47,25696,26395,9440,5089,14461,18330,43127,31934,0,0,11231,8145,19979,2742,5790,631,365,0,0,993,42541,1845,5537,0,0,0,0,0
718,5888,719.2015247967669,99799,153,90,155,42,37362,19453,0.5692942815058267,89,48,25722,26444,9425,5085,14454,18289,43150,31972,0,0,11194,8122,19992,2744,5800,633,367,0,0,1012,42557,1839,5539,0,0,0,0,0
719,5888,720.1748830384901,99799,158,87,155,42,37389,19463,0.5696650267036744,98,56,25747,26476,9404,5078,14436,18259,43173,32010,0,0,11149,8110,19994,2738,5815,635,373,0,0,1027,42581,1834,5543,0,0,0,0,0
720,5888,721.1471714891358,99799,151,88,155,42,37412,19473,0.5699956913395926,107,57,25791,26520,9382,5072,14412,18219,43196,32048,0,0,11116,8082,20005,2740,5831,636,377,0,0,1041,42596,1828,5547,0,0,0,0,0
721,5888,722.1180047600483,99799,162,85,155,42,37444,19483,0.5704165372398521,89,59,25827,26567,9361,5071,14404,18174,43219,32086,0,0,11081,8058,20019,2741,5844,637,383,0,0,1053,42613,1819,5551,0,0,0,0,0
722,5888,723.0874490192699,99799,154,90,155,42,37460,19495,0.5706971011733585,90,64,25861,26626,9342,5050,14396,18126,43241,32123,0,0,11049,8031,20035,2739,5858,637,387,0,0,1067,42627,1816,5553,0,0,0,0,0
723,5888,724.0558061403364,99799,142,98,155,42,37481,19514,0.5710979067926533,93,56,25897,26684,9331,5041,14380,18077,43263,32160,0,0,11014,8008,20045,2735,5879,638,393,0,0,1081,42641,1809,5556,0,0,0,0,0
724,5888,725.0227131127322,99799,147,99,155,42,37514,19531,0.5715989138167717,81,47,25947,26738,9319,5042,14349,18030,43285,32197,0,0,10975,7987,20056,2734,5890,642,399,0,0,1103,42652,1807,5554,0,0,0,0,0
725,5888,726.4703007451138,99799,147,93,155,42,37544,19552,0.5721099409813726,88,42,26018,26818,9297,5049,14293,17954,43307,32234,0,0,10937,7967,20064,2729,5908,643,406,0,0,1137,42649,1803,5556,0,0,0,0,0
726,5888,727.4328926350188,99799,146,83,155,42,37567,19557,0.5723905049148789,80,50,26048,26860,9285,5043,14284,17920,43329,32270,0,0,10907,7944,20080,2728,5916,647,410,0,0,1158,42654,1797,5558,0,0,0,0,0
727,5888,728.394337179778,99799,141,83,155,42,37584,19567,0.5726610487079029,93,52,26079,26924,9271,5026,14259,17871,43350,32306,0,0,10879,7922,20096,2724,5927,649,410,0,0,1177,42662,1793,5560,0,0,0,0,0
728,5888,729.3546460872161,99799,162,85,155,42,37620,19579,0.5731420154510566,73,53,26103,26965,9253,5016,14252,17837,43371,32342,0,0,10849,7900,20110,2723,5934,653,411,0,0,1188,42680,1789,5562,0,0,0,0,0
729,5888,730.3139455084186,99797,157,86,156,43,37640,19589,0.5734541118470495,71,55,26145,27015,9230,5007,14239,17792,43392,32378,0,0,10817,7883,20117,2718,5950,656,413,0,0,1202,42694,1785,5562,0,0,0,0,0
730,5888,731.2718966076002,99797,140,84,156,43,37653,19601,0.5737046203793701,75,51,26170,27057,9224,5004,14233,17759,43413,32414,0,0,10788,7864,20120,2713,5972,656,416,0,0,1224,42698,1776,5570,0,0,0,0,0
731,5888,732.228847292554,99797,144,84,156,43,37675,19609,0.5740052306181549,77,52,26217,27092,9184,4997,14220,17730,43434,32449,0,0,10754,7846,20131,2707,5985,657,421,0,0,1235,42716,1772,5573,0,0,0,0,0
732,5888,733.1843518342553,99797,139,78,156,43,37691,19619,0.5742657594917683,81,52,26254,27151,9160,4987,14208,17687,43455,32484,0,0,10720,7827,20140,2704,5999,657,424,0,0,1257,42725,1768,5576,0,0,0,0,0
733,5888,734.1383802169614,99797,146,82,156,43,37712,19633,0.5746164714370171,77,53,26292,27195,9131,4978,14196,17647,43475,32519,0,0,10699,7803,20158,2699,6012,658,428,0,0,1268,42731,1760,5581,0,0,0,0,0
734,5888,735.0910459777336,99797,152,86,156,43,37736,19646,0.5749872240648517,73,46,26332,27239,9107,4970,14178,17614,43495,32554,0,0,10673,7788,20167,2692,6024,661,429,0,0,1283,42741,1753,5586,0,0,0,0,0
735,5888,736.0423624068659,99797,143,86,156,43,37752,19659,0.5752778139623436,81,40,26392,27300,9076,4962,14150,17567,43515,32588,0,0,10643,7760,20181,2696,6038,662,431,0,0,1297,42754,1750,5585,0,0,0,0,0
736,5888,737.4654327986411,99797,144,79,156,43,37780,19674,0.575708688637935,88,33,26457,27390,9046,4947,14107,17506,43535,32622,0,0,10605,7741,20188,2697,6051,665,441,0,0,1319,42760,1745,5585,0,0,0,0,0
737,5888,738.4122278592336,99797,159,76,156,43,37816,19679,0.5761195226309408,74,37,26493,27444,9014,4927,14102,17471,43555,32656,0,0,10579,7717,20204,2693,6063,669,445,0,0,1328,42773,1742,5584,0,0,0,0,0
738,5888,739.3576980337276,99797,160,74,156,43,37836,19686,0.5763900718458471,75,38,26533,27489,8980,4915,14094,17439,43575,32690,0,0,10552,7690,20218,2695,6074,670,447,0,0,1339,42787,1738,5587,0,0,0,0,0
739,5888,740.301701540483,99797,148,81,156,43,37853,19697,0.5766706414020462,81,46,26570,27522,8963,4896,14080,17410,43594,32724,0,0,10522,7660,20235,2698,6085,672,452,0,0,1348,42802,1737,5586,0,0,0,0,0
740,5888,741.2443683197984,99797,159,85,156,43,37877,19711,0.5770514143711735,73,45,26623,27563,8936,4883,14051,17379,43613,32757,0,0,10489,7642,20248,2694,6096,672,454,0,0,1358,42822,1735,5587,0,0,0,0,0
741,5888,742.1851397699505,99797,156,88,156,43,37892,19724,0.5773319839273726,75,46,26677,27611,8911,4871,14023,17339,43632,32790,0,0,10464,7625,20260,2691,6107,674,455,0,0,1374,42830,1728,5589,0,0,0,0,0
742,5888,743.1240350917752,99797,151,84,156,43,37911,19732,0.5776025331422788,79,45,26711,27661,8894,4865,14007,17300,43651,32823,0,0,10436,7606,20266,2688,6126,675,459,0,0,1388,42840,1722,5591,0,0,0,0,0
743,5888,744.0615510689363,99797,147,72,156,43,37931,19738,0.5778630620158922,83,54,26750,27707,8875,4863,13987,17259,43670,32856,0,0,10405,7588,20273,2692,6137,675,463,0,0,1410,42845,1710,5599,0,0,0,0,0
744,5888,745.4655204152116,99797,151,84,156,43,37961,19764,0.5784242011282904,87,44,26808,27796,8850,4844,13946,17187,43689,32889,0,0,10378,7563,20284,2692,6153,677,466,0,0,1425,42854,1705,5600,0,0,0,0,0
745,5888,746.3996306937257,99797,151,78,156,43,37987,19773,0.5787749130735392,89,51,26824,27853,8846,4839,13932,17134,43708,32921,0,0,10343,7539,20298,2695,6161,678,473,0,0,1445,42861,1703,5601,0,0,0,0,0
746,5888,747.3329610087699,99797,148,84,156,43,38003,19787,0.579075523312324,96,57,26867,27897,8815,4817,13916,17100,43726,32953,0,0,10317,7519,20312,2693,6169,680,477,0,0,1459,42869,1698,5604,0,0,0,0,0
747,5888,748.2649179172578,99797,151,85,156,43,38026,19801,0.5794462759401585,89,56,26912,27937,8792,4814,13898,17063,43744,32985,0,0,10291,7500,20321,2690,6182,681,483,0,0,1475,42873,1691,5610,0,0,0,0,0
748,5888,749.1955327170072,99797,173,90,156,43,38064,19813,0.5799472930047997,81,55,26951,27978,8756,4799,13881,17033,43762,33017,0,0,10265,7483,20334,2688,6192,683,482,0,0,1487,42888,1687,5608,0,0,0,0,0
749,5888,750.124534987409,99797,166,92,156,43,38078,19825,0.5802078218784131,87,56,26995,28016,8732,4785,13862,17006,43780,33049,0,0,10240,7469,20341,2684,6201,688,485,0,0,1502,42895,1680,5612,0,0,0,0,0
750,5888,751.0519270518213,99797,162,100,156,43,38097,19842,0.5805685541649549,95,50,27024,28064,8718,4779,13843,16962,43798,33080,0,0,10207,7450,20353,2684,6209,691,493,0,0,1512,42910,1675,5613,0,0,0,0,0
751,5888,752.4409041213067,99797,161,88,156,43,38128,19854,0.5809994288405463,89,53,27100,28135,8706,4771,13786,16908,43816,33111,0,0,10170,7434,20359,2681,6225,693,503,0,0,1539,42909,1671,5613,0,0,0,0,0
752,5888,753.3647933330534,99797,170,93,156,43,38154,19867,0.5813902221509665,97,54,27110,28174,8693,4760,13772,16874,43834,33142,0,0,10141,7422,20367,2676,6237,694,506,0,0,1551,42922,1665,5616,0,0,0,0,0
753,5888,754.2877129673085,99797,174,98,156,43,38173,19886,0.5817709951200938,98,43,27133,28220,8678,4761,13759,16833,43851,33173,0,0,10117,7406,20377,2673,6247,697,508,0,0,1564,42930,1658,5620,0,0,0,0,0
754,5888,755.2101373236143,99797,169,92,156,43,38189,19894,0.5820114833111216,100,42,27159,28273,8671,4755,13743,16793,43868,33204,0,0,10093,7389,20382,2673,6262,698,509,0,0,1580,42936,1650,5625,0,0,0,0,0
755,5888,756.131827210598,99797,178,86,156,43,38219,19900,0.5823722155976633,96,52,27186,28300,8658,4752,13724,16765,43885,33234,0,0,10065,7373,20387,2673,6277,699,508,0,0,1596,42948,1648,5623,0,0,0,0,0
756,5888,757.0524569435248,99797,182,86,156,43,38247,19911,0.5827630089080834,99,54,27223,28336,8638,4747,13700,16732,43902,33264,0,0,10039,7356,20394,2672,6284,704,510,0,0,1612,42956,1643,5627,0,0,0,0,0
757,5888,758.4311592864977,99796,192,87,156,44,38288,19925,0.5833199727443986,97,58,27271,28400,8615,4738,13667,16671,43919,33294,0,0,10014,7333,20396,2675,6300,707,514,0,0,1628,42961,1638,5630,0,0,0,0,0
758,5888,759.3488155185241,99796,193,83,156,44,38310,19936,0.5836506473205338,100,65,27296,28441,8596,4736,13657,16629,43936,33324,0,0,9986,7319,20404,2674,6308,710,517,0,0,1647,42967,1630,5634,0,0,0,0,0
759,5888,760.2655103571523,99796,188,88,156,44,38328,19952,0.5839913423383702,116,57,27330,28497,8584,4721,13624,16591,43953,33354,0,0,9961,7300,20414,2667,6327,710,523,0,0,1662,42971,1627,5634,0,0,0,0,0
760,5888,761.1810351927129,99796,188,87,156,44,38349,19966,0.5843420577979077,118,59,27363,28534,8570,4723,13603,16551,43969,33383,0,0,9929,7287,20419,2662,6340,711,529,0,0,1680,42979,1625,5635,0,0,0,0,0
761,5888,762.0952566886762,99796,182,89,156,44,38372,19980,0.5847128141408473,116,59,27394,28581,8563,4715,13587,16510,43985,33412,0,0,9899,7273,20425,2658,6351,713,533,0,0,1706,42979,1624,5635,0,0,0,0,0
762,5888,763.0086570299436,99796,193,93,156,44,38405,19994,0.5851837749007976,115,60,27419,28614,8547,4707,13568,16480,44001,33441,0,0,9876,7255,20433,2655,6362,715,535,0,0,1724,42982,1621,5638,0,0,0,0,0
763,5888,764.3764635459421,99796,198,97,156,44,38447,20014,0.585805042286264,111,58,27491,28672,8524,4702,13518,16425,44017,33470,0,0,9846,7241,20428,2655,6381,718,538,0,0,1748,42984,1617,5640,0,0,0,0,0
764,5888,765.2866050303608,99796,197,106,156,44,38467,20035,0.5862158803960078,108,49,27507,28717,8516,4693,13514,16389,44033,33499,0,0,9818,7223,20439,2658,6385,721,542,0,0,1764,42991,1612,5643,0,0,0,0,0
765,5888,766.1959562845337,99796,204,100,156,44,38495,20047,0.5866166980640507,105,45,27543,28765,8495,4698,13495,16346,44049,33528,0,0,9794,7206,20446,2658,6398,722,544,0,0,1784,42992,1606,5646,0,0,0,0,0
766,5888,767.1043177048773,99796,212,91,156,44,38520,20054,0.5869373521984849,111,48,27580,28808,8464,4697,13475,16310,44065,33556,0,0,9774,7187,20457,2652,6411,726,548,0,0,1799,42993,1604,5645,0,0,0,0,0
767,5888,768.0114044252723,99796,214,95,156,44,38546,20067,0.5873281494248267,113,43,27599,28848,8456,4688,13460,16280,44081,33584,0,0,9754,7168,20458,2656,6426,728,545,0,0,1812,43002,1599,5648,0,0,0,0,0
768,5888,769.370349776825,99795,204,91,157,44,38586,20083,0.5878951851295156,105,45,27668,28924,8447,4684,13417,16210,44096,33612,0,0,9722,7148,20459,2660,6443,731,554,0,0,1844,42993,1594,5647,0,0,0,0,0
769,5888,770.2746898407257,99795,196,89,157,44,38603,20096,0.5881958013928553,114,46,27701,28956,8438,4679,13392,16184,44111,33640,0,0,9693,7134,20465,2655,6456,733,561,0,0,1862,42997,1589,5650,0,0,0,0,0
770,5888,771.1779528223268,99795,199,86,157,44,38634,20103,0.5885765819930858,104,58,27729,28991,8435,4666,13374,16153,44126,33668,0,0,9669,7118,20468,2657,6475,733,562,0,0,1877,43004,1584,5648,0,0,0,0,0
771,5888,772.0802773200032,99795,207,83,157,44,38663,20111,0.588947342051205,93,59,27745,29048,8430,4658,13366,16106,44141,33696,0,0,9645,7101,20476,2657,6484,737,563,0,0,1890,43013,1581,5648,0,0,0,0,0
772,5888,773.4326750975875,99795,212,85,157,44,38701,20134,0.589558595119996,92,49,27767,29120,8426,4658,13344,16042,44156,33723,0,0,9619,7077,20477,2659,6505,740,571,0,0,1904,43015,1578,5650,0,0,0,0,0
773,5888,774.3334347122087,99795,205,80,157,44,38721,20143,0.5898491908412246,104,52,27807,29170,8413,4649,13312,16003,44171,33750,0,0,9598,7055,20485,2659,6523,741,574,0,0,1917,43018,1573,5652,0,0,0,0,0
774,5888,775.233231481256,99795,204,84,157,44,38746,20160,0.5902700536099003,102,49,27834,29207,8408,4647,13293,15967,44186,33777,0,0,9574,7040,20489,2658,6536,743,578,0,0,1938,43017,1569,5653,0,0,0,0,0
775,5888,776.131987407735,99795,197,87,157,44,38768,20167,0.5905606493311288,109,53,27874,29253,8398,4633,13263,15928,44201,33804,0,0,9551,7024,20498,2652,6551,743,581,0,0,1956,43019,1566,5654,0,0,0,0,0
776,5888,777.0295721693689,99795,198,89,157,44,38785,20179,0.5908512450523573,119,57,27903,29302,8373,4624,13248,15882,44216,33831,0,0,9530,7012,20502,2650,6563,746,579,0,0,1968,43028,1563,5654,0,0,0,0,0
777,5888,778.3738696656902,99795,195,83,157,44,38812,20193,0.5912620872789218,126,60,27957,29385,8361,4610,13202,15816,44230,33858,0,0,9509,6998,20502,2650,6577,750,581,0,0,1993,43020,1556,5659,0,0,0,0,0
778,5888,779.2685208300446,99795,202,83,157,44,38835,20199,0.5915526830001503,131,61,27980,29426,8342,4607,13186,15777,44244,33884,0,0,9489,6990,20503,2643,6590,752,582,0,0,2005,43027,1551,5663,0,0,0,0,0
779,5888,780.1623538335062,99795,205,88,157,44,38865,20215,0.5920136279372714,120,58,28022,29467,8335,4595,13159,15746,44258,33910,0,0,9471,6968,20511,2641,6610,753,586,0,0,2017,43028,1548,5662,0,0,0,0,0
780,5888,781.0550210814713,99795,207,89,157,44,38893,20227,0.5924144496217245,121,59,28043,29493,8331,4593,13139,15720,44272,33936,0,0,9452,6951,20516,2636,6629,754,589,0,0,2031,43028,1544,5665,0,0,0,0,0
781,5888,782.3924334008252,99795,218,96,157,44,38936,20252,0.5930958464852949,118,49,28099,29573,8320,4586,13086,15650,44286,33962,0,0,9423,6938,20518,2636,6641,757,595,0,0,2057,43025,1540,5665,0,0,0,0,0
782,5888,783.2825320033531,99795,218,89,157,44,38958,20260,0.5933964627486347,121,50,28129,29616,8307,4584,13066,15615,44300,33988,0,0,9398,6924,20521,2632,6660,758,599,0,0,2072,43030,1539,5662,0,0,0,0,0
783,5888,784.1716009014026,99795,225,92,157,44,38995,20270,0.5938674282278671,105,50,28155,29662,8301,4567,13055,15583,44314,34014,0,0,9372,6910,20524,2632,6672,761,601,0,0,2087,43038,1536,5662,0,0,0,0,0
784,5888,785.0598891749937,99795,217,89,157,44,39016,20285,0.594228167743875,116,46,28173,29701,8298,4569,13037,15549,44328,34039,0,0,9344,6896,20529,2632,6685,762,608,0,0,2110,43036,1530,5663,0,0,0,0,0
785,5888,786.3908844417066,99795,212,84,157,44,39054,20300,0.5947592564757753,115,47,28229,29758,8289,4568,12996,15497,44342,34064,0,0,9323,6877,20530,2633,6704,766,613,0,0,2138,43023,1524,5664,0,0,0,0,0
786,5888,787.2770159601511,99795,202,85,157,44,39075,20313,0.5950999549075605,106,51,28270,29799,8281,4566,12982,15453,44356,34089,0,0,9303,6861,20535,2631,6714,771,617,0,0,2159,43018,1519,5667,0,0,0,0,0
787,5888,788.1620022017626,99795,205,89,157,44,39097,20326,0.595450673881457,104,47,28298,29863,8273,4552,12961,15403,44369,34114,0,0,9283,6844,20544,2627,6726,773,620,0,0,2170,43023,1518,5667,0,0,0,0,0
788,5888,789.046022993186,99795,207,89,157,44,39122,20331,0.5957512901447969,100,53,28323,29900,8266,4542,12945,15370,44382,34139,0,0,9258,6830,20549,2626,6739,774,622,0,0,2181,43034,1518,5664,0,0,0,0,0
789,5888,790.3704463237746,99794,209,86,158,44,39157,20345,0.5962482714391647,98,66,28386,29959,8251,4526,12896,15317,44395,34164,0,0,9233,6811,20556,2626,6753,776,631,0,0,2201,43027,1515,5665,0,0,0,0,0
790,5888,791.2518865748928,99794,191,88,158,44,39174,20357,0.5965388700723491,101,65,28415,30002,8262,4513,12871,15286,44408,34189,0,0,9213,6793,20565,2624,6767,779,642,0,0,2215,43021,1505,5670,0,0,0,0,0
791,5888,792.1323460741955,99794,190,85,158,44,39193,20373,0.596889592560675,103,59,28434,30053,8257,4508,12856,15249,44421,34213,0,0,9190,6773,20569,2626,6783,780,646,0,0,2228,43027,1503,5669,0,0,0,0,0
792,5888,793.0122325033324,99794,167,83,158,44,39208,20382,0.5971300879812413,106,57,28470,30100,8262,4503,12835,15211,44434,34237,0,0,9168,6756,20569,2626,6802,782,651,0,0,2246,43026,1497,5671,0,0,0,0,0
793,5888,794.3303769951576,99794,163,80,158,44,39241,20399,0.5976311201074213,105,57,28529,30157,8247,4503,12796,15157,44447,34261,0,0,9135,6742,20568,2628,6815,786,662,0,0,2268,43026,1493,5671,0,0,0,0,0
794,5888,795.2077075800639,99794,161,85,158,44,39262,20416,0.598011904523318,100,50,28578,30200,8224,4500,12777,15119,44460,34285,0,0,9115,6727,20572,2628,6827,787,667,0,0,2283,43026,1485,5677,0,0,0,0,0
795,5888,796.0837781701057,99793,165,82,159,44,39289,20428,0.5984087060214645,98,50,28604,30234,8209,4499,12763,15089,44473,34309,0,0,9091,6711,20575,2629,6839,789,669,0,0,2300,43031,1484,5675,0,0,0,0,0
796,5888,797.3958996535782,99793,162,86,159,44,39315,20450,0.5988897016824828,102,37,28667,30305,8186,4488,12722,15038,44486,34333,0,0,9075,6693,20585,2629,6852,794,675,0,0,2317,43022,1476,5675,0,0,0,0,0
797,5888,798.2689919758568,99793,157,84,159,44,39333,20461,0.5991803032276813,106,35,28705,30350,8177,4482,12694,15003,44499,34357,0,0,9056,6682,20588,2625,6866,797,676,0,0,2335,43022,1471,5675,0,0,0,0,0
798,5888,799.1409952107144,99793,161,86,159,44,39356,20474,0.599541049973445,99,31,28744,30386,8165,4478,12670,14973,44511,34380,0,0,9040,6666,20595,2620,6881,798,675,0,0,2347,43026,1468,5677,0,0,0,0,0
799,5888,800.0119430460047,99793,164,87,159,44,39384,20484,0.5999218382050845,84,31,28775,30438,8158,4468,12658,14930,44523,34403,0,0,9019,6652,20597,2621,6897,798,676,0,0,2360,43032,1465,5676,0,0,0,0,0
800,5888,801.3166870773796,99793,160,80,159,44,39416,20492,0.6003226679225998,82,31,28827,30521,8159,4450,12611,14872,44535,34426,0,0,9000,6635,20599,2623,6908,804,678,0,0,2383,43026,1461,5676,0,0,0,0,0
801,5888,802.1852703660261,99793,150,74,159,44,39427,20495,0.6004629583237301,85,41,28868,30552,8142,4449,12594,14838,44547,34449,0,0,8985,6622,20606,2622,6914,811,677,0,0,2396,43028,1458,5674,0,0,0,0,0
802,5888,803.052674193407,99793,150,81,159,44,39447,20507,0.6007836220977423,87,35,28907,30594,8126,4438,12569,14806,44559,34472,0,0,8967,6608,20610,2623,6922,813,676,0,0,2407,43035,1454,5678,0,0,0,0,0
803,5888,804.3515817351636,99793,151,74,159,44,39476,20514,0.6011443688435061,87,43,28971,30661,8100,4428,12530,14748,44571,34495,0,0,8951,6592,20613,2624,6937,817,677,0,0,2424,43032,1451,5675,0,0,0,0,0
804,5888,805.2159285990003,99793,149,75,159,44,39491,20524,0.6013948874169531,93,45,28993,30694,8081,4424,12523,14716,44583,34518,0,0,8929,6583,20614,2618,6952,818,680,0,0,2433,43041,1449,5676,0,0,0,0,0
805,5888,806.0794609678778,99793,152,79,159,44,39513,20534,0.6017155511909653,98,44,29013,30722,8069,4421,12507,14688,44595,34540,0,0,8913,6571,20617,2613,6967,818,681,0,0,2446,43043,1446,5678,0,0,0,0,0
806,5888,807.3734050029195,99793,160,84,159,44,39547,20552,0.6022366298237352,87,42,29062,30777,8051,4414,12479,14637,44607,34562,0,0,8890,6558,20619,2611,6983,821,686,0,0,2459,43048,1444,5674,0,0,0,0,0
807,5888,808.2347503715644,99793,157,77,159,44,39564,20558,0.6024671069113064,89,46,29086,30838,8035,4407,12472,14586,44619,34584,0,0,8870,6550,20615,2607,7001,822,684,0,0,2476,43052,1443,5673,0,0,0,0,0
808,5888,809.095375503297,99793,150,72,159,44,39579,20566,0.6026975839988776,88,52,29125,30891,8020,4393,12456,14546,44631,34606,0,0,8851,6540,20618,2601,7014,823,688,0,0,2497,43046,1439,5676,0,0,0,0,0
809,5888,810.3844801481214,99793,149,70,159,44,39603,20581,0.6030883929734551,89,53,29169,30956,8005,4390,12427,14485,44642,34628,0,0,8832,6526,20621,2597,7032,827,693,0,0,2510,43047,1436,5672,0,0,0,0,0
810,5888,811.2427788709731,99793,161,70,159,44,39629,20592,0.6034591604621566,77,47,29202,30999,7988,4389,12411,14449,44653,34650,0,0,8816,6512,20628,2597,7037,829,694,0,0,2527,43045,1435,5673,0,0,0,0,0
811,5888,812.10026190717,99793,149,76,159,44,39646,20606,0.603769803493231,83,42,29236,31060,7985,4377,12386,14399,44664,34672,0,0,8805,6495,20633,2595,7053,834,694,0,0,2536,43044,1431,5673,0,0,0,0,0
812,5888,813.3846328421173,99793,143,74,159,44,39677,20618,0.6042006954395599,83,42,29285,31112,7975,4372,12353,14354,44675,34694,0,0,8784,6480,20627,2597,7072,839,697,0,0,2552,43045,1429,5671,0,0,0,0,0
813,5888,814.2398217284415,99793,142,77,159,44,39695,20629,0.6044912969847585,82,37,29331,31159,7965,4360,12319,14321,44686,34715,0,0,8771,6469,20632,2590,7084,841,699,0,0,2566,43041,1426,5674,0,0,0,0,0
814,5888,815.0937400376374,99793,142,74,159,44,39712,20635,0.6047217740723297,84,43,29349,31196,7958,4356,12306,14285,44697,34736,0,0,8753,6458,20635,2588,7094,842,702,0,0,2579,43043,1422,5677,0,0,0,0,0
815,5888,816.3731958459667,99793,142,78,159,44,39743,20649,0.6051727075045343,80,39,29401,31255,7946,4345,12270,14237,44708,34757,0,0,8736,6448,20639,2587,7098,849,704,0,0,2602,43034,1418,5678,0,0,0,0,0
816,5888,817.2250680978503,99793,145,77,159,44,39761,20657,0.6054332468209193,74,40,29424,31291,7937,4341,12259,14205,44719,34778,0,0,8713,6437,20642,2588,7104,851,707,0,0,2613,43043,1417,5678,0,0,0,0,0
817,5888,818.076088948908,99793,138,86,159,44,39769,20670,0.6056436824226148,77,33,29458,31332,7919,4325,12247,14178,44730,34799,0,0,8697,6425,20651,2584,7110,852,710,0,0,2625,43044,1415,5680,0,0,0,0,0
818,5888,819.3509522415886,99793,144,78,159,44,39796,20685,0.6060645536260059,77,27,29517,31401,7890,4328,12211,14120,44741,34820,0,0,8680,6415,20652,2581,7124,854,710,0,0,2650,43033,1412,5682,0,0,0,0,0
819,5888,820.1995443945885,99793,152,72,159,44,39818,20690,0.6063351136853287,75,33,29539,31436,7874,4326,12199,14087,44752,34841,0,0,8662,6401,20658,2582,7130,855,712,0,0,2663,43036,1409,5685,0,0,0,0,0
820,5888,821.0471722599815,99793,157,70,159,44,39842,20697,0.606645756716403,68,30,29574,31470,7864,4320,12176,14064,44763,34862,0,0,8646,6390,20662,2577,7138,859,712,0,0,2679,43036,1409,5685,0,0,0,0,0
821,5888,822.3172355962507,99793,145,65,159,44,39863,20708,0.6069664204904152,73,33,29622,31542,7853,4320,12146,13994,44774,34882,0,0,8631,6376,20664,2575,7157,859,711,0,0,2708,43023,1406,5683,0,0,0,0,0
822,5888,823.1627829699795,99793,143,63,159,44,39873,20714,0.6071267523774213,77,35,29648,31577,7840,4315,12131,13964,44785,34902,0,0,8609,6366,20670,2575,7162,860,712,0,0,2717,43034,1404,5684,0,0,0,0,0
823,5888,824.0075629653596,99793,133,67,159,44,39882,20724,0.607317146493241,82,36,29682,31603,7833,4309,12109,13939,44795,34922,0,0,8600,6351,20673,2573,7177,862,711,0,0,2724,43036,1400,5686,0,0,0,0,0
824,5888,825.2730636697282,99793,134,66,159,44,39908,20735,0.6076879139819427,84,36,29730,31664,7807,4307,12084,13881,44805,34942,0,0,8579,6337,20676,2573,7189,863,715,0,0,2741,43036,1399,5685,0,0,0,0,0
825,5888,826.115573141495,99793,130,59,159,44,39925,20742,0.6079284118124518,81,35,29762,31718,7804,4303,12062,13839,44815,34962,0,0,8565,6322,20677,2571,7204,865,717,0,0,2756,43033,1397,5686,0,0,0,0,0
826,5888,827.3775531207634,99793,131,60,159,44,39952,20751,0.6082891585582155,78,35,29818,31797,7789,4293,12023,13769,44825,34982,0,0,8549,6308,20678,2570,7221,868,719,0,0,2762,43037,1396,5685,0,0,0,0,0
827,5888,828.2175811405106,99793,134,59,159,44,39965,20755,0.6084595111881594,75,40,29853,31825,7772,4285,12005,13745,44835,35002,0,0,8534,6298,20680,2567,7232,870,718,0,0,2765,43050,1394,5685,0,0,0,0,0
828,5888,829.0566149118171,99793,136,58,159,44,39974,20763,0.6086298638181035,81,35,29906,31863,7739,4280,11977,13718,44845,35022,0,0,8519,6285,20687,2567,7234,874,721,0,0,2770,43057,1391,5688,0,0,0,0,0
829,5888,830.3127982651926,99793,131,61,159,44,39989,20771,0.6088603409056748,88,35,29956,31922,7725,4271,11939,13665,44855,35042,0,0,8504,6273,20694,2564,7241,876,723,0,0,2785,43055,1389,5689,0,0,0,0,0
830,5888,831.1488753532577,99793,130,57,159,44,40002,20779,0.6090707765073703,87,32,29980,31950,7720,4273,11922,13642,44865,35061,0,0,8491,6257,20705,2567,7242,880,724,0,0,2800,43052,1387,5688,0,0,0,0,0
831,5888,832.4016645933915,99793,121,60,159,44,40022,20791,0.6093914402813825,97,29,30027,32020,7717,4264,11877,13581,44875,35080,0,0,8470,6243,20707,2570,7253,882,732,0,0,2810,43054,1382,5690,0,0,0,0,0
832,5888,833.235890841974,99793,126,62,159,44,40039,20799,0.6096419588548295,98,28,30057,32061,7695,4254,11863,13549,44885,35099,0,0,8454,6235,20713,2567,7259,883,732,0,0,2821,43057,1380,5692,0,0,0,0,0
833,5888,834.0691016631998,99793,128,58,159,44,40056,20804,0.6098624151994629,94,29,30088,32107,7675,4252,11854,13508,44895,35118,0,0,8438,6228,20714,2561,7268,888,736,0,0,2830,43060,1378,5692,0,0,0,0,0
834,5888,835.3174802453308,99793,132,56,159,44,40084,20812,0.6102231619452266,90,29,30145,32178,7654,4239,11818,13452,44905,35137,0,0,8426,6212,20717,2562,7281,891,738,0,0,2841,43058,1374,5693,0,0,0,0,0
835,5888,836.14833653552,99792,134,55,160,44,40102,20816,0.6104497354497355,85,30,30171,32209,7645,4228,11803,13432,44915,35156,0,0,8412,6201,20724,2558,7283,897,739,0,0,2849,43063,1372,5694,0,0,0,0,0
836,5888,837.3932110194738,99792,123,56,160,44,40121,20828,0.6107603815937149,90,28,30214,32284,7633,4221,11778,13365,44925,35175,0,0,8393,6187,20726,2563,7299,898,742,0,0,2864,43063,1369,5688,0,0,0,0,0
837,5888,838.2221718570546,99792,126,54,160,44,40136,20833,0.6109607984607984,89,31,30237,32303,7633,4220,11753,13346,44934,35194,0,0,8376,6180,20728,2561,7308,900,744,0,0,2871,43071,1366,5687,0,0,0,0,0
838,5888,839.0504696285176,99792,136,59,160,44,40162,20847,0.6113616321949655,75,24,30275,32364,7616,4213,11736,13294,44943,35213,0,0,8366,6166,20734,2559,7320,901,745,0,0,2881,43069,1362,5689,0,0,0,0,0
839,5888,840.2912952245334,99792,132,56,160,44,40184,20856,0.611672278338945,79,25,30328,32426,7599,4208,11700,13239,44952,35231,1,1,8351,6153,20735,2559,7330,904,747,0,0,2901,43060,1361,5689,0,0,0,0,2
840,5888,841.1172610880795,99792,141,50,160,44,40203,20860,0.611902757736091,78,28,30369,32458,7570,4200,11680,13218,44961,35249,2,2,8335,6143,20738,2558,7338,906,748,0,0,2911,43065,1360,5688,0,0,0,0,2
841,5888,842.3542338603648,99792,136,47,160,44,40225,20865,0.6121733205066539,75,34,30420,32512,7558,4192,11649,13169,44970,35267,3,3,8320,6130,20746,2558,7346,909,751,0,0,2928,43058,1357,5685,0,0,0,0,4
842,5888,843.1777548422422,99792,140,51,160,44,40242,20870,0.6123937790604457,65,38,30450,32546,7546,4184,11637,13135,44979,35285,4,4,8305,6122,20749,2554,7351,912,752,0,0,2933,43066,1355,5687,0,0,1,0,5
843,5888,844.0004201722321,99791,138,49,161,44,40256,20872,0.6125602509244321,65,43,30487,32576,7539,4180,11608,13106,44988,35303,6,5,8291,6111,20749,2555,7360,912,750,0,0,2943,43071,1353,5687,0,0,3,0,6
844,5888,845.2327097062861,99791,131,56,161,44,40276,20887,0.612910983956469,67,38,30527,32621,7529,4166,11583,13073,44997,35321,8,6,8276,6100,20751,2556,7372,915,751,0,0,2955,43070,1347,5687,0,0,3,0,8
845,5888,846.053233973743,99791,129,61,161,44,40293,20900,0.6132116122696436,58,31,30561,32646,7515,4162,11574,13054,45006,35339,11,8,8268,6082,20755,2560,7381,917,748,0,0,2967,43065,1345,5687,1,0,4,0,11
846,5888,847.2825415811709,99791,121,61,161,44,40311,20910,0.6134921986952732,66,29,30608,32697,7506,4152,11536,13015,45015,35357,15,10,8249,6072,20754,2561,7396,919,752,0,0,2975,43063,1342,5686,2,0,4,0,16
847,5888,848.1009782730521,99791,110,63,161,44,40316,20918,0.6136224709643154,69,31,30636,32718,7496,4148,11526,12994,45024,35375,20,12,8237,6062,20759,2559,7405,922,751,0,0,2984,43059,1340,5685,2,0,4,0,22
848,5888,849.3272907919753,99791,107,58,161,44,40327,20925,0.6138028479522202,73,31,30697,32775,7468,4143,11492,12947,45033,35393,26,15,8225,6055,20755,2558,7416,924,750,0,0,2996,43055,1336,5684,2,1,9,0,25
849,5888,850.1435719731447,99791,105,59,161,44,40343,20932,0.6140333296589873,70,28,30735,32819,7455,4134,11472,12914,45042,35410,33,18,8220,6041,20756,2555,7427,927,749,0,0,3006,43045,1333,5685,2,1,14,0,30
850,5888,851.3661939947963,99791,110,62,161,44,40362,20942,0.6143239370283894,59,27,30793,32873,7440,4125,11435,12867,45051,35427,41,21,8208,6036,20751,2553,7432,931,750,0,0,3016,43038,1327,5691,2,2,17,0,37
851,5888,852.1800151212765,99791,108,62,161,44,40373,20948,0.6144942930725216,63,27,30815,32898,7422,4120,11429,12847,45060,35444,50,25,8191,6026,20751,2553,7440,931,753,0,0,3023,43038,1325,5689,4,2,22,0,43
852,5888,853.3992981101887,99791,98,60,161,44,40390,20959,0.6147748794981511,69,26,30862,32941,7410,4106,11398,12821,45069,35461,61,29,8177,6014,20746,2555,7455,935,753,0,0,3034,43027,1322,5687,4,4,24,0,54
853,5888,854.2111724967376,99791,96,51,161,44,40398,20961,0.614875088935876,75,33,30891,32967,7394,4105,11381,12798,45078,35478,73,34,8165,6004,20748,2554,7458,940,755,0,0,3043,43018,1319,5687,6,5,27,0,62
854,5888,855.0223032402491,99791,90,52,161,44,40406,20971,0.6150554659237807,76,27,30921,32994,7374,4098,11376,12783,45087,35495,87,39,8155,5994,20747,2552,7464,946,756,0,0,3053,43003,1316,5689,6,6,29,0,75
855,5888,856.2375103376734,99791,106,55,161,44,40432,20980,0.6154061989558176,78,31,30964,33031,7340,4085,11349,12752,45095,35512,102,44,8144,5980,20752,2554,7466,949,757,0,0,3058,42992,1315,5688,8,7,31,0,90
856,5888,857.046698080139,99791,109,59,161,44,40449,20989,0.6156667434939023,73,30,30986,33060,7325,4071,11344,12734,45103,35529,119,50,8128,5974,20751,2549,7473,951,760,0,0,3067,42980,1313,5687,10,8,35,0,105
857,5888,858.2592212412919,99791,110,63,161,44,40471,21002,0.6160174765259392,58,26,31048,33115,7312,4057,11309,12693,45111,35546,138,56,8112,5963,20746,2553,7481,953,761,0,0,3077,42968,1310,5685,13,10,41,0,118
858,5888,859.066446719942,99791,104,61,161,44,40478,21007,0.616137727851209,68,30,31070,33137,7300,4046,11295,12680,45119,35563,158,63,8095,5957,20740,2554,7480,959,763,0,0,3085,42958,1307,5686,15,11,48,0,133
859,5888,860.2757044692648,99791,99,60,161,44,40495,21015,0.6163882514455211,72,33,31116,33185,7287,4035,11263,12641,45127,35580,180,70,8076,5946,20733,2560,7490,962,768,0,0,3091,42945,1301,5686,16,11,53,0,153
860,5888,861.0808615460253,99791,102,62,161,44,40504,21021,0.6165385656021084,73,35,31155,33200,7264,4021,11243,12636,45135,35596,204,78,8069,5934,20732,2558,7494,964,767,0,0,3095,42930,1300,5685,17,13,63,0,170
861,5888,862.2870651039876,99791,111,63,161,44,40530,21030,0.6168892986341453,68,34,31194,33231,7244,4015,11220,12611,45143,35612,230,86,8056,5926,20721,2558,7500,970,768,0,0,3104,42911,1298,5685,18,15,71,0,190
862,5888,863.0901409937329,99791,119,64,161,44,40547,21040,0.6171598641160024,64,32,31208,33239,7230,4014,11216,12605,45151,35628,258,95,8040,5921,20718,2557,7503,974,768,0,0,3110,42891,1296,5684,20,16,76,0,217
863,5888,864.2938342991423,99791,124,65,161,44,40567,21047,0.6174304295978595,70,32,31244,33254,7207,4011,11192,12592,45159,35644,288,104,8030,5907,20713,2558,7513,976,768,0,0,3116,42866,1295,5683,21,17,84,0,244
864,5888,865.0954262192104,99791,119,60,161,44,40581,21054,0.6176408694170817,79,35,31263,33264,7200,4016,11176,12579,45167,35660,320,114,8021,5901,20699,2554,7520,981,766,0,0,3137,42829,1293,5683,23,17,97,0,270
865,5888,866.2968685260885,99791,117,70,161,44,40604,21072,0.6180517281117536,80,29,31293,33289,7195,4001,11152,12565,45175,35676,354,125,8006,5894,20687,2552,7529,984,767,0,0,3154,42797,1292,5678,28,20,107,0,296
866,5888,867.0971434952729,99791,126,65,161,44,40628,21077,0.6183423354811556,68,30,31328,33307,7180,3992,11135,12560,45183,35692,390,136,7990,5885,20677,2551,7537,988,770,0,0,3161,42771,1291,5676,28,22,120,0,324
867,5888,868.296353950741,99791,120,60,161,44,40642,21082,0.6185327334128328,76,32,31369,33332,7161,3976,11111,12554,45191,35708,429,148,7977,5876,20662,2547,7554,989,774,0,0,3169,42737,1289,5672,33,23,133,0,356
868,5888,869.0949297163569,99791,118,54,161,44,40655,21086,0.6187030894569651,73,33,31386,33337,7149,3969,11111,12561,45199,35724,470,160,7967,5864,20648,2545,7561,991,774,0,0,3181,42706,1289,5667,37,27,153,0,381
869,5888,870.2919122930555,99791,118,60,161,44,40674,21099,0.6190237596576845,69,28,31423,33357,7138,3951,11089,12558,45207,35740,513,173,7958,5852,20644,2539,7567,1000,776,0,0,3189,42671,1288,5660,42,29,164,0,412
870,5888,871.0890147564522,99791,117,61,161,44,40684,21106,0.6191941157018168,77,29,31433,33357,7120,3943,11090,12564,45215,35756,558,187,7945,5844,20637,2536,7569,1005,778,0,0,3198,42638,1287,5654,46,30,178,0,446
871,5888,872.2839156380437,99791,129,58,161,44,40712,21112,0.6195348277900813,80,40,31487,33380,7090,3925,11051,12551,45223,35771,606,201,7931,5832,20624,2539,7570,1011,780,0,0,3205,42608,1285,5649,50,34,197,0,476
872,5888,873.0793338054854,99791,128,58,161,44,40726,21119,0.6197452676093035,86,43,31500,33383,7075,3918,11048,12552,45231,35786,656,216,7919,5823,20613,2537,7571,1019,783,0,0,3212,42569,1284,5646,53,37,213,0,512
873,5888,874.2715116594245,99791,140,61,161,44,40757,21131,0.6201761681915203,70,44,31534,33411,7063,3900,11030,12538,45239,35801,708,231,7907,5810,20597,2535,7580,1024,787,0,0,3218,42528,1284,5644,54,42,232,0,549
874,5888,875.0654713088364,99791,138,59,161,44,40767,21135,0.620316461404335,79,47,31548,33409,7049,3890,11023,12549,45247,35816,762,247,7896,5801,20584,2530,7588,1028,788,0,0,3225,42485,1284,5639,58,44,248,0,593
875,5888,876.2557651027274,99791,138,66,161,44,40787,21149,0.6206571734925995,86,37,31578,33433,7032,3867,11003,12551,45254,35831,819,264,7883,5796,20563,2529,7592,1035,790,0,0,3238,42438,1281,5633,64,45,267,0,637
876,5888,877.0486349608025,99791,140,58,161,44,40803,21152,0.6208475714242767,89,44,31600,33418,7013,3866,10995,12568,45261,35846,878,281,7869,5789,20543,2529,7601,1039,789,0,0,3247,42393,1281,5626,68,49,284,0,684
877,5888,878.2369400085566,99791,139,56,161,44,40828,21160,0.6211782625687687,80,44,31627,33415,7006,3861,10985,12578,45268,35861,939,299,7852,5783,20527,2526,7608,1047,794,0,0,3261,42339,1280,5617,75,51,298,0,733
878,5888,879.0285408582969,99791,141,58,161,44,40850,21169,0.6214889118257158,77,44,31644,33401,7003,3856,10972,12595,45275,35876,1002,318,7840,5777,20513,2525,7615,1056,796,0,0,3265,42286,1277,5610,79,54,312,0,786
879,5888,880.2152314908325,99791,142,59,161,44,40870,21185,0.6218496658015252,80,35,31690,33406,6983,3853,10942,12601,45282,35891,1068,337,7831,5765,20488,2527,7625,1060,794,0,0,3281,42229,1276,5603,85,55,337,0,835
880,5888,881.0053976864058,99790,142,56,162,44,40885,21188,0.6220362761799779,80,35,31714,33391,6963,3844,10937,12628,45289,35906,1136,357,7817,5758,20475,2526,7625,1067,796,0,0,3289,42172,1274,5598,91,58,352,0,892
881,5888,882.1895827304888,99790,133,54,162,44,40905,21196,0.6223168654173765,78,35,31751,33406,6955,3827,10919,12632,45296,35921,1206,377,7805,5750,20448,2527,7631,1075,799,0,0,3301,42117,1269,5592,99,64,376,0,937
882,5888,883.3723513450545,99790,135,49,162,44,40927,21203,0.6226074756989678,79,39,31775,33401,6941,3822,10906,12643,45303,35936,1278,398,7788,5739,20419,2530,7635,1080,806,0,0,3312,42059,1266,5590,102,65,406,0,993
883,5888,884.1602971660726,99790,138,53,162,44,40947,21211,0.6228880649363664,72,39,31788,33384,6936,3807,10902,12671,45310,35951,1352,420,7775,5732,20397,2531,7637,1090,806,0,0,3315,42001,1265,5586,105,69,424,0,1057
884,5888,885.3416294855814,99790,133,60,162,44,40963,21226,0.6231987173063434,78,29,31834,33389,6915,3789,10876,12687,45317,35965,1428,442,7766,5719,20378,2531,7643,1096,807,0,0,3321,41939,1264,5578,110,76,449,0,1113
885,5888,886.1282560232961,99790,128,58,162,44,40973,21233,0.623369075057621,77,24,31856,33386,6905,3775,10870,12711,45324,35979,1506,465,7754,5713,20353,2528,7642,1105,809,0,0,3333,41876,1262,5572,116,78,477,0,1172
886,5888,887.3072563025466,99790,135,53,162,44,40998,21242,0.6237097905601764,75,24,31885,33378,6885,3771,10856,12728,45331,35993,1586,489,7738,5706,20334,2529,7644,1113,812,0,0,3343,41805,1260,5566,121,85,495,0,1239
887,5888,888.0926225663798,99790,133,50,162,44,41018,21245,0.6239402745766108,63,24,31900,33349,6881,3767,10859,12764,45338,36007,1668,513,7722,5700,20306,2527,7648,1122,816,0,0,3349,41746,1259,5557,129,90,521,0,1298
888,5888,889.2698057188644,99790,129,50,162,44,41039,21252,0.6242208638140094,60,24,31943,33341,6862,3754,10842,12785,45345,36021,1752,538,7708,5689,20280,2525,7654,1129,819,0,0,3359,41682,1258,5548,137,94,549,0,1359
889,5888,890.0538151777621,99790,125,55,162,44,41051,21260,0.6244212846978655,56,21,31956,33321,6855,3740,10844,12817,45352,36035,1837,564,7696,5682,20252,2522,7658,1133,822,0,0,3360,41625,1255,5540,146,100,582,0,1417
890,5888,891.1943045758588,99790,123,52,162,44,41064,21265,0.624601663493336,57,23,31986,33317,6847,3728,10823,12834,45359,36049,1924,590,7686,5673,20221,2522,7662,1141,821,0,0,3366,41558,1254,5534,152,103,611,0,1486
891,5888,892.3689062781993,99790,120,43,162,44,41080,21270,0.6248121054213849,57,25,32022,33311,6832,3721,10805,12854,45366,36063,2013,617,7673,5665,20200,2518,7668,1148,824,0,0,3381,41474,1252,5526,160,105,633,0,1563
892,5888,893.1512994226212,99790,116,44,162,44,41089,21277,0.6249724421284698,62,28,32024,33277,6818,3711,10816,12894,45373,36077,2103,645,7660,5661,20172,2515,7670,1157,826,0,0,3385,41405,1250,5518,168,107,659,0,1637
893,5888,894.3244095942854,99790,115,46,162,44,41112,21291,0.6253432207636036,59,26,32047,33263,6801,3694,10814,12925,45380,36091,2195,673,7652,5645,20150,2514,7677,1165,828,0,0,3397,41322,1250,5505,177,109,688,0,1711
894,5888,895.1060117551218,99790,107,47,162,44,41119,21298,0.6254835153823028,63,24,32058,33247,6791,3673,10817,12963,45387,36105,2288,702,7638,5638,20125,2512,7675,1174,832,0,0,3403,41248,1249,5500,180,115,718,0,1783
895,5888,896.2780024995596,99790,98,45,162,44,41134,21303,0.6256839362661589,62,28,32092,33236,6777,3664,10807,12981,45394,36119,2382,731,7621,5629,20100,2513,7671,1190,836,0,0,3413,41178,1247,5490,188,117,743,0,1854
896,5888,897.0586963210106,99790,95,46,162,44,41145,21310,0.6258643150616294,62,27,32103,33206,6768,3653,10808,13022,45401,36133,2477,761,7610,5625,20073,2512,7663,1204,834,0,0,3423,41102,1243,5486,194,119,772,0,1930
897,5888,898.2292332679976,99790,90,49,162,44,41157,21321,0.626094799078064,60,20,32126,33192,6754,3635,10806,13058,45408,36147,2574,792,7598,5618,20050,2514,7662,1213,835,0,0,3425,41023,1238,5479,204,128,796,0,2007
898,5888,899.0854441407956,99790,86,47,162,44,41164,21324,0.626195009519992,67,23,32144,33161,6732,3617,10807,13106,45414,36160,2672,823,7587,5610,20028,2512,7655,1227,839,0,0,3417,40958,1237,5472,211,141,823,0,2073
899,5888,900.2547061186775,99790,87,47,162,44,41178,21326,0.6263553462270769,87,50,32166,33185,6723,3604,10773,13068,45414,36160,2672,823,7587,5609,20027,2514,7658,1228,839,0,0,3424,40950,1236,5470,211,141,823,0,2073
900,5888,900.2547061186775,99790,91,51,162,44,41187,21333,0.6265156829341617,83,45,32161,33136,6720,3596,10781,13126,45414,36160,2771,855,7586,5608,19992,2514,7655,1235,839,1,2,3419,40872,1236,5460,221,146,855,0,2149
901,5888,901.0336114886293,99790,100,48,162,44,41207,21342,0.6268062932157531,82,42,32171,33094,6709,3592,10774,13178,45414,36160,2870,887,7583,5608,19962,2514,7650,1246,839,4,13,3411,40784,1235,5452,229,154,880,0,2226
902,5888,902.2012829154909,99790,101,53,162,44,41227,21360,0.6271870928950797,77,37,32205,33067,6696,3582,10757,13215,45414,36160,2970,920,7578,5605,19934,2516,7647,1255,839,9,28,3402,40689,1235,5442,239,163,903,1,2305
903,5888,903.3679329422608,99790,107,54,162,44,41250,21372,0.6275378294418278,76,39,32223,33057,6686,3574,10744,13230,45414,36160,3071,953,7573,5602,19901,2519,7644,1266,839,14,38,3397,40597,1235,5430,250,167,930,1,2387
904,5888,904.1452128100997,99790,107,57,162,44,41269,21381,0.6278184186792264,81,39,32239,33032,6677,3559,10732,13267,45414,36160,3173,987,7570,5599,19859,2521,7638,1278,839,17,47,3390,40513,1235,5422,258,174,967,1,2462
905,5888,905.3105167269183,99789,101,59,163,44,41290,21391,0.6281353656214613,82,44,32280,33018,6666,3541,10706,13292,45414,36160,3275,1022,7567,5594,19815,2525,7640,1285,839,20,61,3384,40420,1235,5411,268,179,1005,1,2540
906,5888,906.0864305027773,99789,97,66,163,44,41303,21402,0.6283758730922246,87,40,32290,32993,6662,3525,10699,13330,45414,36160,3378,1057,7566,5592,19783,2528,7639,1296,839,21,67,3379,40326,1233,5402,274,183,1032,1,2628
907,5888,907.2497167036272,99789,112,66,163,44,41331,21419,0.6288268245999058,86,39,32313,32966,6646,3527,10678,13356,45414,36160,3481,1093,7561,5592,19734,2528,7636,1308,839,26,82,3375,40242,1233,5389,283,187,1076,1,2697
908,5888,908.0246744972853,99789,125,72,163,44,41353,21427,0.62912745893836,72,45,32335,32935,6633,3512,10670,13390,45414,36160,3584,1129,7561,5591,19702,2528,7620,1327,839,26,85,3373,40156,1233,5382,289,189,1107,2,2779
909,5888,909.1861972234582,99789,131,74,163,44,41380,21437,0.62949824128912,71,47,32369,32918,6620,3501,10644,13414,45414,36160,3688,1166,7559,5584,19662,2537,7615,1340,839,28,93,3368,40067,1231,5372,298,192,1142,2,2860
910,5888,910.3462937838035,99789,129,67,163,44,41402,21445,0.6297988756275742,74,57,32381,32900,6613,3495,10638,13435,45414,36160,3792,1203,7556,5581,19618,2540,7615,1351,839,31,111,3360,39975,1231,5356,311,199,1179,4,2932
911,5888,911.1193576153976,99789,139,68,163,44,41424,21455,0.6301195522552586,67,57,32388,32866,6607,3489,10634,13474,45414,36160,3896,1241,7555,5579,19580,2541,7603,1367,839,32,123,3359,39884,1231,5345,320,200,1216,4,3011
912,5888,912.2786313391136,99788,137,75,164,44,41445,21473,0.6305166953942358,69,52,32406,32861,6600,3476,10622,13490,45414,36160,4000,1279,7552,5575,19537,2545,7604,1378,839,35,132,3355,39794,1231,5328,333,203,1251,5,3091
913,5888,913.0511133984743,99788,141,76,164,44,41464,21481,0.6307872690103018,76,54,32408,32810,6595,3473,10614,13541,45414,36160,4104,1317,7551,5574,19493,2547,7592,1397,839,36,140,3352,39712,1230,5318,342,206,1289,6,3164
914,5888,914.2095162704597,99788,134,77,164,44,41482,21496,0.6311179700966048,84,57,32433,32783,6587,3467,10596,13570,45414,36160,4208,1356,7547,5569,19450,2551,7587,1413,839,40,153,3350,39627,1229,5295,362,207,1327,6,3236
915,5888,915.3670455837339,99788,130,79,164,44,41503,21510,0.6314687136729867,84,62,32472,32765,6574,3460,10574,13588,45414,36160,4312,1395,7542,5567,19407,2555,7590,1424,839,45,165,3342,39539,1225,5281,374,214,1361,6,3312
916,5888,916.1380099905426,99788,137,80,164,44,41519,21520,0.6317292660440134,84,61,32481,32720,6567,3453,10565,13640,45414,36160,4415,1435,7541,5563,19367,2559,7576,1441,839,46,172,3335,39462,1225,5268,387,220,1399,7,3381
917,5888,917.2936117802202,99787,137,81,165,44,41544,21536,0.6321464719853287,88,59,32504,32700,6556,3440,10548,13674,45414,36160,4518,1475,7536,5561,19324,2560,7571,1457,839,51,186,3324,39368,1224,5260,391,231,1437,7,3460
918,5888,918.063538739022,99787,145,92,165,44,41563,21554,0.632517261767565,89,47,32510,32671,6546,3427,10543,13717,45414,36160,4621,1516,7533,5561,19282,2560,7556,1474,839,54,196,3319,39284,1224,5250,400,236,1478,8,3533
919,5888,919.2180074064329,99787,136,90,165,44,41581,21565,0.6328078807860743,99,52,32536,32655,6543,3420,10519,13737,45414,36160,4723,1557,7528,5560,19241,2561,7563,1483,839,59,210,3307,39189,1224,5235,414,244,1508,10,3612
920,5888,920.3716731808175,99787,135,94,165,44,41604,21583,0.6332187559501739,112,53,32544,32645,6538,3409,10504,13753,45414,36160,4825,1598,7523,5555,19208,2566,7554,1500,839,64,226,3300,39088,1224,5226,422,250,1535,12,3695
921,5888,921.1404439321808,99787,138,99,165,44,41623,21601,0.63358954573241,110,50,32539,32608,6529,3410,10517,13787,45414,36160,4926,1640,7522,5553,19165,2567,7556,1509,839,65,239,3293,38989,1224,5220,425,255,1573,14,3779
922,5888,922.2935170077227,99787,157,94,165,44,41661,21610,0.6340605489693046,99,58,32562,32573,6509,3400,10506,13829,45414,36160,5027,1682,7521,5552,19122,2565,7554,1524,839,66,253,3286,38892,1224,5211,433,261,1608,14,3862
923,5888,923.0617549194593,99787,161,96,165,44,41683,21620,0.6343812320242116,102,60,32573,32537,6490,3388,10507,13873,45414,36160,5127,1724,7517,5549,19087,2569,7548,1536,839,70,264,3271,38810,1223,5198,445,274,1640,14,3933
924,5888,924.2134993140357,99787,165,90,165,44,41712,21633,0.6348021285337769,112,57,32591,32530,6478,3394,10487,13883,45414,36160,5226,1767,7515,5547,19049,2572,7539,1554,839,72,289,3266,38709,1221,5185,455,278,1674,15,4008
925,5888,925.3645863407452,99787,168,89,165,44,41743,21655,0.6353332598434666,118,48,32603,32519,6470,3394,10474,13904,45414,36160,5325,1810,7510,5542,19002,2578,7539,1568,839,77,310,3255,38609,1220,5176,463,287,1710,16,4086
926,5888,926.131663869192,99787,166,89,165,44,41762,21664,0.6356138575165101,132,52,32603,32477,6467,3394,10465,13942,45414,36160,5423,1853,7506,5539,18967,2581,7540,1575,839,81,321,3252,38505,1220,5164,474,290,1738,18,4177
927,5888,927.2818871800885,99787,171,90,165,44,41793,21680,0.6360848607534048,134,55,32631,32451,6455,3387,10442,13971,45414,36160,5520,1897,7502,5536,18936,2584,7536,1588,839,85,342,3247,38394,1219,5155,480,295,1764,19,4266
928,5888,928.0481218364813,99787,175,97,165,44,41815,21694,0.6364456291901751,145,54,32622,32432,6440,3377,10451,13994,45414,36160,5616,1941,7499,5533,18902,2585,7531,1603,839,88,350,3235,38310,1219,5147,486,306,1793,20,4341
929,5888,929.1974044946915,99787,186,103,165,44,41859,21717,0.6371170593363865,130,59,32648,32397,6428,3377,10441,14018,45414,36160,5712,1985,7492,5527,18853,2593,7530,1622,838,95,365,3228,38224,1218,5137,492,309,1832,21,4411
930,5888,930.3456739842909,99787,195,103,165,44,41898,21734,0.6376782546824736,119,72,32674,32374,6427,3368,10418,14037,45414,36160,5807,2029,7490,5526,18807,2590,7540,1633,838,97,382,3221,38126,1218,5122,500,315,1869,22,4491
931,5888,931.1107447081641,99786,196,108,165,45,41921,21747,0.6380454171927926,124,68,32672,32347,6426,3361,10415,14069,45414,36160,5901,2074,7489,5524,18767,2593,7536,1647,837,98,392,3211,38038,1217,5116,506,324,1901,25,4565
932,5888,932.2581697391221,99785,202,117,166,45,41960,21773,0.638703211905597,118,66,32675,32331,6430,3360,10407,14079,45414,36160,5994,2119,7486,5520,18713,2599,7537,1659,836,101,411,3209,37944,1215,5108,513,326,1943,28,4637
933,5888,933.0229177548777,99785,207,112,166,45,41991,21788,0.6391642030365285,112,65,32674,32297,6431,3369,10408,14110,45414,36160,6086,2164,7482,5519,18682,2602,7536,1675,836,105,430,3200,37836,1213,5101,519,334,1961,28,4726
934,5888,934.1701996530988,99785,203,91,166,45,42023,21799,0.6395951295284863,108,82,32686,32295,6429,3374,10406,14111,45414,36160,6177,2209,7476,5511,18635,2612,7544,1688,835,111,452,3189,37744,1211,5085,531,344,1993,35,4789
935,5888,935.3173323845851,99785,196,99,166,45,42059,21827,0.6402365084932605,121,74,32685,32265,6438,3382,10392,14133,45414,36160,6267,2254,7473,5506,18594,2617,7539,1711,835,114,481,3183,37646,1209,5071,542,348,2023,38,4855
936,5888,936.0820302819194,99785,212,103,166,45,42096,21836,0.640697499624192,111,74,32669,32245,6443,3373,10397,14158,45414,36160,6356,2300,7472,5506,18552,2618,7535,1724,835,115,492,3177,37561,1208,5059,552,354,2058,39,4928
937,5888,937.2292234526518,99785,209,106,166,45,42124,21857,0.6411885553940974,121,72,32673,32227,6436,3365,10393,14183,45414,36160,6444,2346,7467,5500,18510,2624,7538,1735,835,120,513,3171,37468,1207,5044,567,359,2088,41,4998
938,5888,938.3765092275686,99785,198,111,166,45,42151,21878,0.6416695896176781,135,74,32666,32194,6454,3369,10379,14205,45414,36160,6531,2392,7461,5495,18472,2627,7539,1752,835,126,535,3167,37372,1206,5029,580,360,2116,41,5072
939,5888,939.1414040947723,99785,199,117,166,45,42178,21892,0.6420804730169866,142,77,32652,32143,6458,3367,10381,14249,45414,36160,6617,2438,7460,5490,18436,2629,7536,1766,835,127,548,3163,37287,1206,5018,589,364,2146,43,5142
940,5888,940.289121965346,99785,205,116,166,45,42219,21912,0.642691787342787,151,79,32650,32140,6455,3364,10371,14254,45414,36160,6702,2484,7455,5487,18381,2632,7546,1777,834,132,568,3156,37200,1206,5004,600,370,2185,46,5206
941,5888,941.0541829988597,99784,208,112,167,45,42247,21920,0.6430590074561052,147,90,32643,32105,6460,3362,10373,14284,45414,36160,6786,2530,7450,5486,18334,2633,7541,1793,834,137,581,3150,37115,1206,4998,606,375,2222,47,5276
942,5888,942.2017664326977,99784,220,122,167,45,42295,21952,0.6438607391966648,136,82,32660,32086,6454,3364,10361,14299,45414,36160,6869,2576,7446,5483,18291,2635,7541,1810,834,141,607,3142,37022,1205,4987,613,382,2255,50,5340
943,5888,943.3488811092088,99784,237,134,167,45,42340,21977,0.6445622544696544,134,84,32657,32067,6451,3362,10352,14306,45414,36160,6951,2623,7439,5480,18251,2639,7538,1825,834,148,614,3135,36941,1203,4980,620,387,2286,55,5409
944,5888,944.113574460863,99784,243,136,167,45,42366,21989,0.6449430770464203,141,84,32646,32058,6439,3353,10362,14322,45414,36160,7031,2670,7437,5478,18215,2643,7536,1839,834,150,622,3126,36866,1201,4968,629,395,2315,57,5473
945,5888,945.2607884380259,99784,248,136,167,45,42410,22011,0.6456045057323819,140,81,32645,32079,6445,3352,10353,14305,45414,36160,7110,2717,7429,5476,18174,2643,7540,1858,834,158,638,3118,36779,1200,4958,635,398,2345,62,5539
946,5888,946.0256108481959,99784,257,148,167,45,42446,22034,0.6461957828910446,139,82,32653,32033,6439,3351,10343,14339,45414,36160,7188,2764,7427,5472,18132,2648,7545,1865,833,160,653,3111,36694,1199,4949,643,401,2381,64,5607
947,5888,947.1724495047147,99784,255,148,167,45,42480,22057,0.6467670167561934,149,85,32660,32032,6444,3357,10323,14331,45414,36160,7265,2811,7421,5468,18087,2651,7551,1881,833,166,673,3097,36613,1199,4936,653,408,2415,67,5665
948,5888,948.31871823583,99784,266,146,167,45,42519,22083,0.647418423795398,159,76,32645,32049,6441,3356,10320,14326,45414,36160,7341,2858,7419,5464,18051,2659,7553,1896,831,168,690,3090,36523,1197,4921,664,414,2439,71,5734
949,5888,949.0830526147421,99784,267,142,167,45,42553,22099,0.6479195061332478,169,79,32637,32017,6452,3368,10306,14347,45414,36160,7416,2905,7414,5459,18024,2665,7550,1911,830,173,712,3086,36418,1197,4911,671,418,2457,72,5816
950,5888,950.2299264197701,99784,275,148,167,45,42606,22127,0.6487312595205644,174,82,32637,32005,6457,3370,10288,14348,45414,36160,7490,2952,7409,5454,17975,2668,7556,1930,830,178,735,3081,36329,1197,4899,681,420,2488,74,5880
951,5888,951.376511042642,99784,270,139,167,45,42645,22143,0.6492824500921992,187,83,32628,32016,6465,3374,10281,14341,45414,36160,7563,2999,7404,5450,17936,2673,7554,1954,829,183,758,3074,36244,1196,4885,690,424,2516,77,5937
952,5888,952.1409851535168,99784,265,141,167,45,42677,22154,0.64971338090275,185,93,32622,31999,6476,3367,10283,14353,45414,36160,7635,3046,7399,5449,17887,2676,7558,1966,827,188,774,3069,36165,1196,4878,696,429,2550,79,5998
953,5888,953.2880323617476,99784,263,148,167,45,42722,22185,0.6504750260562816,184,82,32617,32018,6495,3362,10272,14343,45414,36160,7706,3093,7392,5440,17847,2682,7569,1983,827,195,793,3061,36086,1194,4864,701,435,2578,84,6053
954,5888,954.0527223632145,99784,280,151,167,45,42759,22200,0.6509961516876454,170,85,32608,32006,6490,3357,10283,14354,45414,36160,7776,3140,7388,5437,17815,2685,7567,1994,827,199,800,3055,36009,1193,4856,707,441,2604,90,6117
955,5888,955.2001977361382,99784,276,165,167,45,42793,22233,0.651667602020364,185,80,32612,32003,6494,3358,10264,14347,45414,36160,7845,3187,7385,5434,17779,2689,7575,2009,827,202,817,3050,35920,1190,4845,711,444,2628,94,6185
956,5888,956.3474464626242,99784,289,157,167,45,42848,22257,0.6524593121141666,191,83,32598,31986,6501,3376,10252,14351,45414,36160,7912,3234,7380,5432,17736,2689,7589,2022,827,207,850,3040,35828,1190,4834,720,453,2650,99,6238
957,5888,957.1123744167033,99784,302,153,167,45,42890,22274,0.6530505892728293,183,89,32586,31977,6502,3379,10258,14355,45414,36160,7978,3281,7378,5430,17699,2688,7591,2036,827,209,872,3035,35752,1190,4818,732,456,2680,104,6287
958,5888,958.2602655894646,99784,288,150,167,45,42937,22305,0.653832277719875,196,89,32578,31973,6525,3397,10244,14344,45414,36160,8043,3328,7370,5425,17657,2691,7601,2053,826,217,914,3027,35650,1190,4805,739,462,2706,110,6341
959,5888,959.0257403524311,99784,304,145,167,45,42978,22319,0.6543834682915096,202,99,32556,31953,6516,3394,10253,14362,45414,36160,8107,3375,7365,5424,17621,2692,7593,2076,826,222,929,3023,35578,1190,4796,747,466,2728,114,6394
960,5888,960.1743385530067,99783,316,147,167,46,43037,22346,0.655251896615656,202,98,32535,31960,6533,3394,10245,14353,45414,36160,8170,3421,7359,5415,17584,2702,7590,2096,824,228,955,3017,35499,1190,4780,759,469,2756,119,6441
961,5888,961.3233174113886,99782,319,150,168,46,43091,22377,0.6561103204986871,205,91,32534,31971,6542,3404,10230,14336,45414,36160,8232,3467,7356,5406,17548,2710,7589,2117,824,231,987,3007,35408,1187,4773,763,474,2783,122,6497
962,5888,962.0894329082668,99782,330,150,168,46,43135,22398,0.656761740594496,200,103,32523,31943,6539,3404,10238,14352,45414,36160,8293,3513,7350,5404,17513,2711,7585,2136,824,237,1006,3006,35330,1187,4762,771,475,2807,129,6549
963,5888,963.238819965111,99782,348,160,168,46,43197,22428,0.6576837505762563,196,98,32523,31949,6552,3399,10211,14346,45414,36160,8353,3559,7340,5397,17482,2715,7589,2147,824,247,1027,3001,35246,1187,4753,778,479,2829,136,6605
964,5888,964.0049948673511,99782,350,157,168,46,43235,22444,0.658224930348159,211,98,32497,31929,6562,3405,10210,14363,45414,36160,8412,3605,7335,5388,17445,2725,7586,2163,824,251,1044,2994,35174,1187,4746,783,484,2858,141,6654
965,5888,965.1549166861165,99782,343,172,168,46,43289,22483,0.659156962177547,228,96,32476,31939,6591,3398,10192,14347,45414,36160,8470,3651,7323,5383,17407,2736,7586,2182,824,263,1075,2990,35086,1180,4738,788,486,2883,146,6706
966,5888,966.3053721133515,99782,359,180,168,46,43366,22511,0.660209256178469,214,106,32462,31938,6623,3402,10172,14326,45414,36160,8527,3697,7316,5376,17379,2744,7588,2204,822,270,1105,2984,34998,1179,4724,794,488,2901,152,6758
967,5888,967.0725235008344,99782,379,184,168,46,43422,22533,0.6609909602934397,198,112,32438,31933,6628,3395,10187,14328,45414,36160,8583,3743,7313,5370,17349,2749,7587,2220,822,273,1128,2977,34921,1178,4714,801,492,2924,154,6810
968,5888,968.2239628547328,99782,359,194,168,46,43466,22570,0.6618027299512939,209,103,32429,31930,6653,3406,10180,14319,45414,36160,8638,3789,7304,5364,17305,2751,7606,2236,822,282,1155,2967,34837,1178,4703,807,500,2945,159,6861
969,5888,969.375856926978,99781,361,189,169,46,43520,22592,0.6625710305569197,220,126,32411,31924,6670,3412,10167,14301,45414,36160,8693,3834,7297,5359,17255,2754,7612,2254,822,288,1184,2961,34768,1178,4691,817,505,2976,164,6896
970,5888,970.1439848199988,99781,349,184,169,46,43560,22608,0.6631322596486305,234,126,32392,31921,6688,3426,10166,14295,45414,36160,8747,3879,7287,5353,17228,2758,7614,2270,821,298,1210,2950,34688,1177,4681,824,513,2995,168,6946
971,5888,971.2969016735285,99781,359,184,169,46,43632,22643,0.6642046080917209,228,127,32382,31936,6723,3441,10137,14264,45414,36160,8800,3924,7281,5344,17188,2765,7625,2295,821,304,1236,2945,34603,1175,4669,830,516,3011,173,7000
972,5888,972.0657216051126,99781,367,183,169,46,43679,22660,0.6648460127679618,220,133,32369,31933,6733,3446,10140,14257,45414,36160,8852,3969,7277,5337,17154,2773,7626,2313,819,307,1253,2942,34538,1175,4658,835,518,3036,176,7044
973,5888,973.219509613626,99781,355,199,169,46,43732,22701,0.6657880758861907,238,127,32348,31924,6753,3460,10135,14242,45414,36160,8903,4014,7266,5328,17122,2789,7633,2328,817,317,1278,2936,34458,1169,4649,843,521,3054,180,7093
974,5888,974.373891656075,99781,351,217,169,46,43799,22743,0.6668804682254137,252,123,32318,31949,6785,3465,10123,14198,45414,36160,8953,4059,7254,5324,17078,2788,7648,2347,816,328,1311,2933,34382,1168,4633,849,524,3082,181,7135
975,5888,975.1439043315327,99781,371,219,169,46,43855,22769,0.6677022679668474,252,116,32291,31945,6787,3464,10128,14208,45414,36160,9002,4103,7251,5319,17049,2791,7651,2369,816,331,1327,2927,34317,1168,4618,858,527,3097,187,7178
976,5888,976.2999225478868,99781,391,225,169,46,43935,22804,0.6688547919944678,251,117,32265,31951,6804,3470,10118,14189,45414,36160,9050,4147,7242,5311,17007,2797,7668,2382,816,340,1363,2919,34236,1168,4605,867,534,3118,190,7218
977,5888,977.0708450155666,99780,396,223,170,46,43987,22831,0.6696532371216677,261,111,32239,31965,6814,3483,10118,14170,45414,36160,9098,4191,7233,5307,16973,2803,7668,2403,814,349,1386,2917,34159,1167,4597,872,536,3134,198,7264
978,5888,978.2281239651285,99780,432,204,170,46,44081,22863,0.6709160152335137,237,126,32231,31949,6832,3516,10096,14157,45414,36160,9145,4235,7220,5300,16930,2808,7679,2422,814,362,1429,2912,34069,1165,4588,875,537,3161,205,7304
979,5888,979.3858066992483,99779,436,197,171,46,44163,22899,0.6721053528297538,243,124,32215,31958,6873,3542,10060,14131,45414,36160,9191,4279,7207,5286,16887,2821,7706,2441,813,375,1456,2897,34001,1163,4571,884,545,3178,214,7334
980,5888,980.1577389896872,99778,428,202,172,46,44201,22922,0.6727234460502315,257,130,32195,31950,6889,3549,10057,14121,45414,36160,9236,4322,7198,5281,16856,2824,7711,2461,811,384,1468,2892,33937,1162,4567,887,550,3192,217,7380
981,5888,981.3162345625537,99778,432,219,172,46,44275,22962,0.6738659824811081,262,124,32197,31964,6922,3558,10013,14087,45414,36160,9280,4365,7190,5269,16813,2838,7725,2477,811,392,1499,2891,33859,1159,4555,895,550,3212,221,7422
982,5888,982.0884763576479,99778,442,215,172,46,44327,22980,0.6745675399386638,269,137,32168,31962,6936,3560,10011,14078,45414,36160,9324,4408,7184,5266,16792,2842,7719,2497,811,398,1524,2885,33786,1158,4541,904,553,3227,227,7464
983,5888,983.2474011722478,99778,461,232,172,46,44418,23023,0.6759105213574135,279,140,32137,31972,6959,3565,9990,14043,45414,36160,9367,4451,7179,5257,16755,2852,7736,2521,810,403,1549,2877,33715,1155,4530,907,557,3241,235,7499
984,5888,984.0202812786417,99778,461,238,172,46,44480,23053,0.6768325683016296,271,143,32115,31974,6993,3571,9986,14026,45414,36160,9409,4493,7163,5254,16719,2855,7748,2535,810,418,1577,2871,33643,1153,4518,916,560,3260,239,7539
985,5888,985.1809058836392,99777,467,236,173,46,44563,23097,0.6781121901841106,298,137,32057,31991,7030,3596,9973,13992,45414,36160,9450,4535,7153,5246,16672,2866,7764,2558,809,428,1615,2861,33565,1150,4508,919,566,3280,252,7565
986,5888,986.3430393499041,99777,464,226,173,46,44649,23142,0.6794251180131694,291,154,32032,31988,7077,3631,9961,13953,45414,36160,9491,4577,7142,5232,16622,2876,7788,2588,809,438,1655,2854,33485,1150,4497,921,570,3296,263,7591
987,5888,987.1183927241798,99777,473,232,173,46,44709,23173,0.6803371518486224,287,158,32000,31986,7108,3644,9957,13932,45414,36160,9531,4619,7135,5228,16577,2881,7805,2600,808,445,1676,2847,33420,1148,4492,926,575,3317,268,7629
988,5888,988.2825065772989,99777,482,237,173,46,44798,23219,0.6816901690770418,293,156,31954,31990,7150,3664,9946,13905,45414,36160,9570,4661,7132,5219,16532,2888,7834,2621,807,447,1711,2840,33341,1147,4476,928,582,3334,279,7659
989,5888,989.0593988003337,99777,479,245,173,46,44859,23256,0.6826723593613758,307,152,31913,31980,7187,3675,9939,13900,45414,36160,9609,4702,7122,5211,16499,2893,7856,2634,807,456,1742,2831,33274,1146,4461,934,589,3349,282,7691
990,5888,990.2262983234845,99777,486,236,173,46,44946,23299,0.6839752648405946,322,153,31892,32006,7209,3708,9916,13849,45414,36160,9647,4743,7108,5198,16463,2908,7860,2662,802,470,1790,2827,33195,1146,4449,939,591,3366,297,7706
991,5888,991.0047391223803,99775,493,239,175,46,45001,23331,0.6848609371084942,342,155,31857,31999,7226,3720,9905,13839,45414,36160,9684,4784,7100,5191,16438,2917,7865,2678,800,478,1811,2824,33127,1144,4437,945,591,3380,307,7742
992,5888,992.1733053520896,99775,510,259,175,46,45096,23379,0.6862941618641945,350,154,31821,32001,7266,3728,9876,13810,45414,36160,9721,4825,7093,5180,16404,2929,7889,2697,800,484,1839,2816,33054,1141,4420,953,594,3389,312,7781
993,5888,993.3426641116797,99775,523,255,175,46,45201,23424,0.6877975444750689,342,164,31797,31992,7304,3760,9857,13781,45414,36160,9757,4865,7080,5169,16360,2936,7911,2720,800,497,1887,2806,32971,1141,4407,957,601,3407,325,7800
994,5888,994.1226532051958,99775,516,254,175,46,45249,23455,0.6885893259834628,371,168,31758,31997,7327,3777,9851,13756,45414,36160,9792,4905,7074,5165,16324,2940,7928,2739,799,503,1907,2793,32920,1140,4394,965,610,3418,335,7821
995,5888,995.2937926902418,99775,536,255,175,46,45350,23498,0.6900325732899023,374,177,31728,32009,7362,3802,9823,13709,45414,36160,9827,4945,7060,5156,16275,2947,7946,2766,799,517,1945,2790,32846,1140,4385,966,612,3434,344,7847
996,5888,996.0751008940949,99774,537,250,175,47,45418,23523,0.6909715958065228,397,185,31672,32005,7391,3816,9826,13695,45414,36160,9861,4985,7050,5151,16238,2953,7965,2785,797,527,1970,2783,32779,1139,4376,967,615,3451,350,7878
997,5888,997.2487120393358,99774,550,264,175,47,45530,23573,0.692595265299577,387,190,31650,32026,7435,3839,9801,13632,45414,36160,9895,5024,7035,5140,16195,2965,7992,2806,797,541,2007,2775,32706,1135,4362,970,619,3467,361,7901
998,5888,998.031526294108,99774,572,267,175,47,45613,23601,0.693707779581855,369,191,31608,32035,7463,3843,9811,13615,45414,36160,9928,5063,7027,5133,16158,2975,8000,2819,796,549,2039,2768,32640,1131,4357,973,625,3489,368,7927
999,5888,999.2073299204642,99773,595,279,176,47,45729,23655,0.6954186002225051,373,181,31560,32047,7503,3865,9791,13579,45414,36160,9960,5102,7011,5116,16121,2989,8020,2848,795,564,2063,2760,32579,1130,4343,976,630,3499,380,7949
1000,5888,1000.3847646956533,99773,593,291,176,47,45824,23715,0.6969721267276718,401,185,31515,32043,7550,3897,9763,13535,45414,36160,9992,5140,6998,5107,16080,2995,8035,2877,794,577,2107,2755,32496,1127,4336,975,634,3512,397,7971
1001,5888,1001.170418413005,99772,615,302,176,48,45910,23754,0.698231968889067,398,187,31470,32033,7584,3906,9755,13522,45414,36160,10023,5178,6990,5102,16045,3005,8055,2895,792,584,2127,2750,32438,1123,4327,978,634,3525,403,7999
1002,5888,1002.350302763917,99772,624,313,176,48,46017,23806,0.6998256023734114,395,206,31433,32017,7633,3930,9737,13484,45414,36160,10054,5216,6975,5094,16002,3012,8081,2917,792,598,2171,2742,32356,1120,4317,980,640,3537,411,8027
1003,5888,1003.1374697252853,99772,628,324,176,48,46092,23853,0.7010483903299523,406,218,31396,31986,7667,3955,9725,13467,45414,36160,10084,5254,6963,5086,15965,3018,8090,2942,791,609,2208,2737,32289,1120,4314,980,642,3550,418,8050
1004,5888,1004.3194980542116,99771,626,342,177,48,46191,23919,0.7027092040773371,432,211,31374,31972,7706,3983,9683,13442,45414,36160,10114,5291,6940,5079,15929,3027,8116,2963,789,630,2253,2729,32208,1119,4301,985,642,3559,432,8070
1005,5888,1005.1077655062762,99771,638,354,177,48,46278,23965,0.7040422567679987,424,211,31335,31969,7752,4002,9672,13414,45414,36160,10143,5328,6927,5072,15904,3032,8133,2979,787,642,2284,2726,32138,1118,4287,989,642,3570,445,8096
1006,5888,1006.2914509887172,99770,669,367,178,48,46417,24035,0.7061441315024557,398,208,31301,31986,7805,4032,9647,13357,45414,36160,10172,5365,6911,5061,15857,3047,8167,3001,786,656,2333,2722,32052,1115,4266,994,643,3583,459,8117
1007,5888,1007.0812656967387,99769,676,355,179,48,46500,24078,0.7074141266325211,413,196,31246,31983,7850,4074,9634,13342,45414,36160,10200,5402,6900,5053,15812,3058,8195,3022,785,666,2368,2719,31982,1110,4257,996,643,3594,474,8135
1008,5888,1008.2677656603464,99769,675,345,179,48,46626,24131,0.7092082711062555,406,203,31220,31999,7916,4105,9602,13298,45414,36160,10228,5438,6888,5039,15763,3073,8234,3053,783,676,2431,2712,31891,1108,4234,1003,645,3601,485,8150
1009,5888,1009.0594894671068,99769,665,350,179,48,46709,24174,0.7104711884453087,401,218,31196,31999,7972,4123,9585,13260,45414,36160,10255,5474,6881,5027,15715,3085,8260,3071,783,681,2467,2708,31825,1106,4227,1006,648,3617,503,8159
1010,5888,1010.248482337316,99769,667,380,179,48,46820,24252,0.7123655644538884,431,193,31126,31992,8029,4153,9566,13232,45414,36160,10282,5510,6868,5018,15668,3091,8287,3095,782,694,2519,2703,31741,1106,4214,1008,649,3634,518,8174
1011,5888,1011.0421836830918,99768,673,382,180,48,46892,24292,0.7134953091171518,449,200,31070,31986,8063,4175,9563,13207,45414,36160,10308,5545,6857,5008,15628,3099,8312,3107,781,705,2548,2699,31678,1105,4205,1009,651,3655,523,8198
1012,5888,1012.2347996683427,99767,704,373,181,48,47035,24341,0.7154269447813405,454,229,31008,31991,8114,4204,9537,13153,45414,36160,10334,5580,6841,4997,15581,3102,8358,3126,780,721,2598,2692,31595,1103,4190,1012,653,3670,532,8216
1013,5888,1013.0309311991442,99767,723,367,181,48,47131,24387,0.7168502611083826,450,221,30975,31979,8145,4247,9524,13136,45414,36160,10360,5615,6830,4988,15544,3114,8388,3140,779,732,2640,2687,31515,1099,4181,1014,655,3678,542,8241
1014,5888,1014.2266317114481,99766,744,348,181,49,47272,24443,0.7188320670368663,458,245,30937,31964,8203,4301,9475,13091,45414,36160,10385,5650,6811,4972,15506,3126,8429,3162,779,750,2695,2678,31419,1095,4167,1015,657,3686,558,8261
1015,5888,1015.0244471323217,99766,754,351,181,49,47372,24485,0.7202553976304553,454,255,30900,31960,8250,4319,9459,13064,45414,36160,10410,5684,6795,4969,15478,3126,8445,3190,777,766,2739,2675,31340,1093,4157,1014,658,3691,567,8286
1016,5888,1016.2225354860345,99766,740,364,181,49,47498,24567,0.7223402762464166,472,238,30845,31956,8330,4364,9430,13027,45414,36160,10434,5718,6773,4958,15432,3135,8468,3233,776,785,2799,2667,31250,1090,4150,1013,659,3698,584,8296
1017,5888,1017.022327401817,99766,749,366,181,49,47598,24614,0.7238137241144278,487,233,30788,31970,8376,4389,9417,12991,45414,36160,10458,5752,6760,4949,15403,3141,8500,3245,774,798,2840,2662,31169,1089,4140,1015,662,3707,597,8315
1018,5888,1018.2246386385407,99766,771,377,181,49,47756,24688,0.7261391656476154,483,241,30715,31973,8454,4418,9394,12940,45414,36160,10482,5786,6744,4934,15357,3152,8553,3271,770,812,2887,2655,31084,1084,4125,1019,660,3712,614,8333
1019,5888,1019.0276616322087,99765,784,380,181,50,47861,24728,0.727599859670225,485,265,30664,31965,8505,4438,9379,12900,45414,36160,10505,5819,6737,4926,15322,3162,8577,3290,769,818,2924,2652,31018,1078,4112,1025,661,3722,626,8346
1020,5888,1020.2340464012714,99765,797,395,181,50,48002,24812,0.729855159625119,511,255,30576,31961,8587,4486,9346,12851,45414,36160,10528,5852,6720,4916,15269,3174,8621,3319,767,833,2978,2646,30935,1074,4093,1029,664,3730,641,8356
1021,5888,1021.0397253294681,99764,794,379,182,50,48098,24853,0.7312357162904455,511,268,30534,31949,8646,4530,9331,12822,45414,36160,10550,5885,6706,4906,15230,3182,8652,3345,766,846,3009,2641,30869,1069,4082,1032,664,3739,655,8371
1022,5888,1022.2506178956452,99763,796,398,183,50,48260,24939,0.7337289375820695,520,252,30472,31952,8734,4571,9293,12775,45414,36160,10572,5917,6681,4892,15187,3196,8684,3372,763,870,3092,2632,30761,1064,4071,1032,668,3749,673,8376
1023,5888,1023.0591069026711,99763,821,405,183,50,48371,24998,0.7354329761534838,547,243,30410,31950,8759,4609,9278,12741,45414,36160,10594,5949,6667,4877,15153,3212,8704,3393,760,883,3133,2630,30689,1063,4061,1032,667,3761,685,8393
1024,5888,1024.2739480203195,99763,830,414,183,50,48525,25073,0.7377284163467418,543,257,30351,31933,8860,4657,9231,12687,45414,36160,10615,5981,6649,4857,15108,3228,8752,3427,759,900,3183,2624,30611,1060,4040,1034,669,3762,701,8399
1025,5888,1025.0852448927733,99762,823,415,184,50,48611,25119,0.7390589603255748,560,259,30326,31918,8891,4690,9214,12666,45414,36160,10636,6013,6631,4845,15079,3242,8781,3441,757,914,3223,2617,30537,1059,4031,1036,672,3767,713,8417
1026,5888,1026.3033364211503,99761,817,418,185,50,48763,25190,0.7413017110895039,572,280,30282,31891,8978,4738,9164,12621,45414,36160,10657,6044,6612,4829,15025,3264,8825,3472,752,930,3290,2611,30442,1054,4018,1034,673,3775,726,8429
1027,5888,1027.1161086301795,99761,834,419,185,50,48876,25240,0.7429356161225329,574,293,30238,31892,9024,4762,9143,12582,45414,36160,10677,6075,6598,4819,14984,3273,8858,3487,751,944,3332,2603,30371,1052,4012,1034,676,3787,742,8438
1028,5888,1028.336966094095,99761,838,436,185,50,49043,25335,0.7455618929240886,565,291,30186,31881,9126,4811,9098,12529,45414,36160,10697,6106,6582,4805,14924,3284,8912,3526,749,959,3404,2595,30269,1049,4000,1033,674,3795,755,8446
1029,5888,1029.1520284852627,99760,857,435,186,50,49170,25383,0.7473235765838011,542,305,30138,31871,9192,4843,9083,12494,45414,36160,10717,6137,6568,4792,14895,3295,8933,3554,749,973,3447,2588,30194,1048,3984,1038,674,3802,768,8458
1030,5888,1030.376764274001,99759,862,453,186,51,49337,25476,0.7499373490111167,534,314,30076,31845,9284,4901,9056,12434,45414,36160,10736,6167,6543,4771,14848,3311,8980,3587,747,996,3505,2581,30107,1044,3973,1041,674,3804,790,8457
1031,5888,1031.1945792102463,99759,864,458,186,51,49439,25537,0.7515712868011909,539,318,30022,31839,9354,4935,9033,12397,45414,36160,10755,6197,6524,4764,14813,3319,9000,3618,746,1013,3548,2574,30039,1040,3964,1043,677,3808,801,8468
1032,5888,1032.0137166157376,99759,846,473,186,51,49535,25596,0.7531250313254945,559,318,29970,31836,9415,4961,9022,12359,45414,36160,10774,6227,6505,4751,14777,3328,9019,3643,746,1030,3598,2570,29965,1039,3956,1041,677,3824,815,8475
1033,5888,1033.2448900708594,99758,860,482,187,51,49700,25692,0.7557489123679304,561,302,29899,31840,9502,5016,8989,12307,45414,36160,10792,6257,6483,4726,14725,3349,9057,3683,746,1048,3654,2557,29889,1036,3947,1041,682,3832,832,8471
1034,5888,1034.06717522943,99758,875,497,187,51,49812,25761,0.7575633031937288,565,284,29860,31829,9541,5057,8970,12280,45414,36160,10810,6286,6466,4718,14687,3354,9094,3705,745,1063,3689,2550,29822,1035,3939,1042,684,3835,843,8487
1035,5888,1035.3023987525135,99758,898,483,187,51,49980,25840,0.7600392950941278,570,280,29791,31847,9613,5113,8939,12224,45414,36160,10828,6315,6446,4704,14642,3373,9127,3736,742,1082,3776,2545,29705,1031,3929,1045,687,3837,863,8488
1036,5888,1036.1273491019097,99758,912,468,187,51,50103,25885,0.7617233705567473,555,309,29744,31844,9680,5143,8920,12183,45414,36160,10846,6344,6432,4694,14602,3379,9159,3767,740,1095,3818,2541,29633,1030,3919,1045,686,3844,877,8497
1037,5888,1037.366878679868,99757,933,488,188,51,50272,25990,0.7644776807642572,576,306,29674,31833,9760,5201,8867,12119,45414,36160,10863,6373,6412,4684,14551,3388,9212,3797,737,1114,3888,2533,29534,1024,3906,1049,687,3843,893,8505
1038,5888,1038.1944561087118,99756,938,486,189,51,50387,26057,0.7663097959020009,585,320,29639,31810,9814,5256,8833,12075,45414,36160,10880,6401,6401,4674,14520,3398,9234,3824,735,1123,3946,2529,29443,1022,3894,1052,686,3850,911,8514
1039,5888,1039.0230067210482,99756,956,509,189,51,50517,26118,0.7682244677011909,572,312,29597,31834,9869,5269,8815,12023,45414,36160,10897,6429,6386,4660,14499,3405,9264,3849,733,1136,3975,2522,29385,1020,3888,1050,685,3852,927,8520
1040,5888,1040.2680535785632,99756,985,518,189,51,50705,26204,0.7709711696539556,575,348,29514,31817,9957,5316,8778,11948,45414,36160,10913,6457,6362,4644,14445,3416,9313,3877,732,1158,4049,2518,29285,1017,3877,1049,685,3860,944,8525
1041,5888,1041.0994256161018,99756,993,542,189,51,50833,26277,0.7729860860499619,584,348,29459,31788,10022,5344,8751,11925,45414,36160,10929,6485,6342,4632,14409,3425,9337,3904,730,1178,4094,2513,29212,1015,3873,1048,685,3866,964,8529
1042,5888,1042.3487133374715,99756,1012,545,189,51,51029,26375,0.7759332771963591,572,364,29399,31768,10125,5408,8701,11862,45414,36160,10945,6512,6320,4613,14350,3436,9401,3934,728,1197,4174,2503,29103,1012,3863,1047,687,3876,982,8530
1043,5888,1043.1829059336383,99756,1003,546,189,51,51140,26449,0.7777878022374594,598,384,29344,31727,10193,5457,8671,11833,45414,36160,10961,6539,6309,4605,14319,3440,9432,3964,726,1203,4240,2493,29017,1012,3847,1051,691,3881,1000,8526
1044,5888,1044.018327804005,99756,1031,577,189,51,51282,26540,0.7801235013432776,600,364,29271,31719,10259,5493,8648,11794,45414,36160,10976,6566,6292,4593,14278,3451,9476,3987,725,1219,4284,2485,28945,1009,3836,1050,693,3883,1015,8535
1045,5888,1045.2745949752232,99755,1075,581,189,52,51495,26658,0.7834494511553306,611,349,29164,31707,10347,5572,8612,11737,45414,36160,10991,6593,6268,4575,14229,3472,9525,4027,723,1240,4370,2474,28833,1004,3817,1050,695,3885,1036,8532
1046,5888,1046.114287890633,99755,1083,578,189,52,51618,26726,0.7853641421482632,619,362,29114,31684,10399,5620,8594,11702,45414,36160,11006,6619,6246,4563,14199,3486,9550,4060,722,1261,4427,2465,28753,1003,3803,1048,698,3883,1053,8535
1047,5888,1047.3763986467352,99752,1055,591,191,53,51786,26849,0.7883049963910498,664,367,29023,31642,10510,5697,8555,11648,45414,36160,11021,6645,6217,4545,14132,3500,9627,4097,721,1289,4511,2454,28639,1000,3785,1047,697,3888,1069,8534
1048,5888,1048.2197692006848,99750,1075,599,191,55,51926,26929,0.7905263157894736,667,357,28963,31627,10566,5746,8536,11614,45414,36160,11036,6671,6199,4531,14099,3515,9657,4131,718,1306,4556,2444,28571,999,3768,1048,699,3890,1088,8531
1049,5888,1049.0647304290403,99750,1103,621,191,55,52073,27010,0.792812030075188,661,360,28894,31602,10626,5779,8523,11581,45414,36160,11050,6697,6183,4515,14065,3524,9689,4157,718,1320,4604,2441,28502,997,3756,1046,700,3896,1104,8533
1050,5888,1050.3351328262413,99750,1110,616,191,55,52284,27121,0.7960401002506265,662,368,28828,31575,10738,5858,8469,11526,45414,36160,11064,6722,6155,4500,13999,3538,9759,4200,712,1345,4706,2435,28372,992,3745,1041,701,3894,1123,8533
1051,5888,1051.1837926046621,99749,1146,619,191,56,52430,27203,0.798333817882886,668,376,28758,31572,10793,5904,8442,11471,45414,36160,11078,6747,6136,4489,13968,3545,9790,4229,712,1362,4763,2431,28287,991,3729,1045,702,3893,1137,8540
1052,5888,1052.0336757238376,99747,1156,617,192,57,52582,27278,0.8006255827242924,651,381,28713,31559,10870,5952,8416,11432,45414,36160,11092,6772,6117,4476,13931,3551,9838,4261,710,1378,4816,2422,28203,990,3715,1046,702,3893,1158,8540
1053,5888,1053.3113020277303,99746,1131,630,193,57,52792,27401,0.8039720891063301,682,387,28603,31521,11020,6031,8369,11372,45414,36160,11105,6797,6090,4451,13874,3576,9909,4305,709,1401,4912,2413,28075,982,3689,1046,701,3896,1183,8534
1054,5888,1054.165657876552,99745,1116,616,193,58,52928,27471,0.8060454158103163,700,390,28547,31508,11098,6085,8344,11341,45414,36160,11118,6822,6068,4429,13834,3598,9941,4341,706,1418,4976,2408,27990,981,3679,1047,702,3896,1203,8528
1055,5888,1055.0219910797748,99745,1112,626,193,58,53075,27555,0.8083613213694922,711,379,28498,31516,11174,6127,8310,11292,45414,36160,11131,6846,6060,4412,13791,3614,9982,4373,705,1424,5053,2400,27887,978,3668,1046,703,3900,1219,8530
1056,5888,1056.3089745613584,99745,1146,626,193,58,53303,27671,0.811810115795278,726,406,28410,31497,11281,6201,8242,11210,45414,36160,11144,6870,6029,4388,13742,3633,10044,4417,705,1450,5121,2394,27791,971,3648,1044,702,3903,1245,8518
1057,5888,1057.1686926916614,99745,1191,655,193,58,53489,27780,0.8147676575266931,697,398,28330,31452,11364,6259,8223,11176,45414,36160,11157,6894,6006,4375,13697,3648,10093,4445,701,1471,5175,2382,27717,965,3641,1045,702,3905,1268,8509
1058,5888,1058.0303550261926,99745,1189,659,193,58,53645,27864,0.8171737931725901,686,415,28268,31416,11467,6308,8195,11142,45414,36160,11170,6918,5986,4365,13659,3671,10135,4480,698,1486,5230,2372,27633,955,3629,1044,702,3905,1292,8503
1059,5888,1059.326692392879,99744,1184,684,194,58,53872,28002,0.8208413538658967,704,397,28166,31385,11606,6386,8144,11088,45414,36160,11182,6941,5954,4343,13607,3679,10200,4533,695,1515,5324,2363,27515,951,3614,1043,700,3899,1317,8492
1060,5888,1060.1934094501835,99743,1179,696,195,58,54021,28094,0.8232657930882368,735,393,28102,31366,11677,6437,8110,11048,45414,36160,11194,6964,5934,4326,13566,3695,10248,4562,693,1532,5396,2349,27418,950,3604,1043,703,3899,1334,8491
1061,5888,1061.0617144158844,99742,1200,704,195,59,54194,28183,0.8259008241262457,708,405,28046,31338,11756,6487,8093,11005,45414,36160,11206,6987,5909,4311,13527,3711,10291,4592,690,1555,5456,2347,27335,943,3591,1046,702,3894,1361,8481
1062,5888,1062.3676442522515,99740,1188,740,197,59,54412,28346,0.8297373170242631,749,393,27935,31279,11890,6583,8039,10944,45414,36160,11218,7010,5878,4286,13469,3736,10362,4644,687,1582,5536,2335,27227,938,3568,1047,701,3891,1399,8454
1063,5888,1063.2406811037827,99740,1208,720,197,59,54578,28431,0.8322538600360938,763,411,27859,31255,11970,6647,8001,10906,45414,36160,11230,7033,5863,4268,13429,3756,10405,4688,686,1593,5606,2329,27129,935,3555,1048,698,3884,1424,8444
1064,5888,1064.1156102432421,99740,1254,697,197,59,54754,28512,0.834830559454582,747,427,27803,31216,12026,6726,7971,10873,45414,36160,11241,7055,5837,4255,13386,3763,10438,4728,684,1618,5672,2326,27040,934,3547,1047,696,3886,1442,8441
1065,5888,1065.4312689970711,99739,1240,717,198,59,54979,28668,0.8386588997282909,743,416,27728,31177,12168,6820,7921,10809,45414,36160,11252,7077,5801,4236,13324,3778,10495,4788,681,1650,5776,2321,26906,928,3533,1045,695,3880,1472,8430
1066,5888,1066.3102650170465,99738,1219,722,198,60,55123,28774,0.8411738755539514,785,412,27652,31141,12252,6891,7892,10772,45414,36160,11263,7099,5783,4220,13275,3787,10551,4830,680,1664,5832,2312,26825,927,3515,1045,696,3880,1502,8414
1067,5888,1067.1911643274557,99738,1258,737,198,60,55310,28880,0.844111572319477,781,410,27564,31102,12332,6958,7865,10731,45414,36160,11274,7121,5764,4208,13236,3795,10604,4860,680,1679,5895,2304,26736,924,3502,1044,698,3882,1526,8401
1068,5888,1068.0746589835226,99738,1244,729,198,60,55473,28968,0.8466281657943813,804,424,27494,31073,12437,7018,7821,10694,45414,36160,11285,7143,5748,4189,13182,3821,10652,4906,677,1685,5952,2299,26653,920,3490,1044,697,3883,1545,8395
1069,5888,1069.4042018645737,99738,1248,719,198,60,55723,29114,0.8505985682488119,819,433,27386,31049,12575,7122,7772,10615,45414,36160,11296,7164,5703,4167,13108,3841,10731,4972,674,1725,6044,2290,26539,912,3469,1038,696,3878,1574,8377
1070,5888,1070.2933112076485,99737,1270,737,198,61,55898,29218,0.8534044537132659,816,440,27335,31021,12650,7181,7729,10558,45414,36160,11307,7185,5681,4146,13074,3854,10765,5015,673,1746,6094,2284,26460,910,3459,1039,696,3875,1599,8367
1071,5888,1071.1841975288608,99734,1299,734,200,62,56082,29315,0.8562476186656506,800,425,27289,31010,12713,7252,7697,10515,45414,36160,11317,7206,5661,4125,13030,3874,10813,5053,671,1759,6156,2280,26374,907,3446,1039,697,3874,1619,8356
1072,5888,1072.0760714973935,99732,1302,728,202,62,56262,29396,0.8588818032326635,771,450,27234,30976,12812,7302,7677,10480,45414,36160,11327,7227,5647,4114,12985,3885,10860,5102,666,1769,6230,2274,26274,904,3434,1031,696,3869,1638,8354
1073,5888,1073.4173289939295,99732,1292,736,202,62,56498,29541,0.8627020414711427,799,447,27163,30921,12911,7400,7631,10432,45414,36160,11337,7248,5622,4095,12925,3904,10935,5171,660,1789,6313,2267,26157,898,3414,1028,693,3856,1669,8336
1074,5888,1074.313136997711,99732,1320,768,202,62,56688,29654,0.8657401836922953,805,418,27090,30909,12991,7448,7590,10393,45414,36160,11347,7268,5598,4076,12882,3924,10972,5212,657,1809,6367,2262,26082,896,3406,1027,693,3856,1688,8325
1075,5888,1075.211145963466,99732,1319,729,202,62,56879,29731,0.8684273853928528,789,429,27035,30893,13090,7537,7563,10348,45414,36160,11357,7288,5575,4056,12828,3940,11055,5242,655,1828,6434,2254,25980,890,3391,1025,693,3860,1715,8311
1076,5888,1076.1113734242551,99732,1320,733,202,62,57068,29835,0.8713652588938354,767,426,26964,30874,13217,7604,7528,10299,45414,36160,11367,7308,5545,4037,12773,3958,11131,5282,654,1853,6490,2245,25896,883,3371,1025,692,3856,1731,8310
1077,5888,1077.0138511200082,99732,1337,725,202,62,57243,29915,0.8739221112581719,755,452,26911,30844,13308,7654,7485,10261,45414,36160,11377,7328,5520,4024,12746,3970,11159,5324,653,1873,6557,2240,25801,878,3360,1024,692,3855,1748,8308
1078,5888,1078.3709267733898,99732,1331,724,202,62,57514,30063,0.8781233706332973,744,456,26833,30810,13465,7753,7423,10193,45414,36160,11386,7348,5480,4010,12681,3984,11227,5401,650,1906,6673,2230,25661,871,3337,1020,687,3850,1774,8290
1079,5888,1079.2781369387649,99732,1361,734,202,62,57718,30164,0.8811815665984839,712,448,26779,30807,13548,7799,7396,10148,45414,36160,11395,7367,5453,3997,12628,3996,11296,5435,646,1927,6716,2222,25594,867,3324,1022,687,3848,1801,8273
1080,5888,1080.1872414880975,99732,1376,748,202,62,57896,30257,0.8838988489150924,716,464,26711,30770,13629,7846,7364,10108,45414,36160,11404,7386,5433,3983,12579,4010,11351,5466,643,1944,6772,2216,25516,864,3312,1022,688,3846,1825,8262
1081,5888,1081.0982018676502,99731,1337,774,203,62,58043,30364,0.8864545627738617,743,459,26667,30762,13722,7886,7326,10055,45414,36160,11413,7405,5413,3960,12535,4032,11409,5505,642,1955,6827,2204,25433,863,3299,1022,689,3849,1836,8258
1082,5888,1082.010767383296,99730,1355,787,203,63,58222,30478,0.8894013837360875,753,444,26585,30745,13802,7946,7300,10013,45414,36160,11422,7424,5389,3946,12490,4047,11469,5541,637,1973,6886,2190,25352,860,3284,1023,693,3848,1850,8252
1083,5888,1083.3836504845415,99730,1388,794,203,63,58497,30638,0.8937631605334403,758,446,26491,30712,13907,8052,7251,9931,45414,36160,11431,7443,5353,3923,12434,4055,11545,5603,637,2007,6979,2180,25225,851,3269,1021,692,3843,1874,8239
1084,5888,1084.3013621943135,99728,1392,783,204,64,58698,30741,0.8968293759024547,744,466,26419,30673,14019,8117,7220,9895,45414,36160,11440,7462,5329,3902,12385,4078,11600,5646,631,2024,7062,2175,25114,846,3255,1022,692,3843,1892,8232
1085,5888,1085.2214101517725,99728,1396,781,204,64,58875,30839,0.8995868763035456,758,468,26368,30658,14105,8177,7167,9850,45414,36160,11449,7480,5306,3889,12336,4090,11660,5681,630,2039,7137,2171,25014,841,3244,1020,693,3840,1910,8227
1086,5888,1086.143540945323,99727,1395,770,205,64,59043,30933,0.9022230689783108,797,488,26276,30626,14194,8242,7131,9808,45414,36160,11457,7498,5278,3874,12295,4111,11712,5718,626,2061,7202,2164,24923,837,3232,1019,692,3837,1930,8216
1087,5888,1087.0679375850468,99727,1387,809,205,64,59230,31055,0.9053215277708143,801,470,26233,30609,14272,8284,7100,9762,45414,36160,11465,7516,5255,3860,12248,4125,11765,5763,625,2076,7266,2155,24832,835,3220,1018,691,3833,1952,8208
1088,5888,1088.4580685438432,99726,1402,799,206,64,59500,31223,0.9097226400336923,812,463,26146,30580,14385,8398,7047,9694,45414,36160,11473,7534,5225,3830,12189,4155,11860,5825,620,2098,7352,2143,24701,830,3196,1015,690,3827,1982,8188
1089,5888,1089.3869901463315,99724,1395,813,208,64,59679,31340,0.9127090770526654,818,464,26075,30538,14485,8459,7017,9660,45414,36160,11481,7552,5206,3816,12137,4165,11938,5866,619,2114,7394,2135,24621,825,3179,1014,690,3827,2007,8171
1090,5888,1090.31818114168,99722,1429,804,209,65,59868,31440,0.9156254387196406,829,476,25992,30510,14549,8531,6990,9612,45414,36160,11489,7570,5180,3792,12091,4190,11985,5906,617,2137,7447,2129,24545,820,3170,1012,690,3824,2032,8155
1091,5888,1091.251928775163,99721,1432,794,210,65,60055,31538,0.9184925943382036,820,476,25960,30501,14627,8593,6949,9569,45414,36160,11497,7587,5146,3784,12043,4198,12048,5955,614,2166,7502,2120,24458,815,3161,1010,689,3817,2048,8147
1092,5888,1092.1875836863067,99720,1410,805,211,65,60224,31656,0.9213798636181307,838,481,25892,30469,14724,8662,6923,9516,45414,36160,11505,7604,5123,3760,11991,4220,12087,6006,610,2187,7585,2115,24353,814,3150,1010,688,3820,2060,8141
1093,5888,1093.1250413360442,99719,1423,795,212,65,60421,31757,0.9243775007771838,820,494,25831,30462,14828,8721,6884,9461,45414,36160,11513,7621,5103,3742,11947,4228,12152,6044,609,2199,7650,2110,24255,813,3142,1008,688,3819,2089,8121
1094,5888,1094.0648522841423,99719,1443,817,212,65,60603,31889,0.9275263490408047,842,472,25762,30427,14888,8800,6851,9417,45414,36160,11521,7638,5085,3725,11902,4256,12201,6093,609,2206,7703,2110,24173,807,3127,1008,688,3814,2100,8112
