,indexID,time,N,Inf_L,Inf_H,Dead_L,Dead_H,cum_cases_L,cum_cases_H,cum_sum_per_N,Exposed_L,Exposed_H,Sus_L,Sus_H,Rec_nat_L,Rec_nat_H,Rec_vax_L,Rec_vax_H,vaccinatedH,vaccinatedL,boostedH,boostedL,count_Naive,count_Delta,count_Delta_vaccine,count_two,count_three,count_four,count_Omicron,count_Omicron_star,count_Omicron_star_vaccine,count_Omicron_vaccine,count_Vaccine,count_WT,count_WT_vaccine,count_WT_vaccine_boost,count_Omicron_vaccine_boost,count_Delta_vaccine_boost,count_Omicron_star_vaccine_boost,count_Vaccine_boost
0,2943,1.013029412820599,99996,7,7,0,0,8,8,0.00016000640025601025,17,17,49973,49973,1,1,0,0,0,0,0,0,99994,0,0,0,0,0,0,0,0,0,0,2,0,0,0,0,0,0
1,2943,2.1541436261044096,99996,12,12,0,0,15,13,0.0002800112004480179,13,12,49970,49973,3,1,0,0,0,0,0,0,99992,0,0,0,0,0,0,0,0,0,0,4,0,0,0,0,0,0
2,2943,3.019764803090186,99996,13,13,0,0,20,16,0.00036001440057602306,10,10,49968,49972,7,3,0,0,0,0,0,0,99986,0,0,0,0,0,0,0,0,0,0,10,0,0,0,0,0,0
3,2943,4.028663078126573,99996,11,13,0,0,22,21,0.00043001720068802754,10,5,49967,49972,10,8,0,0,0,0,0,0,99977,0,0,0,0,0,0,0,0,0,0,19,0,0,0,0,0,0
4,2943,5.041861687210851,99996,11,10,0,0,25,21,0.00046001840073602946,7,7,49967,49970,13,11,0,0,0,0,0,0,99971,0,0,0,0,0,0,0,0,0,0,25,0,0,0,0,0,0
5,2943,6.000115476275837,99996,10,10,0,0,26,23,0.0004900196007840313,8,5,49965,49970,15,13,0,0,0,0,0,0,99967,0,0,0,0,0,0,0,0,0,0,29,0,0,0,0,0,0
6,2943,7.0089379800711615,99996,11,11,0,0,28,25,0.0005300212008480339,9,4,49962,49969,16,14,0,0,0,0,0,0,99965,0,0,0,0,0,0,0,0,0,0,31,0,0,0,0,0,0
7,2943,8.006896076736567,99996,11,7,0,0,31,25,0.0005600224008960358,11,5,49957,49968,19,18,0,0,0,0,0,0,99958,0,0,0,0,0,0,0,0,0,0,38,0,0,0,0,0,0
8,2943,9.034830667797506,99996,12,6,0,0,33,27,0.0006000240009600384,10,5,49956,49966,20,21,0,0,0,0,0,0,99954,0,0,0,0,0,0,0,0,0,0,42,0,0,0,0,0,0
9,2943,10.15053479109233,99996,12,5,0,0,36,28,0.000640025601024041,11,6,49952,49964,23,23,0,0,0,0,0,0,99949,0,0,0,0,0,0,0,0,0,0,47,0,0,0,0,0,0
10,2943,11.08161579269122,99996,12,7,0,0,36,30,0.0006600264010560422,12,6,49951,49962,23,23,0,0,0,0,0,0,99949,0,0,0,0,0,0,0,0,0,0,47,0,0,0,0,0,0
11,2943,12.056184217107917,99996,10,5,0,0,37,31,0.0006800272010880435,12,7,49950,49960,26,26,0,0,0,0,0,0,99943,0,0,0,0,0,0,0,0,0,0,53,0,0,0,0,0,0
12,2943,13.233838462029405,99996,12,8,0,0,41,34,0.000750030001200048,9,7,49949,49957,28,26,0,0,0,0,0,0,99941,0,0,0,0,0,0,0,0,0,0,55,0,0,0,0,0,0
13,2943,14.026297540429773,99996,12,11,0,0,42,37,0.0007900316012640506,10,5,49947,49956,29,26,0,0,0,0,0,0,99940,0,0,0,0,0,0,0,0,0,0,56,0,0,0,0,0,0
14,2943,15.047712537350327,99996,11,11,0,0,46,39,0.0008500340013600544,8,4,49945,49955,34,28,0,0,0,0,0,0,99933,0,0,0,0,0,0,0,0,0,0,63,0,0,0,0,0,0
15,2943,16.181222999334494,99996,12,9,0,0,48,40,0.0008800352014080563,11,3,49940,49955,35,31,0,0,0,0,0,0,99929,0,0,0,0,0,0,0,0,0,0,67,0,0,0,0,0,0
16,2943,17.163650618567335,99996,14,8,0,0,51,40,0.0009100364014560582,9,6,49939,49952,36,32,0,0,0,0,0,0,99927,0,0,0,0,0,0,0,0,0,0,69,0,0,0,0,0,0
17,2943,18.090087412900722,99996,11,7,0,0,51,40,0.0009100364014560582,13,8,49935,49950,39,33,0,0,0,0,0,0,99923,0,0,0,0,0,0,0,0,0,0,73,0,0,0,0,0,0
18,2943,19.265302829415102,99996,15,8,0,0,57,43,0.001000040001600064,11,5,49931,49950,41,35,0,0,0,0,0,0,99919,0,0,0,0,0,0,0,0,0,0,77,0,0,0,0,0,0
19,2943,20.057865856297234,99996,16,7,0,0,59,44,0.0010300412016480659,10,5,49931,49949,41,37,0,0,0,0,0,0,99916,0,0,0,0,0,0,0,0,0,0,80,0,0,0,0,0,0
20,2943,21.01332563738217,99996,15,7,0,0,62,46,0.001080043201728069,11,3,49928,49949,44,39,0,0,0,0,0,0,99910,0,0,0,0,0,0,0,0,0,0,86,0,0,0,0,0,0
21,2943,22.15546027714897,99996,12,8,0,0,63,47,0.0011000440017600705,13,2,49925,49949,48,39,0,0,0,0,0,0,99906,0,0,0,0,0,0,0,0,0,0,90,0,0,0,0,0,0
22,2943,23.048442548088996,99996,12,5,0,0,64,47,0.001110044401776071,12,2,49925,49949,49,42,0,0,0,0,0,0,99902,0,0,0,0,0,0,0,0,0,0,94,0,0,0,0,0,0
23,2943,24.058661443308832,99996,14,4,0,0,68,47,0.0011500460018400735,11,2,49923,49949,50,43,0,0,0,0,0,0,99899,0,0,0,0,0,0,0,0,0,0,97,0,0,0,0,0,0
24,2943,25.27017132879814,99996,15,5,0,0,70,48,0.0011800472018880755,11,3,49921,49947,51,43,0,0,0,0,0,0,99898,0,0,0,0,0,0,0,0,0,0,98,0,0,0,0,0,0
25,2943,26.028371915099626,99996,13,4,0,0,72,48,0.0012000480019200767,11,3,49919,49947,55,44,0,0,0,0,0,0,99893,0,0,0,0,0,0,0,0,0,0,103,0,0,0,0,0,0
26,2943,27.046271049799945,99996,12,3,0,0,75,49,0.0012400496019840794,12,5,49915,49944,59,46,0,0,0,0,0,0,99887,0,0,0,0,0,0,0,0,0,0,109,0,0,0,0,0,0
27,2943,28.025698864587635,99996,15,5,0,0,78,51,0.0012900516020640826,12,3,49912,49944,59,46,0,0,0,0,0,0,99887,0,0,0,0,0,0,0,0,0,0,109,0,0,0,0,0,0
28,2943,29.030862801622142,99996,14,5,0,0,81,51,0.0013200528021120844,12,4,49909,49943,63,46,0,0,0,0,0,0,99883,0,0,0,0,0,0,0,0,0,0,113,0,0,0,0,0,0
29,2943,30.012224519225974,99996,11,5,0,0,82,51,0.0013300532021280852,13,6,49907,49941,67,46,0,0,0,0,0,0,99879,0,0,0,0,0,0,0,0,0,0,117,0,0,0,0,0,0
30,2943,31.102868469608325,99996,14,5,0,0,85,51,0.001360054402176087,14,8,49903,49939,67,46,0,0,0,0,0,0,99879,0,0,0,0,0,0,0,0,0,0,117,0,0,0,0,0,0
31,2943,32.06564702217692,99996,17,7,0,0,88,54,0.0014200568022720908,11,8,49903,49936,67,47,0,0,0,0,0,0,99878,0,0,0,0,0,0,0,0,0,0,118,0,0,0,0,0,0
32,2943,33.09024850268925,99996,18,8,0,0,92,56,0.0014800592023680947,7,6,49903,49936,70,48,0,0,0,0,0,0,99874,0,0,0,0,0,0,0,0,0,0,122,0,0,0,0,0,0
33,2943,34.15388818663173,99996,18,12,0,0,93,61,0.0015400616024640985,8,3,49901,49934,71,49,0,0,0,0,0,0,99872,0,0,0,0,0,0,0,0,0,0,124,0,0,0,0,0,0
34,2943,35.04501785851789,99996,17,10,0,0,93,62,0.0015500620024800993,9,3,49900,49935,72,50,0,0,0,0,0,0,99868,0,0,0,0,0,0,0,0,0,0,128,0,0,0,0,0,0
35,2943,36.07446245325472,99996,17,8,0,0,93,62,0.0015500620024800993,12,5,49899,49933,70,52,0,0,0,0,0,0,99866,0,0,0,0,0,0,0,0,0,0,130,0,0,0,0,0,0
36,2943,37.05570420502136,99996,16,10,0,0,94,64,0.001580063202528101,13,4,49897,49932,72,52,0,0,0,0,0,0,99864,0,0,0,0,0,0,0,0,0,0,132,0,0,0,0,0,0
37,2943,38.013428962992904,99996,15,12,0,0,97,67,0.001640065602624105,13,4,49894,49929,76,53,0,0,0,0,0,0,99859,0,0,0,0,0,0,0,0,0,0,137,0,0,0,0,0,0
38,2943,39.013181734504045,99996,13,11,0,0,97,68,0.0016500660026401055,16,3,49891,49929,78,55,0,0,0,0,0,0,99855,0,0,0,0,0,0,0,0,0,0,141,0,0,0,0,0,0
39,2943,40.02692774001034,99996,21,10,0,0,106,69,0.001750070002800112,8,5,49890,49926,79,57,0,0,0,0,0,0,99852,0,0,0,0,0,0,0,0,0,0,144,0,0,0,0,0,0
40,2943,41.06419508269284,99996,21,7,0,0,108,69,0.0017700708028321132,9,6,49888,49926,80,59,0,0,0,0,0,0,99847,0,0,0,0,0,0,0,0,0,0,149,0,0,0,0,0,0
41,2943,42.025988516923675,99996,22,7,0,0,111,71,0.0018200728029121164,7,6,49887,49924,82,61,0,0,0,0,0,0,99843,0,0,0,0,0,0,0,0,0,0,153,0,0,0,0,0,0
42,2943,43.045432828756645,99996,24,9,0,0,114,73,0.0018700748029921196,7,7,49884,49921,83,61,0,0,0,0,0,0,99842,0,0,0,0,0,0,0,0,0,0,154,0,0,0,0,0,0
43,2943,44.044707569367034,99996,19,8,0,0,116,75,0.0019100764030561222,6,8,49884,49918,89,64,0,0,0,0,0,0,99832,0,0,0,0,0,0,0,0,0,0,164,0,0,0,0,0,0
44,2943,45.25575200510551,99996,17,10,0,0,117,78,0.0019500780031201249,6,7,49883,49917,92,64,0,0,0,0,0,0,99828,0,0,0,0,0,0,0,0,0,0,168,0,0,0,0,0,0
45,2943,46.106245653413744,99996,18,13,0,0,119,81,0.002000080003200128,8,7,49879,49915,93,63,0,0,0,0,0,0,99827,0,0,0,0,0,0,0,0,0,0,169,0,0,0,0,0,0
46,2943,47.00253449731924,99996,18,9,0,0,121,81,0.0020200808032321293,8,7,49877,49915,95,67,0,0,0,0,0,0,99821,0,0,0,0,0,0,0,0,0,0,175,0,0,0,0,0,0
47,2943,48.140640952242755,99996,14,10,0,0,124,83,0.0020700828033121325,9,6,49873,49914,102,68,0,0,0,0,0,0,99813,0,0,0,0,0,0,0,0,0,0,183,0,0,0,0,0,0
48,2943,49.01304868055873,99996,13,10,0,0,126,85,0.002110084403376135,8,8,49872,49910,105,70,0,0,0,0,0,0,99808,0,0,0,0,0,0,0,0,0,0,188,0,0,0,0,0,0
49,2943,50.017616095710416,99996,13,12,0,0,129,88,0.002170086803472139,6,6,49871,49909,108,71,0,0,0,0,0,0,99804,0,0,0,0,0,0,0,0,0,0,192,0,0,0,0,0,0
50,2943,51.13924778566596,99996,15,13,0,0,133,90,0.0022300892035681426,3,6,49870,49907,110,72,0,0,0,0,0,0,99801,0,0,0,0,0,0,0,0,0,0,195,0,0,0,0,0,0
51,2943,52.01296875508924,99996,10,11,0,0,134,91,0.0022500900036001442,3,5,49871,49907,114,75,0,0,0,0,0,0,99792,0,0,0,0,0,0,0,0,0,0,204,0,0,0,0,0,0
52,2943,53.10665043124092,99996,10,8,0,0,138,92,0.002300092003680147,0,6,49871,49905,117,79,0,0,0,0,0,0,99784,0,0,0,0,0,0,0,0,0,0,212,0,0,0,0,0,0
53,2943,54.05445863184793,99996,9,8,0,0,139,94,0.002330093203728149,2,5,49868,49905,119,80,0,0,0,0,0,0,99780,0,0,0,0,0,0,0,0,0,0,216,0,0,0,0,0,0
54,2943,55.21743212555791,99995,8,5,0,1,141,94,0.0023501175058752936,2,6,49867,49904,121,82,0,0,0,0,0,0,99774,0,0,0,0,0,0,0,0,0,0,221,0,0,0,0,0,0
55,2943,56.00504107911152,99995,9,7,0,1,143,96,0.0023901195059752986,1,4,49866,49904,122,82,0,0,0,0,0,0,99773,0,0,0,0,0,0,0,0,0,0,222,0,0,0,0,0,0
56,2943,57.13042782990875,99995,9,7,0,1,144,98,0.0024201210060503025,1,3,49865,49903,123,84,0,0,0,0,0,0,99770,0,0,0,0,0,0,0,0,0,0,225,0,0,0,0,0,0
57,2943,58.1326207922583,99995,8,7,0,1,146,99,0.002450122506125306,1,3,49863,49902,126,85,0,0,0,0,0,0,99766,0,0,0,0,0,0,0,0,0,0,229,0,0,0,0,0,0
58,2943,59.16305906219564,99995,8,8,0,1,147,100,0.0024701235061753085,3,2,49860,49903,127,84,0,0,0,0,0,0,99765,0,0,0,0,0,0,0,0,0,0,230,0,0,0,0,0,0
59,2943,60.10947135880266,99995,6,6,0,1,149,102,0.002510125506275314,2,1,49859,49902,131,88,0,0,0,0,0,0,99757,0,0,0,0,0,0,0,0,0,0,238,0,0,0,0,0,0
60,2943,61.11174765076095,99995,5,5,0,1,149,102,0.002510125506275314,4,2,49858,49902,131,88,0,0,0,0,0,0,99755,0,0,0,0,0,0,0,0,0,0,240,0,0,0,0,0,0
61,2943,62.04578231208275,99995,5,6,0,1,151,104,0.002550127506375319,3,0,49857,49902,133,89,0,0,0,0,0,0,99752,0,0,0,0,0,0,0,0,0,0,243,0,0,0,0,0,0
62,2943,63.14580388435244,99995,5,5,0,1,152,104,0.00256012800640032,4,2,49855,49900,134,90,0,0,0,0,0,0,99750,0,0,0,0,0,0,0,0,0,0,245,0,0,0,0,0,0
63,2943,64.19231028669256,99995,5,5,0,1,153,105,0.0025801290064503225,3,2,49856,49900,134,90,0,0,0,0,0,0,99748,0,0,0,0,0,0,0,0,0,0,247,0,0,0,0,0,0
64,2943,65.17621836858338,99995,5,4,0,1,154,105,0.002590129506475324,2,3,49856,49899,135,91,0,0,0,0,0,0,99746,0,0,0,0,0,0,0,0,0,0,249,0,0,0,0,0,0
65,2943,66.15967880416524,99995,4,4,0,1,154,105,0.002590129506475324,3,4,49856,49898,135,91,0,0,0,0,0,0,99745,0,0,0,0,0,0,0,0,0,0,250,0,0,0,0,0,0
66,2943,67.2903623238932,99995,7,7,0,1,157,109,0.0026601330066503325,3,0,49854,49899,134,91,0,0,0,0,0,0,99744,0,0,0,0,0,0,0,0,0,0,251,0,0,0,0,0,0
67,2943,68.19381192952746,99995,6,6,0,1,157,109,0.0026601330066503325,5,1,49852,49898,135,92,0,0,0,0,0,0,99742,0,0,0,0,0,0,0,0,0,0,253,0,0,0,0,0,0
68,2943,69.17731042721302,99995,7,6,0,1,158,109,0.002670133506675334,5,1,49851,49898,135,92,0,0,0,0,0,0,99742,0,0,0,0,0,0,0,0,0,0,253,0,0,0,0,0,0
69,2943,70.03408217135478,99995,5,3,0,1,159,109,0.002680134006700335,4,3,49851,49897,138,94,0,0,0,0,0,0,99736,0,0,0,0,0,0,0,0,0,0,259,0,0,0,0,0,0
70,2943,71.01763438456067,99995,4,3,0,1,159,109,0.002680134006700335,5,3,49850,49897,139,94,0,0,0,0,0,0,99735,0,0,0,0,0,0,0,0,0,0,260,0,0,0,0,0,0
71,2943,72.27493141309216,99995,5,4,0,1,160,110,0.0027001350067503375,5,3,49849,49896,139,94,0,0,0,0,0,0,99735,0,0,0,0,0,0,0,0,0,0,260,0,0,0,0,0,0
72,2943,73.02459494159261,99995,3,3,0,1,161,111,0.00272013600680034,5,2,49849,49896,141,96,0,0,0,0,0,0,99730,0,0,0,0,0,0,0,0,0,0,265,0,0,0,0,0,0
73,2943,74.17400517382079,99995,5,3,0,1,163,111,0.0027401370068503425,4,2,49849,49896,140,96,0,0,0,0,0,0,99730,0,0,0,0,0,0,0,0,0,0,265,0,0,0,0,0,0
74,2943,75.14537536658,99995,4,4,0,1,163,112,0.002750137506875344,5,1,49848,49896,141,96,0,0,0,0,0,0,99729,0,0,0,0,0,0,0,0,0,0,266,0,0,0,0,0,0
75,2943,76.08787089367733,99995,5,2,0,1,164,112,0.002760138006900345,5,1,49847,49897,141,97,0,0,0,0,0,0,99727,0,0,0,0,0,0,0,0,0,0,268,0,0,0,0,0,0
76,2943,77.138862426611,99995,6,2,0,1,165,112,0.0027701385069253464,4,1,49847,49897,141,97,0,0,0,0,0,0,99727,0,0,0,0,0,0,0,0,0,0,268,0,0,0,0,0,0
77,2943,78.00294112707846,99995,5,2,0,1,166,112,0.0027801390069503475,4,2,49846,49897,143,96,0,0,0,0,0,0,99725,0,0,0,0,0,0,0,0,0,0,270,0,0,0,0,0,0
78,2943,79.1290388525424,99995,7,1,0,1,169,112,0.0028101405070253514,3,2,49844,49897,144,97,0,0,0,0,0,0,99723,0,0,0,0,0,0,0,0,0,0,272,0,0,0,0,0,0
79,2943,80.12335596277855,99995,6,1,0,1,170,112,0.0028201410070503525,2,3,49844,49898,146,95,0,0,0,0,0,0,99721,0,0,0,0,0,0,0,0,0,0,274,0,0,0,0,0,0
80,2943,81.07469107083621,99995,6,2,0,1,170,113,0.002830141507075354,2,4,49847,49897,143,94,0,0,0,0,0,0,99721,0,0,0,0,0,0,0,0,0,0,274,0,0,0,0,0,0
81,2943,82.18978277555154,99995,6,3,0,1,170,114,0.002840142007100355,2,3,49847,49897,143,94,0,0,0,0,0,0,99721,0,0,0,0,0,0,0,0,0,0,274,0,0,0,0,0,0
82,2943,83.25915760098353,99995,5,4,0,1,171,115,0.0028601430071503574,1,2,49848,49897,144,94,0,0,0,0,0,0,99719,0,0,0,0,0,0,0,0,0,0,276,0,0,0,0,0,0
83,2943,84.1896651338409,99995,3,3,0,1,171,115,0.0028601430071503574,1,3,49849,49896,145,95,0,0,0,0,0,0,99716,0,0,0,0,0,0,0,0,0,0,279,0,0,0,0,0,0
84,2943,85.02271498754916,99995,2,2,0,1,171,115,0.0028601430071503574,1,3,49849,49896,146,96,0,0,0,0,0,0,99714,0,0,0,0,0,0,0,0,0,0,281,0,0,0,0,0,0
85,2943,86.00637720936399,99995,2,2,0,1,171,115,0.0028601430071503574,4,3,49846,49896,146,96,0,0,0,0,0,0,99714,0,0,0,0,0,0,0,0,0,0,281,0,0,0,0,0,0
86,2943,87.05198327904526,99995,3,4,0,1,172,117,0.0028901445072253614,3,1,49847,49896,145,96,0,0,0,0,0,0,99714,0,0,0,0,0,0,0,0,0,0,281,0,0,0,0,0,0
87,2943,88.00642844801555,99995,3,3,0,1,173,117,0.0029001450072503624,2,1,49847,49896,146,97,0,0,0,0,0,0,99712,0,0,0,0,0,0,0,0,0,0,283,0,0,0,0,0,0
88,2943,89.31799844459286,99995,3,3,0,1,173,117,0.0029001450072503624,2,1,49847,49896,146,97,0,0,0,0,0,0,99712,0,0,0,0,0,0,0,0,0,0,283,0,0,0,0,0,0
89,2943,90.06271324847178,99995,1,1,0,1,173,117,0.0029001450072503624,2,1,49847,49896,148,99,0,0,0,0,0,0,99708,0,0,0,0,0,0,0,0,0,0,287,0,0,0,0,0,0
90,2943,91.05109176968439,99995,1,1,0,1,173,117,0.0029001450072503624,2,1,49847,49896,148,99,0,0,0,0,0,0,99708,0,0,0,0,0,0,0,0,0,0,287,0,0,0,0,0,0
91,2943,92.03480207658063,99995,0,0,0,1,173,117,0.0029001450072503624,2,1,49847,49897,149,99,0,0,0,0,0,0,99706,0,0,0,0,0,0,0,0,0,0,289,0,0,0,0,0,0
92,2943,93.10087249808115,99995,1,0,0,1,174,117,0.002910145507275364,1,1,49849,49897,147,99,0,0,0,0,0,0,99706,0,0,0,0,0,0,0,0,0,0,289,0,0,0,0,0,0
93,2943,94.08455836861313,99995,1,0,0,1,174,117,0.002910145507275364,1,1,49850,49897,146,99,0,0,0,0,0,0,99706,0,0,0,0,0,0,0,0,0,0,289,0,0,0,0,0,0
94,2943,95.06822446689343,99995,1,0,0,1,174,117,0.002910145507275364,1,1,49850,49897,146,99,0,0,0,0,0,0,99706,0,0,0,0,0,0,0,0,0,0,289,0,0,0,0,0,0
95,2943,96.04565344087798,99995,1,1,0,1,175,118,0.0029301465073253664,0,0,49850,49897,147,99,0,0,0,0,0,0,99705,0,0,0,0,0,0,0,0,0,0,290,0,0,0,0,0,0
96,2943,97.0293279122105,99995,1,1,0,1,175,118,0.0029301465073253664,0,0,49850,49899,147,97,0,0,0,0,0,0,99705,0,0,0,0,0,0,0,0,0,0,290,0,0,0,0,0,0
97,2943,98.01300233144822,99995,1,1,0,1,175,118,0.0029301465073253664,0,0,49850,49899,147,97,0,0,0,0,0,0,99705,0,0,0,0,0,0,0,0,0,0,290,0,0,0,0,0,0
98,2943,99.32456159858184,99995,1,1,0,1,175,118,0.0029301465073253664,0,0,49851,49900,146,96,0,0,0,0,0,0,99705,0,0,0,0,0,0,0,0,0,0,290,0,0,0,0,0,0
99,2943,100.21387074914362,99995,0,0,0,1,175,118,0.0029301465073253664,1,0,49852,49900,145,97,0,0,0,0,0,0,99703,0,0,0,0,0,0,0,0,0,0,292,0,0,0,0,0,0
100,2943,101.19751892613445,99995,0,0,0,1,175,118,0.0029301465073253664,1,0,49852,49901,145,96,0,0,0,0,0,0,99703,0,0,0,0,0,0,0,0,0,0,292,0,0,0,0,0,0
101,2943,102.18115389687536,99995,1,0,0,1,176,118,0.0029401470073503674,0,0,49853,49901,144,96,0,0,0,0,0,0,99703,0,0,0,0,0,0,0,0,0,0,292,0,0,0,0,0,0
102,2943,103.15171663474858,99995,1,0,0,1,176,118,0.0029401470073503674,0,0,49853,49901,144,96,0,0,0,0,0,0,99703,0,0,0,0,0,0,0,0,0,0,292,0,0,0,0,0,0
103,2943,104.13533056704942,99995,1,0,0,1,176,118,0.0029401470073503674,1,0,49854,49901,142,96,0,0,0,0,0,0,99703,0,0,0,0,0,0,0,0,0,0,292,0,0,0,0,0,0
104,2943,105.11892169182042,99995,1,0,0,1,176,118,0.0029401470073503674,1,0,49855,49902,141,95,0,0,0,0,0,0,99703,0,0,0,0,0,0,0,0,0,0,292,0,0,0,0,0,0
105,2943,106.1024981909124,99995,2,1,0,1,177,119,0.00296014800740037,0,0,49855,49901,141,95,0,0,0,0,0,0,99703,0,0,0,0,0,0,0,0,0,0,292,0,0,0,0,0,0
106,2943,107.06218475242689,99995,2,1,0,1,177,119,0.00296014800740037,0,1,49855,49901,141,94,0,0,0,0,0,0,99703,0,0,0,0,0,0,0,0,0,0,292,0,0,0,0,0,0
107,2943,108.04574846518173,99995,2,1,0,1,177,119,0.00296014800740037,1,1,49855,49902,140,93,0,0,0,0,0,0,99703,0,0,0,0,0,0,0,0,0,0,292,0,0,0,0,0,0
108,2943,109.05493498284955,99995,2,2,0,1,178,120,0.0029801490074503724,0,1,49856,49901,140,93,0,0,0,0,0,0,99702,0,0,0,0,0,0,0,0,0,0,293,0,0,0,0,0,0
109,2943,110.01555945753532,99995,2,4,0,1,178,122,0.003000150007500375,0,1,49857,49899,139,93,0,0,0,0,0,0,99702,0,0,0,0,0,0,0,0,0,0,293,0,0,0,0,0,0
110,2943,111.22730976435633,99995,1,3,0,1,178,122,0.003000150007500375,2,1,49855,49899,140,94,0,0,0,0,0,0,99700,0,0,0,0,0,0,0,0,0,0,295,0,0,0,0,0,0
111,2943,112.25081227255801,99995,2,3,0,1,179,122,0.0030101505075253764,4,2,49852,49898,140,94,0,0,0,0,0,0,99700,0,0,0,0,0,0,0,0,0,0,295,0,0,0,0,0,0
112,2943,113.29666136989424,99995,3,3,0,1,180,122,0.0030201510075503774,3,3,49853,49897,139,94,0,0,0,0,0,0,99700,0,0,0,0,0,0,0,0,0,0,295,0,0,0,0,0,0
113,2943,114.06158478246438,99995,3,3,0,1,180,122,0.0030201510075503774,3,3,49853,49897,139,94,0,0,0,0,0,0,99700,0,0,0,0,0,0,0,0,0,0,295,0,0,0,0,0,0
114,2943,115.14228370060151,99995,3,3,0,1,181,123,0.00304015200760038,2,2,49853,49897,140,95,0,0,0,0,0,0,99698,0,0,0,0,0,0,0,0,0,0,297,0,0,0,0,0,0
115,2943,116.13733535061341,99995,1,1,0,1,181,123,0.00304015200760038,2,2,49853,49897,142,97,0,0,0,0,0,0,99694,0,0,0,0,0,0,0,0,0,0,301,0,0,0,0,0,0
116,2943,117.23427329325968,99995,1,1,0,1,182,124,0.0030601530076503824,1,1,49853,49897,143,98,0,0,0,0,0,0,99692,0,0,0,0,0,0,0,0,0,0,303,0,0,0,0,0,0
117,2943,118.10915229670768,99995,1,1,0,1,183,125,0.003080154007700385,0,1,49853,49896,144,99,0,0,0,0,0,0,99690,0,0,0,0,0,0,0,0,0,0,305,0,0,0,0,0,0
118,2943,119.2134111652455,99995,1,2,0,1,183,126,0.0030901545077253864,1,1,49854,49896,142,98,0,0,0,0,0,0,99690,0,0,0,0,0,0,0,0,0,0,305,0,0,0,0,0,0
119,2943,120.1024427374977,99995,1,2,0,1,183,126,0.0030901545077253864,1,1,49855,49896,141,98,0,0,0,0,0,0,99690,0,0,0,0,0,0,0,0,0,0,305,0,0,0,0,0,0
120,2943,121.30888157128908,99995,0,0,0,1,183,126,0.0030901545077253864,1,1,49856,49898,141,98,0,0,0,0,0,0,99687,0,0,0,0,0,0,0,0,0,0,308,0,0,0,0,0,0
121,2943,122.17516120304579,99995,1,1,0,1,184,127,0.003110155507775389,0,0,49857,49898,140,98,0,0,0,0,0,0,99687,0,0,0,0,0,0,0,0,0,0,308,0,0,0,0,0,0
122,2943,123.03566344833906,99995,2,1,0,1,185,127,0.00312015600780039,0,0,49856,49898,140,98,0,0,0,0,0,0,99687,0,0,0,0,0,0,0,0,0,0,308,0,0,0,0,0,0
123,2943,124.15509637638786,99995,2,1,0,1,185,128,0.0031301565078253914,0,0,49856,49898,140,98,0,0,0,0,0,0,99686,0,0,0,0,0,0,0,0,0,0,309,0,0,0,0,0,0
124,2943,125.13864130892324,99995,1,1,0,1,185,128,0.0031301565078253914,0,0,49857,49898,140,98,0,0,0,0,0,0,99685,0,0,0,0,0,0,0,0,0,0,310,0,0,0,0,0,0
125,2943,126.136820745,99995,1,1,0,1,185,128,0.0031301565078253914,0,1,49858,49899,139,96,0,0,0,0,0,0,99685,0,0,0,0,0,0,0,0,0,0,310,0,0,0,0,0,0
126,2943,127.12032613876622,99995,1,1,0,1,185,128,0.0031301565078253914,0,1,49859,49899,138,96,0,0,0,0,0,0,99685,0,0,0,0,0,0,0,0,0,0,310,0,0,0,0,0,0
127,2943,128.103811754845,99995,1,1,0,1,185,128,0.0031301565078253914,0,1,49860,49900,137,95,0,0,0,0,0,0,99685,0,0,0,0,0,0,0,0,0,0,310,0,0,0,0,0,0
128,2943,129.04222160936746,99995,1,2,0,1,185,129,0.0031401570078503924,0,0,49861,49900,136,95,0,0,0,0,0,0,99685,0,0,0,0,0,0,0,0,0,0,310,0,0,0,0,0,0
129,2943,130.31672531133106,99995,0,0,0,1,185,129,0.0031401570078503924,0,0,49862,49900,136,97,0,0,0,0,0,0,99682,0,0,0,0,0,0,0,0,0,0,313,0,0,0,0,0,0
130,2943,131.30017886127223,99995,0,0,0,1,185,129,0.0031401570078503924,0,0,49862,49900,136,97,0,0,0,0,0,0,99682,0,0,0,0,0,0,0,0,0,0,313,0,0,0,0,0,0
131,2943,132.2836324112134,99995,0,0,0,1,185,129,0.0031401570078503924,0,0,49862,49900,136,97,0,0,0,0,0,0,99682,0,0,0,0,0,0,0,0,0,0,313,0,0,0,0,0,0
132,2943,133.26708596115458,99995,0,0,0,1,185,129,0.0031401570078503924,0,0,49863,49900,135,97,0,0,0,0,0,0,99682,0,0,0,0,0,0,0,0,0,0,313,0,0,0,0,0,0
133,2943,134.25052633631358,99995,0,0,0,1,185,129,0.0031401570078503924,0,0,49863,49900,135,97,0,0,0,0,0,0,99682,0,0,0,0,0,0,0,0,0,0,313,0,0,0,0,0,0
134,2943,135.2339601240815,99995,0,0,0,1,185,129,0.0031401570078503924,0,0,49864,49900,134,97,0,0,0,0,0,0,99682,0,0,0,0,0,0,0,0,0,0,313,0,0,0,0,0,0
135,2943,136.21738073759573,99995,0,0,0,1,185,129,0.0031401570078503924,0,0,49864,49900,134,97,0,0,0,0,0,0,99682,0,0,0,0,0,0,0,0,0,0,313,0,0,0,0,0,0
136,2943,137.20079475096307,99995,0,0,0,1,185,129,0.0031401570078503924,0,0,49864,49901,134,96,0,0,0,0,0,0,99682,0,0,0,0,0,0,0,0,0,0,313,0,0,0,0,0,0
137,2943,138.18420873829032,99995,0,0,0,1,185,129,0.0031401570078503924,0,0,49864,49901,134,96,0,0,0,0,0,0,99682,0,0,0,0,0,0,0,0,0,0,313,0,0,0,0,0,0
138,2943,139.16761613875516,99995,0,0,0,1,185,129,0.0031401570078503924,0,0,49865,49901,133,96,0,0,0,0,0,0,99682,0,0,0,0,0,0,0,0,0,0,313,0,0,0,0,0,0
139,2943,140.15100377889695,99995,0,0,0,1,185,129,0.0031401570078503924,0,0,49868,49902,130,95,0,0,0,0,0,0,99682,0,0,0,0,0,0,0,0,0,0,313,0,0,0,0,0,0
140,2943,141.13433868957335,99995,0,0,0,1,185,129,0.0031401570078503924,0,0,49868,49902,130,95,0,0,0,0,0,0,99682,0,0,0,0,0,0,0,0,0,0,313,0,0,0,0,0,0
141,2943,142.11767360024976,99995,0,0,0,1,185,129,0.0031401570078503924,0,0,49868,49903,130,94,0,0,0,0,0,0,99682,0,0,0,0,0,0,0,0,0,0,313,0,0,0,0,0,0
142,2943,143.1010084718692,99995,0,0,0,1,185,129,0.0031401570078503924,0,0,49868,49903,130,94,0,0,0,0,0,0,99682,0,0,0,0,0,0,0,0,0,0,313,0,0,0,0,0,0
143,2943,144.08434334348863,99995,0,0,0,1,185,129,0.0031401570078503924,0,0,49869,49903,129,94,0,0,0,0,0,0,99682,0,0,0,0,0,0,0,0,0,0,313,0,0,0,0,0,0
144,2943,145.06765845769226,99995,0,0,0,1,185,129,0.0031401570078503924,0,0,49870,49903,128,94,0,0,0,0,0,0,99682,0,0,0,0,0,0,0,0,0,0,313,0,0,0,0,0,0
145,2943,146.0509603877952,99995,0,0,0,1,185,129,0.0031401570078503924,0,0,49870,49904,128,93,0,0,0,0,0,0,99682,0,0,0,0,0,0,0,0,0,0,313,0,0,0,0,0,0
146,2943,147.03425570632004,99995,0,0,0,1,185,129,0.0031401570078503924,0,0,49870,49904,128,93,0,0,0,0,0,0,99682,0,0,0,0,0,0,0,0,0,0,313,0,0,0,0,0,0
147,2943,148.0175510248449,99995,0,0,0,1,185,129,0.0031401570078503924,0,0,49871,49904,127,93,0,0,0,0,0,0,99682,0,0,0,0,0,0,0,0,0,0,313,0,0,0,0,0,0
148,2943,149.00082658753945,99995,0,0,0,1,185,129,0.0031401570078503924,0,0,49871,49904,127,93,0,0,0,0,0,0,99682,0,0,0,0,0,0,0,0,0,0,313,0,0,0,0,0,0
149,2943,150.3118606711322,99995,0,0,0,1,185,129,0.0031401570078503924,0,0,49871,49905,127,92,0,0,0,0,0,0,99682,0,0,0,0,0,0,0,0,0,0,313,0,0,0,0,0,0
150,2943,151.2951362077903,99995,0,0,0,1,185,129,0.0031401570078503924,0,0,49871,49905,127,92,0,0,0,0,0,0,99682,0,0,0,0,0,0,0,0,0,0,313,0,0,0,0,0,0
151,2943,152.2784117314302,99995,0,0,0,1,185,129,0.0031401570078503924,0,0,49871,49906,127,91,0,0,0,0,0,0,99682,0,0,0,0,0,0,0,0,0,0,313,0,0,0,0,0,0
152,2943,153.26168722903364,99995,0,0,0,1,185,129,0.0031401570078503924,0,0,49871,49906,127,91,0,0,0,0,0,0,99682,0,0,0,0,0,0,0,0,0,0,313,0,0,0,0,0,0
153,2943,154.24496271361886,99995,0,0,0,1,185,129,0.0031401570078503924,0,0,49872,49906,126,91,0,0,0,0,0,0,99682,0,0,0,0,0,0,0,0,0,0,313,0,0,0,0,0,0
154,2943,155.228218430414,99995,0,0,0,1,185,129,0.0031401570078503924,0,0,49874,49907,124,90,0,0,0,0,0,0,99682,0,0,0,0,0,0,0,0,0,0,313,0,0,0,0,0,0
155,2943,156.21144119769787,99995,0,0,0,1,185,129,0.0031401570078503924,0,0,49875,49907,123,90,0,0,0,0,0,0,99682,0,0,0,0,0,0,0,0,0,0,313,0,0,0,0,0,0
156,2943,157.19463104388308,99995,0,0,0,1,185,129,0.0031401570078503924,0,0,49876,49907,122,90,0,0,0,0,0,0,99682,0,0,0,0,0,0,0,0,0,0,313,0,0,0,0,0,0
157,2943,158.1778077221569,99995,0,0,0,1,185,129,0.0031401570078503924,0,0,49876,49907,122,90,0,0,0,0,0,0,99682,0,0,0,0,0,0,0,0,0,0,313,0,0,0,0,0,0
158,2943,159.16098440043072,99995,0,0,0,1,185,129,0.0031401570078503924,0,0,49876,49907,122,90,0,0,0,0,0,0,99682,0,0,0,0,0,0,0,0,0,0,313,0,0,0,0,0,0
159,2943,160.14416107870454,99995,0,0,0,1,185,129,0.0031401570078503924,0,0,49876,49908,122,89,0,0,0,0,0,0,99682,0,0,0,0,0,0,0,0,0,0,313,0,0,0,0,0,0
160,2943,161.12733773094453,99995,0,0,0,1,185,129,0.0031401570078503924,0,0,49877,49908,121,89,0,0,0,0,0,0,99682,0,0,0,0,0,0,0,0,0,0,313,0,0,0,0,0,0
161,2943,162.11050120278475,99995,0,0,0,1,185,129,0.0031401570078503924,0,0,49878,49908,120,89,0,0,0,0,0,0,99682,0,0,0,0,0,0,0,0,0,0,313,0,0,0,0,0,0
162,2943,163.09363834065118,99995,0,0,0,1,185,129,0.0031401570078503924,0,0,49879,49908,119,89,0,0,0,0,0,0,99682,0,0,0,0,0,0,0,0,0,0,313,0,0,0,0,0,0
163,2943,164.07675571601106,99995,0,0,0,1,185,129,0.0031401570078503924,0,0,49879,49909,119,88,0,0,0,0,0,0,99682,0,0,0,0,0,0,0,0,0,0,313,0,0,0,0,0,0
164,2943,165.05987306533865,99995,0,0,0,1,185,129,0.0031401570078503924,0,0,49880,49909,118,88,0,0,0,0,0,0,99682,0,0,0,0,0,0,0,0,0,0,313,0,0,0,0,0,0
165,2943,166.0429772358519,99995,0,0,0,1,185,129,0.0031401570078503924,0,0,49880,49910,118,87,0,0,0,0,0,0,99682,0,0,0,0,0,0,0,0,0,0,313,0,0,0,0,0,0
166,2943,167.0260747974342,99995,0,0,0,1,185,129,0.0031401570078503924,0,0,49881,49910,117,87,0,0,0,0,0,0,99682,0,0,0,0,0,0,0,0,0,0,313,0,0,0,0,0,0
167,2943,168.00915261111135,99995,0,0,0,1,185,129,0.0031401570078503924,0,0,49882,49910,116,87,0,0,0,0,0,0,99682,0,0,0,0,0,0,0,0,0,0,313,0,0,0,0,0,0
168,2943,169.31989670012695,99995,0,0,0,1,185,129,0.0031401570078503924,0,0,49883,49910,115,87,0,0,0,0,0,0,99682,0,0,0,0,0,0,0,0,0,0,313,0,0,0,0,0,0
169,2943,170.3029350203691,99995,0,0,0,1,185,129,0.0031401570078503924,0,0,49883,49910,115,87,0,0,0,0,0,0,99682,0,0,0,0,0,0,0,0,0,0,313,0,0,0,0,0,0
170,2943,171.28597334061124,99995,0,0,0,1,185,129,0.0031401570078503924,0,0,49883,49911,115,86,0,0,0,0,0,0,99682,0,0,0,0,0,0,0,0,0,0,313,0,0,0,0,0,0
171,2943,172.26901162180815,99995,0,0,0,1,185,129,0.0031401570078503924,0,0,49883,49912,115,85,0,0,0,0,0,0,99682,0,0,0,0,0,0,0,0,0,0,313,0,0,0,0,0,0
172,2943,173.2520498639598,99995,0,0,0,1,185,129,0.0031401570078503924,0,0,49883,49913,115,84,0,0,0,0,0,0,99682,0,0,0,0,0,0,0,0,0,0,313,0,0,0,0,0,0
173,2943,174.2350880800813,99995,0,0,0,1,185,129,0.0031401570078503924,0,0,49883,49913,115,84,0,0,0,0,0,0,99682,0,0,0,0,0,0,0,0,0,0,313,0,0,0,0,0,0
174,2943,175.21812627017266,99995,0,0,0,1,185,129,0.0031401570078503924,0,0,49884,49914,114,83,0,0,0,0,0,0,99682,0,0,0,0,0,0,0,0,0,0,313,0,0,0,0,0,0
175,2943,176.20114468870705,99995,0,0,0,1,185,129,0.0031401570078503924,0,0,49884,49914,114,83,0,0,0,0,0,0,99682,0,0,0,0,0,0,0,0,0,0,313,0,0,0,0,0,0
176,2943,177.18416310724143,99995,0,0,0,1,185,129,0.0031401570078503924,0,0,49884,49915,114,82,0,0,0,0,0,0,99682,0,0,0,0,0,0,0,0,0,0,313,0,0,0,0,0,0
177,2943,178.1671814867313,99995,0,0,0,1,185,129,0.0031401570078503924,0,0,49884,49916,114,81,0,0,0,0,0,0,99682,0,0,0,0,0,0,0,0,0,0,313,0,0,0,0,0,0
178,2943,179.1501998271767,99995,0,0,0,1,185,129,0.0031401570078503924,0,0,49884,49917,114,80,0,0,0,0,0,0,99682,0,0,0,0,0,0,0,0,0,0,313,0,0,0,0,0,0
179,2943,180.133211547,99995,0,0,0,1,185,129,0.0031401570078503924,0,0,49886,49918,112,79,0,0,0,0,0,0,99682,0,0,0,0,0,0,0,0,0,0,313,0,0,0,0,0,0
180,2943,181.11619691501207,99995,0,0,0,1,185,129,0.0031401570078503924,0,0,49886,49919,112,78,0,0,0,0,0,0,99682,0,0,0,0,0,0,0,0,0,0,313,0,0,0,0,0,0
181,2943,182.0991756496532,99995,0,0,0,1,185,129,0.0031401570078503924,0,0,49886,49920,112,77,0,0,0,0,0,0,99682,0,0,0,0,0,0,0,0,0,0,313,0,0,0,0,0,0
182,2943,183.08215434525144,99995,0,0,0,1,185,129,0.0031401570078503924,0,0,49886,49920,112,77,0,0,0,0,0,0,99682,0,0,0,0,0,0,0,0,0,0,313,0,0,0,0,0,0
183,2943,184.06512645980055,99995,0,0,0,1,185,129,0.0031401570078503924,0,0,49888,49920,110,77,0,0,0,0,0,0,99682,0,0,0,0,0,0,0,0,0,0,313,0,0,0,0,0,0
184,2943,185.04806565714594,99995,0,0,0,1,185,129,0.0031401570078503924,0,0,49889,49921,109,76,0,0,0,0,0,0,99682,0,0,0,0,0,0,0,0,0,0,313,0,0,0,0,0,0
185,2943,186.03098508663612,99995,0,0,0,1,185,129,0.0031401570078503924,0,0,49889,49921,109,76,0,0,0,0,0,0,99682,0,0,0,0,0,0,0,0,0,0,313,0,0,0,0,0,0
186,2943,187.0139045161263,99995,0,0,0,1,185,129,0.0031401570078503924,0,0,49889,49921,109,76,0,0,0,0,0,0,99682,0,0,0,0,0,0,0,0,0,0,313,0,0,0,0,0,0
187,2943,188.32446375544654,99995,0,0,0,1,185,129,0.0031401570078503924,0,0,49889,49921,109,76,0,0,0,0,0,0,99682,0,0,0,0,0,0,0,0,0,0,313,0,0,0,0,0,0
188,2943,189.30738318493673,99995,0,0,0,1,185,129,0.0031401570078503924,0,0,49889,49921,109,76,0,0,0,0,0,0,99682,0,0,0,0,0,0,0,0,0,0,313,0,0,0,0,0,0
189,2943,190.2903026144269,99995,0,0,0,1,185,129,0.0031401570078503924,0,0,49889,49921,109,76,0,0,0,0,0,0,99682,0,0,0,0,0,0,0,0,0,0,313,0,0,0,0,0,0
190,2943,191.2732220439171,99995,0,0,0,1,185,129,0.0031401570078503924,0,0,49889,49921,109,76,0,0,0,0,0,0,99682,0,0,0,0,0,0,0,0,0,0,313,0,0,0,0,0,0
191,2943,192.25614147340727,99995,0,0,0,1,185,129,0.0031401570078503924,0,0,49890,49921,108,76,0,0,0,0,0,0,99682,0,0,0,0,0,0,0,0,0,0,313,0,0,0,0,0,0
192,2943,193.23904116212523,99995,0,0,0,1,185,129,0.0031401570078503924,0,0,49890,49921,108,76,0,0,0,0,0,0,99682,0,0,0,0,0,0,0,0,0,0,313,0,0,0,0,0,0
193,2943,194.2219342708496,99995,0,0,0,1,185,129,0.0031401570078503924,0,0,49891,49921,107,76,0,0,0,0,0,0,99682,0,0,0,0,0,0,0,0,0,0,313,0,0,0,0,0,0
194,2943,195.20481421958678,99995,0,0,0,1,185,129,0.0031401570078503924,0,0,49891,49921,107,76,0,0,0,0,0,0,99682,0,0,0,0,0,0,0,0,0,0,313,0,0,0,0,0,0
195,2943,196.18769416832396,99995,0,0,0,1,185,129,0.0031401570078503924,0,0,49891,49921,107,76,0,0,0,0,0,0,99682,0,0,0,0,0,0,0,0,0,0,313,0,0,0,0,0,0
196,2943,197.17057411706114,99995,0,0,0,1,185,129,0.0031401570078503924,0,0,49891,49921,107,76,0,0,0,0,0,0,99682,0,0,0,0,0,0,0,0,0,0,313,0,0,0,0,0,0
197,2943,198.15345406579831,99995,0,0,0,1,185,129,0.0031401570078503924,0,0,49891,49921,107,76,0,0,0,0,0,0,99682,0,0,0,0,0,0,0,0,0,0,313,0,0,0,0,0,0
198,2943,199.1363340145355,99995,0,0,0,1,185,129,0.0031401570078503924,0,0,49891,49922,107,75,0,0,0,0,0,0,99682,0,0,0,0,0,0,0,0,0,0,313,0,0,0,0,0,0
199,2943,200.1192139242337,99995,0,0,0,1,185,129,0.0031401570078503924,0,0,49891,49922,107,75,0,0,0,0,0,0,99682,0,0,0,0,0,0,0,0,0,0,313,0,0,0,0,0,0
200,2943,201.1020938339319,99995,0,0,0,1,185,129,0.0031401570078503924,0,0,49891,49922,107,75,0,0,0,0,0,0,99682,0,0,0,0,0,0,0,0,0,0,313,0,0,0,0,0,0
201,2943,202.0849737436301,99995,0,0,0,1,185,129,0.0031401570078503924,0,0,49891,49923,107,74,0,0,0,0,0,0,99682,0,0,0,0,0,0,0,0,0,0,313,0,0,0,0,0,0
202,2943,203.0678536142893,99995,0,0,0,1,185,129,0.0031401570078503924,0,0,49891,49923,107,74,0,0,0,0,0,0,99682,0,0,0,0,0,0,0,0,0,0,313,0,0,0,0,0,0
203,2943,204.05073348494852,99995,0,0,0,1,185,129,0.0031401570078503924,0,0,49891,49923,107,74,0,0,0,0,0,0,99682,0,0,0,0,0,0,0,0,0,0,313,0,0,0,0,0,0
204,2943,205.03361335560774,99995,0,0,0,1,185,129,0.0031401570078503924,0,0,49891,49923,107,74,0,0,0,0,0,0,99682,0,0,0,0,0,0,0,0,0,0,313,0,0,0,0,0,0
205,2943,206.01649322626696,99995,0,0,0,1,185,129,0.0031401570078503924,0,0,49891,49923,107,74,0,0,0,0,0,0,99682,0,0,0,0,0,0,0,0,0,0,313,0,0,0,0,0,0
206,2943,207.3269865610206,99995,0,0,0,1,185,129,0.0031401570078503924,0,0,49893,49923,105,74,0,0,0,0,0,0,99682,0,0,0,0,0,0,0,0,0,0,313,0,0,0,0,0,0
207,2943,208.30983353356072,99995,0,0,0,1,185,129,0.0031401570078503924,0,0,49893,49923,105,74,0,0,0,0,0,0,99682,0,0,0,0,0,0,0,0,0,0,313,0,0,0,0,0,0
208,2943,209.2926739266353,99995,0,0,0,1,185,129,0.0031401570078503924,0,0,49894,49923,104,74,0,0,0,0,0,0,99682,0,0,0,0,0,0,0,0,0,0,313,0,0,0,0,0,0
209,2943,210.27550116130624,99995,0,0,0,1,185,129,0.0031401570078503924,0,0,49894,49924,104,73,0,0,0,0,0,0,99682,0,0,0,0,0,0,0,0,0,0,313,0,0,0,0,0,0
210,2943,211.25832177773867,99995,0,0,0,1,185,129,0.0031401570078503924,0,0,49894,49924,104,73,0,0,0,0,0,0,99682,0,0,0,0,0,0,0,0,0,0,313,0,0,0,0,0,0
211,2943,212.2411423941711,99995,0,0,0,1,185,129,0.0031401570078503924,0,0,49895,49924,103,73,0,0,0,0,0,0,99682,0,0,0,0,0,0,0,0,0,0,313,0,0,0,0,0,0
212,2943,213.22394985272786,99995,0,0,0,1,185,129,0.0031401570078503924,0,0,49895,49924,103,73,0,0,0,0,0,0,99682,0,0,0,0,0,0,0,0,0,0,313,0,0,0,0,0,0
213,2943,214.20675073234676,99995,0,0,0,1,185,129,0.0031401570078503924,0,0,49895,49924,103,73,0,0,0,0,0,0,99682,0,0,0,0,0,0,0,0,0,0,313,0,0,0,0,0,0
214,2943,215.18955161196567,99995,0,0,0,1,185,129,0.0031401570078503924,0,0,49895,49924,103,73,0,0,0,0,0,0,99682,0,0,0,0,0,0,0,0,0,0,313,0,0,0,0,0,0
215,2943,216.1723524785726,99995,0,0,0,1,185,129,0.0031401570078503924,0,0,49895,49925,103,72,0,0,0,0,0,0,99682,0,0,0,0,0,0,0,0,0,0,313,0,0,0,0,0,0
216,2943,217.1551533191556,99995,0,0,0,1,185,129,0.0031401570078503924,0,0,49896,49925,102,72,0,0,0,0,0,0,99682,0,0,0,0,0,0,0,0,0,0,313,0,0,0,0,0,0
217,2943,218.13794100239087,99995,0,0,0,1,185,129,0.0031401570078503924,0,0,49897,49925,101,72,0,0,0,0,0,0,99682,0,0,0,0,0,0,0,0,0,0,313,0,0,0,0,0,0
218,2943,219.1207023717217,99995,0,0,0,1,185,129,0.0031401570078503924,0,0,49897,49925,101,72,0,0,0,0,0,0,99682,0,0,0,0,0,0,0,0,0,0,313,0,0,0,0,0,0
219,2943,220.10346374105254,99995,0,0,0,1,185,129,0.0031401570078503924,0,0,49897,49925,101,72,0,0,0,0,0,0,99682,0,0,0,0,0,0,0,0,0,0,313,0,0,0,0,0,0
220,2943,221.08622511038337,99995,0,0,0,1,185,129,0.0031401570078503924,0,0,49897,49926,101,71,0,0,0,0,0,0,99682,0,0,0,0,0,0,0,0,0,0,313,0,0,0,0,0,0
221,2943,222.0689864406799,99995,0,0,0,1,185,129,0.0031401570078503924,0,0,49897,49926,101,71,0,0,0,0,0,0,99682,0,0,0,0,0,0,0,0,0,0,313,0,0,0,0,0,0
222,2943,223.05174777097645,99995,0,0,0,1,185,129,0.0031401570078503924,0,0,49897,49927,101,70,0,0,0,0,0,0,99682,0,0,0,0,0,0,0,0,0,0,313,0,0,0,0,0,0
223,2943,224.03450249710414,99995,0,0,0,1,185,129,0.0031401570078503924,0,0,49899,49927,99,70,0,0,0,0,0,0,99682,0,0,0,0,0,0,0,0,0,0,313,0,0,0,0,0,0
224,2943,225.01723089816375,99995,0,0,0,1,185,129,0.0031401570078503924,0,0,49899,49927,99,70,0,0,0,0,0,0,99682,0,0,0,0,0,0,0,0,0,0,313,0,0,0,0,0,0
225,2943,226.3275266624001,99995,0,0,0,1,185,129,0.0031401570078503924,0,0,49899,49927,99,70,0,0,0,0,0,0,99682,0,0,0,0,0,0,0,0,0,0,313,0,0,0,0,0,0
226,2943,227.31024848557735,99995,0,0,0,1,185,129,0.0031401570078503924,0,0,49899,49927,99,70,0,0,0,0,0,0,99682,0,0,0,0,0,0,0,0,0,0,313,0,0,0,0,0,0
227,2943,228.2929703087546,99995,0,0,0,1,185,129,0.0031401570078503924,0,0,49899,49927,99,70,0,0,0,0,0,0,99682,0,0,0,0,0,0,0,0,0,0,313,0,0,0,0,0,0
228,2943,229.27569213193186,99995,0,0,0,1,185,129,0.0031401570078503924,0,0,49899,49927,99,70,0,0,0,0,0,0,99682,0,0,0,0,0,0,0,0,0,0,313,0,0,0,0,0,0
229,2943,230.25841395510912,99995,0,0,0,1,185,129,0.0031401570078503924,0,0,49899,49927,99,70,0,0,0,0,0,0,99682,0,0,0,0,0,0,0,0,0,0,313,0,0,0,0,0,0
230,2943,231.24113577828638,99995,0,0,0,1,185,129,0.0031401570078503924,0,0,49900,49927,98,70,0,0,0,0,0,0,99682,0,0,0,0,0,0,0,0,0,0,313,0,0,0,0,0,0
231,2943,232.22384444622628,99995,0,0,0,1,185,129,0.0031401570078503924,0,0,49900,49927,98,70,0,0,0,0,0,0,99682,0,0,0,0,0,0,0,0,0,0,313,0,0,0,0,0,0
232,2943,233.20653995919244,99995,0,0,0,1,185,129,0.0031401570078503924,0,0,49901,49927,97,70,0,0,0,0,0,0,99682,0,0,0,0,0,0,0,0,0,0,313,0,0,0,0,0,0
233,2943,234.18922231744847,99995,0,0,0,1,185,129,0.0031401570078503924,0,0,49901,49927,97,70,0,0,0,0,0,0,99682,0,0,0,0,0,0,0,0,0,0,313,0,0,0,0,0,0
234,2943,235.1719046757045,99995,0,0,0,1,185,129,0.0031401570078503924,0,0,49902,49927,96,70,0,0,0,0,0,0,99682,0,0,0,0,0,0,0,0,0,0,313,0,0,0,0,0,0
235,2943,236.15456730268616,99995,0,0,0,1,185,129,0.0031401570078503924,0,0,49902,49927,96,70,0,0,0,0,0,0,99682,0,0,0,0,0,0,0,0,0,0,313,0,0,0,0,0,0
236,2943,237.13722992966782,99995,0,0,0,1,185,129,0.0031401570078503924,0,0,49902,49927,96,70,0,0,0,0,0,0,99682,0,0,0,0,0,0,0,0,0,0,313,0,0,0,0,0,0
237,2943,238.1198925566495,99995,0,0,0,1,185,129,0.0031401570078503924,0,0,49902,49928,96,69,0,0,0,0,0,0,99682,0,0,0,0,0,0,0,0,0,0,313,0,0,0,0,0,0
238,2943,239.1025551576109,99995,0,0,0,1,185,129,0.0031401570078503924,0,0,49902,49928,96,69,0,0,0,0,0,0,99682,0,0,0,0,0,0,0,0,0,0,313,0,0,0,0,0,0
239,2943,240.0852177455622,99995,0,0,0,1,185,129,0.0031401570078503924,0,0,49902,49928,96,69,0,0,0,0,0,0,99682,0,0,0,0,0,0,0,0,0,0,313,0,0,0,0,0,0
240,2943,241.0678803335135,99995,0,0,0,1,185,129,0.0031401570078503924,0,0,49902,49928,96,69,0,0,0,0,0,0,99682,0,0,0,0,0,0,0,0,0,0,313,0,0,0,0,0,0
241,2943,242.0505429214648,99995,0,0,0,1,185,129,0.0031401570078503924,0,0,49902,49928,96,69,0,0,0,0,0,0,99682,0,0,0,0,0,0,0,0,0,0,313,0,0,0,0,0,0
242,2943,243.0332055094161,99995,0,0,0,1,185,129,0.0031401570078503924,0,0,49902,49928,96,69,0,0,0,0,0,0,99682,0,0,0,0,0,0,0,0,0,0,313,0,0,0,0,0,0
243,2943,244.0158680973674,99995,0,0,0,1,185,129,0.0031401570078503924,0,0,49902,49928,96,69,0,0,0,0,0,0,99682,0,0,0,0,0,0,0,0,0,0,313,0,0,0,0,0,0
244,2943,245.32606515108327,99995,0,0,0,1,185,129,0.0031401570078503924,0,0,49904,49928,94,69,0,0,0,0,0,0,99682,0,0,0,0,0,0,0,0,0,0,313,0,0,0,0,0,0
245,2943,246.30868826585018,99995,0,0,0,1,185,129,0.0031401570078503924,0,0,49904,49930,94,67,0,0,0,0,0,0,99682,0,0,0,0,0,0,0,0,0,0,313,0,0,0,0,0,0
246,2943,247.29131132857864,99995,0,0,0,1,185,129,0.0031401570078503924,0,0,49904,49930,94,67,0,0,0,0,0,0,99682,0,0,0,0,0,0,0,0,0,0,313,0,0,0,0,0,0
247,2943,248.2739343782975,99995,0,0,0,1,185,129,0.0031401570078503924,0,0,49905,49930,93,67,0,0,0,0,0,0,99682,0,0,0,0,0,0,0,0,0,0,313,0,0,0,0,0,0
248,2943,249.25654427541647,99995,0,0,0,1,185,129,0.0031401570078503924,0,0,49906,49930,92,67,0,0,0,0,0,0,99682,0,0,0,0,0,0,0,0,0,0,313,0,0,0,0,0,0
249,2943,250.23912786812636,99995,0,0,0,1,185,129,0.0031401570078503924,0,0,49906,49930,92,67,0,0,0,0,0,0,99682,0,0,0,0,0,0,0,0,0,0,313,0,0,0,0,0,0
250,2943,251.22171146083625,99995,0,0,0,1,185,129,0.0031401570078503924,0,0,49906,49930,92,67,0,0,0,0,0,0,99682,0,0,0,0,0,0,0,0,0,0,313,0,0,0,0,0,0
251,2943,252.20429505354613,99995,0,0,0,1,185,129,0.0031401570078503924,0,0,49906,49930,92,67,0,0,0,0,0,0,99682,0,0,0,0,0,0,0,0,0,0,313,0,0,0,0,0,0
252,2943,253.18687864625602,99995,0,0,0,1,185,129,0.0031401570078503924,0,0,49906,49930,92,67,0,0,0,0,0,0,99682,0,0,0,0,0,0,0,0,0,0,313,0,0,0,0,0,0
253,2943,254.1694622389659,99995,0,0,0,1,185,129,0.0031401570078503924,0,0,49906,49930,92,67,0,0,0,0,0,0,99682,0,0,0,0,0,0,0,0,0,0,313,0,0,0,0,0,0
254,2943,255.1520458316758,99995,0,0,0,1,185,129,0.0031401570078503924,0,0,49906,49930,92,67,0,0,0,0,0,0,99682,0,0,0,0,0,0,0,0,0,0,313,0,0,0,0,0,0
255,2943,256.1346294243857,99995,0,0,0,1,185,129,0.0031401570078503924,0,0,49906,49930,92,67,0,0,0,0,0,0,99682,0,0,0,0,0,0,0,0,0,0,313,0,0,0,0,0,0
256,2943,257.11720644132276,99995,0,0,0,1,185,129,0.0031401570078503924,0,0,49909,49930,89,67,0,0,0,0,0,0,99682,0,0,0,0,0,0,0,0,0,0,313,0,0,0,0,0,0
257,2943,258.0997440052038,99995,0,0,0,1,185,129,0.0031401570078503924,0,0,49909,49930,89,67,0,0,0,0,0,0,99682,0,0,0,0,0,0,0,0,0,0,313,0,0,0,0,0,0
258,2943,259.0822618433472,99995,0,0,0,1,185,129,0.0031401570078503924,0,0,49911,49930,87,67,0,0,0,0,0,0,99682,0,0,0,0,0,0,0,0,0,0,313,0,0,0,0,0,0
259,2943,260.06474680763273,99995,0,0,0,1,185,129,0.0031401570078503924,0,0,49912,49930,86,67,0,0,0,0,0,0,99682,0,0,0,0,0,0,0,0,0,0,313,0,0,0,0,0,0
260,2943,261.0472120482885,99995,0,0,0,1,185,129,0.0031401570078503924,0,0,49912,49930,86,67,0,0,0,0,0,0,99682,0,0,0,0,0,0,0,0,0,0,313,0,0,0,0,0,0
261,2943,262.02967728894424,99995,0,0,0,1,185,129,0.0031401570078503924,0,0,49912,49931,86,66,0,0,0,0,0,0,99682,0,0,0,0,0,0,0,0,0,0,313,0,0,0,0,0,0
262,2943,263.01214250358504,99995,0,0,0,1,185,129,0.0031401570078503924,0,0,49912,49931,86,66,0,0,0,0,0,0,99682,0,0,0,0,0,0,0,0,0,0,313,0,0,0,0,0,0
263,2943,264.3220960797477,99995,0,0,0,1,185,129,0.0031401570078503924,0,0,49912,49932,86,65,0,0,0,0,0,0,99682,0,0,0,0,0,0,0,0,0,0,313,0,0,0,0,0,0
264,2943,265.30456124235843,99995,0,0,0,1,185,129,0.0031401570078503924,0,0,49913,49933,85,64,0,0,0,0,0,0,99682,0,0,0,0,0,0,0,0,0,0,313,0,0,0,0,0,0
265,2943,266.28701323057163,99995,0,0,0,1,185,129,0.0031401570078503924,0,0,49913,49933,85,64,0,0,0,0,0,0,99682,0,0,0,0,0,0,0,0,0,0,313,0,0,0,0,0,0
266,2943,267.2694586315861,99995,0,0,0,1,185,129,0.0031401570078503924,0,0,49913,49933,85,64,0,0,0,0,0,0,99682,0,0,0,0,0,0,0,0,0,0,313,0,0,0,0,0,0
267,2943,268.2519040326005,99995,0,0,0,1,185,129,0.0031401570078503924,0,0,49913,49933,85,64,0,0,0,0,0,0,99682,0,0,0,0,0,0,0,0,0,0,313,0,0,0,0,0,0
268,2943,269.23434943361497,99995,0,0,0,1,185,129,0.0031401570078503924,0,0,49913,49933,85,64,0,0,0,0,0,0,99682,0,0,0,0,0,0,0,0,0,0,313,0,0,0,0,0,0
269,2943,270.2167948346294,99995,0,0,0,1,185,129,0.0031401570078503924,0,0,49913,49933,85,64,0,0,0,0,0,0,99682,0,0,0,0,0,0,0,0,0,0,313,0,0,0,0,0,0
270,2943,271.19924023564386,99995,0,0,0,1,185,129,0.0031401570078503924,0,0,49913,49933,85,64,0,0,0,0,0,0,99682,0,0,0,0,0,0,0,0,0,0,313,0,0,0,0,0,0
271,2943,272.1816856366583,99995,0,0,0,1,185,129,0.0031401570078503924,0,0,49913,49933,85,64,0,0,0,0,0,0,99682,0,0,0,0,0,0,0,0,0,0,313,0,0,0,0,0,0
272,2943,273.16413103767275,99995,0,0,0,1,185,129,0.0031401570078503924,0,0,49913,49933,85,64,0,0,0,0,0,0,99682,0,0,0,0,0,0,0,0,0,0,313,0,0,0,0,0,0
273,2943,274.1465764386872,99995,0,0,0,1,185,129,0.0031401570078503924,0,0,49915,49933,83,64,0,0,0,0,0,0,99682,0,0,0,0,0,0,0,0,0,0,313,0,0,0,0,0,0
274,2943,275.1289823969252,99995,0,0,0,1,185,129,0.0031401570078503924,0,0,49915,49933,83,64,0,0,0,0,0,0,99682,0,0,0,0,0,0,0,0,0,0,313,0,0,0,0,0,0
275,2943,276.11138835516323,99995,0,0,0,1,185,129,0.0031401570078503924,0,0,49916,49933,82,64,0,0,0,0,0,0,99682,0,0,0,0,0,0,0,0,0,0,313,0,0,0,0,0,0
276,2943,277.0937745801917,99995,0,0,0,1,185,129,0.0031401570078503924,0,0,49916,49934,82,63,0,0,0,0,0,0,99682,0,0,0,0,0,0,0,0,0,0,313,0,0,0,0,0,0
277,2943,278.0761607792072,99995,0,0,0,1,185,129,0.0031401570078503924,0,0,49916,49934,82,63,0,0,0,0,0,0,99682,0,0,0,0,0,0,0,0,0,0,313,0,0,0,0,0,0
278,2943,279.05854697822275,99995,0,0,0,1,185,129,0.0031401570078503924,0,0,49916,49935,82,62,0,0,0,0,0,0,99682,0,0,0,0,0,0,0,0,0,0,313,0,0,0,0,0,0
279,2943,280.04093313821875,99995,0,0,0,1,185,129,0.0031401570078503924,0,0,49916,49935,82,62,0,0,0,0,0,0,99682,0,0,0,0,0,0,0,0,0,0,313,0,0,0,0,0,0
280,2943,281.02331929821474,99995,0,0,0,1,185,129,0.0031401570078503924,0,0,49916,49935,82,62,0,0,0,0,0,0,99682,0,0,0,0,0,0,0,0,0,0,313,0,0,0,0,0,0
281,2943,282.00570545821074,99995,0,0,0,1,185,129,0.0031401570078503924,0,0,49916,49935,82,62,0,0,0,0,0,0,99682,0,0,0,0,0,0,0,0,0,0,313,0,0,0,0,0,0
282,2943,283.3155536585323,99995,0,0,0,1,185,129,0.0031401570078503924,0,0,49916,49936,82,61,0,0,0,0,0,0,99682,0,0,0,0,0,0,0,0,0,0,313,0,0,0,0,0,0
283,2943,284.2979397795089,99995,0,0,0,1,185,129,0.0031401570078503924,0,0,49916,49936,82,61,0,0,0,0,0,0,99682,0,0,0,0,0,0,0,0,0,0,313,0,0,0,0,0,0
284,2943,285.28032590048554,99995,0,0,0,1,185,129,0.0031401570078503924,0,0,49916,49937,82,60,0,0,0,0,0,0,99682,0,0,0,0,0,0,0,0,0,0,313,0,0,0,0,0,0
285,2943,286.2627119824428,99995,0,0,0,1,185,129,0.0031401570078503924,0,0,49916,49937,82,60,0,0,0,0,0,0,99682,0,0,0,0,0,0,0,0,0,0,313,0,0,0,0,0,0
286,2943,287.24509806440005,99995,0,0,0,1,185,129,0.0031401570078503924,0,0,49916,49937,82,60,0,0,0,0,0,0,99682,0,0,0,0,0,0,0,0,0,0,313,0,0,0,0,0,0
287,2943,288.2274841463573,99995,0,0,0,1,185,129,0.0031401570078503924,0,0,49916,49938,82,59,0,0,0,0,0,0,99682,0,0,0,0,0,0,0,0,0,0,313,0,0,0,0,0,0
288,2943,289.2098636291652,99995,0,0,0,1,185,129,0.0031401570078503924,0,0,49917,49938,81,59,0,0,0,0,0,0,99682,0,0,0,0,0,0,0,0,0,0,313,0,0,0,0,0,0
289,2943,290.192229952694,99995,0,0,0,1,185,129,0.0031401570078503924,0,0,49917,49938,81,59,0,0,0,0,0,0,99682,0,0,0,0,0,0,0,0,0,0,313,0,0,0,0,0,0
290,2943,291.17459627622276,99995,0,0,0,1,185,129,0.0031401570078503924,0,0,49917,49938,81,59,0,0,0,0,0,0,99682,0,0,0,0,0,0,0,0,0,0,313,0,0,0,0,0,0
291,2943,292.1569625997515,99995,0,0,0,1,185,129,0.0031401570078503924,0,0,49917,49938,81,59,0,0,0,0,0,0,99682,0,0,0,0,0,0,0,0,0,0,313,0,0,0,0,0,0
292,2943,293.1393289232803,99995,0,0,0,1,185,129,0.0031401570078503924,0,0,49917,49938,81,59,0,0,0,0,0,0,99682,0,0,0,0,0,0,0,0,0,0,313,0,0,0,0,0,0
293,2943,294.1216886739361,99995,0,0,0,1,185,129,0.0031401570078503924,0,0,49919,49938,79,59,0,0,0,0,0,0,99682,0,0,0,0,0,0,0,0,0,0,313,0,0,0,0,0,0
294,2943,295.10402213362676,99995,0,0,0,1,185,129,0.0031401570078503924,0,0,49919,49938,79,59,0,0,0,0,0,0,99682,0,0,0,0,0,0,0,0,0,0,313,0,0,0,0,0,0
295,2943,296.0863490207078,99995,0,0,0,1,185,129,0.0031401570078503924,0,0,49919,49938,79,59,0,0,0,0,0,0,99682,0,0,0,0,0,0,0,0,0,0,313,0,0,0,0,0,0
296,2943,297.0686759077889,99995,0,0,0,1,185,129,0.0031401570078503924,0,0,49919,49939,79,58,0,0,0,0,0,0,99682,0,0,0,0,0,0,0,0,0,0,313,0,0,0,0,0,0
297,2943,298.0510027688585,99995,0,0,0,1,185,129,0.0031401570078503924,0,0,49919,49940,79,57,0,0,0,0,0,0,99682,0,0,0,0,0,0,0,0,0,0,313,0,0,0,0,0,0
298,2943,299.03332957790525,99995,0,0,0,1,185,129,0.0031401570078503924,0,0,49919,49940,79,57,0,0,0,0,0,0,99682,0,0,0,0,0,0,0,0,0,0,313,0,0,0,0,0,0
299,2943,300.015656386952,99995,0,0,0,1,185,129,0.0031401570078503924,0,0,49919,49940,79,57,0,0,0,0,0,0,99682,0,0,0,0,0,0,0,0,0,0,313,0,0,0,0,0,0
300,2943,301.325425465681,99995,0,0,0,1,185,129,0.0031401570078503924,0,0,49919,49940,79,57,0,0,0,0,0,0,99682,0,0,0,0,0,0,0,0,0,0,313,0,0,0,0,0,0
301,2943,302.30775227472776,99995,0,0,0,1,185,129,0.0031401570078503924,0,0,49919,49940,79,57,0,0,0,0,0,0,99682,0,0,0,0,0,0,0,0,0,0,313,0,0,0,0,0,0
302,2943,303.2900725114288,99995,0,0,0,1,185,129,0.0031401570078503924,0,0,49920,49940,78,57,0,0,0,0,0,0,99682,0,0,0,0,0,0,0,0,0,0,313,0,0,0,0,0,0
303,2943,304.2723796034383,99995,0,0,0,1,185,129,0.0031401570078503924,0,0,49920,49940,78,57,0,0,0,0,0,0,99682,0,0,0,0,0,0,0,0,0,0,313,0,0,0,0,0,0
304,2943,305.25468669544784,99995,0,0,0,1,185,129,0.0031401570078503924,0,0,49921,49940,77,57,0,0,0,0,0,0,99682,0,0,0,0,0,0,0,0,0,0,313,0,0,0,0,0,0
305,2943,306.2369740712099,99995,0,0,0,1,185,129,0.0031401570078503924,0,0,49921,49940,77,57,0,0,0,0,0,0,99682,0,0,0,0,0,0,0,0,0,0,313,0,0,0,0,0,0
306,2943,307.2192614469719,99995,0,0,0,1,185,129,0.0031401570078503924,0,0,49921,49940,77,57,0,0,0,0,0,0,99682,0,0,0,0,0,0,0,0,0,0,313,0,0,0,0,0,0
307,2943,308.20154882273397,99995,0,0,0,1,185,129,0.0031401570078503924,0,0,49921,49940,77,57,0,0,0,0,0,0,99682,0,0,0,0,0,0,0,0,0,0,313,0,0,0,0,0,0
308,2943,309.18383618549086,99995,0,0,0,1,185,129,0.0031401570078503924,0,0,49921,49941,77,56,0,0,0,0,0,0,99682,0,0,0,0,0,0,0,0,0,0,313,0,0,0,0,0,0
309,2943,310.16612352223746,99995,0,0,0,1,185,129,0.0031401570078503924,0,0,49921,49941,77,56,0,0,0,0,0,0,99682,0,0,0,0,0,0,0,0,0,0,313,0,0,0,0,0,0
310,2943,311.14841085898405,99995,0,0,0,1,185,129,0.0031401570078503924,0,0,49922,49941,76,56,0,0,0,0,0,0,99682,0,0,0,0,0,0,0,0,0,0,313,0,0,0,0,0,0
311,2943,312.1306850520928,99995,0,0,0,1,185,129,0.0031401570078503924,0,0,49922,49941,76,56,0,0,0,0,0,0,99682,0,0,0,0,0,0,0,0,0,0,313,0,0,0,0,0,0
312,2943,313.11295267338267,99995,0,0,0,1,185,129,0.0031401570078503924,0,0,49923,49941,75,56,0,0,0,0,0,0,99682,0,0,0,0,0,0,0,0,0,0,313,0,0,0,0,0,0
313,2943,314.09520715156117,99995,0,0,0,1,185,129,0.0031401570078503924,0,0,49923,49941,75,56,0,0,0,0,0,0,99682,0,0,0,0,0,0,0,0,0,0,313,0,0,0,0,0,0
314,2943,315.077455058184,99995,0,0,0,1,185,129,0.0031401570078503924,0,0,49923,49941,75,56,0,0,0,0,0,0,99682,0,0,0,0,0,0,0,0,0,0,313,0,0,0,0,0,0
315,2943,316.05970296480683,99995,0,0,0,1,185,129,0.0031401570078503924,0,0,49923,49941,75,56,0,0,0,0,0,0,99682,0,0,0,0,0,0,0,0,0,0,313,0,0,0,0,0,0
316,2943,317.04195087142966,99995,0,0,0,1,185,129,0.0031401570078503924,0,0,49923,49941,75,56,0,0,0,0,0,0,99682,0,0,0,0,0,0,0,0,0,0,313,0,0,0,0,0,0
317,2943,318.0241987780525,99995,0,0,0,1,185,129,0.0031401570078503924,0,0,49923,49942,75,55,0,0,0,0,0,0,99682,0,0,0,0,0,0,0,0,0,0,313,0,0,0,0,0,0
318,2943,319.0064466456614,99995,0,0,0,1,185,129,0.0031401570078503924,0,0,49923,49942,75,55,0,0,0,0,0,0,99682,0,0,0,0,0,0,0,0,0,0,313,0,0,0,0,0,0
319,2943,320.31611046913997,99995,0,0,0,1,185,129,0.0031401570078503924,0,0,49922,49941,75,55,1,1,1,1,0,0,99680,0,0,0,0,0,0,0,0,0,2,313,0,0,0,0,0,0
320,2943,321.2983715058695,99995,0,0,0,1,185,129,0.0031401570078503924,0,0,49921,49940,75,55,2,2,2,2,0,0,99678,0,0,0,0,0,0,0,0,0,4,313,0,0,0,0,0,0
321,2943,322.03148794466176,99995,0,0,0,1,185,129,0.0031401570078503924,0,0,49920,49939,75,55,3,3,3,3,0,0,99676,0,0,0,0,0,0,0,0,0,6,313,0,0,0,0,0,0
322,2943,323.23781267243214,99995,0,0,0,1,185,129,0.0031401570078503924,0,0,49919,49938,75,55,4,4,4,4,0,0,99674,0,0,0,0,0,0,0,0,0,8,313,0,0,0,0,0,0
323,2943,324.1248072747198,99995,0,0,0,1,185,129,0.0031401570078503924,0,0,49917,49936,75,55,6,6,6,6,0,0,99670,0,0,0,0,0,0,0,0,0,12,313,0,0,0,0,0,0
324,2943,325.06346851121214,99995,0,0,0,1,185,129,0.0031401570078503924,0,0,49915,49934,75,55,8,8,8,8,0,0,99666,0,0,0,0,0,0,0,0,0,16,313,0,0,0,0,0,0
325,2943,326.1069594521637,99995,0,0,0,1,185,129,0.0031401570078503924,0,0,49914,49932,75,55,9,10,11,10,0,0,99661,0,0,0,0,0,0,0,0,0,21,313,0,0,0,0,0,0
326,2943,327.02433074113344,99995,0,0,0,1,185,129,0.0031401570078503924,0,0,49911,49929,75,55,12,13,14,13,0,0,99655,0,0,0,0,0,0,0,0,0,27,313,0,0,0,0,0,0
327,2943,328.03447786533116,99995,0,0,0,1,185,129,0.0031401570078503924,0,0,49908,49926,75,54,15,17,18,16,0,0,99648,0,0,0,0,0,0,0,0,0,34,313,0,0,0,0,0,0
328,2943,329.00756011766134,99995,0,0,0,1,185,129,0.0031401570078503924,0,0,49905,49921,74,54,19,22,23,20,0,0,99639,0,0,0,0,0,0,0,0,0,43,313,0,0,0,0,0,0
329,2943,330.08026916338207,99995,0,0,0,1,185,129,0.0031401570078503924,0,0,49901,49915,74,54,23,28,29,24,0,0,99629,0,0,0,0,0,0,0,0,0,53,313,0,0,0,0,0,0
330,2943,331.09701702917283,99995,0,0,0,1,185,129,0.0031401570078503924,0,0,49896,49908,74,54,28,35,36,29,0,0,99617,0,0,0,0,0,0,0,0,0,65,313,0,0,0,0,0,0
331,2943,332.07976581682135,99995,0,0,0,1,185,129,0.0031401570078503924,0,0,49890,49901,74,53,34,43,44,35,0,0,99603,0,0,0,0,0,0,0,0,0,79,313,0,0,0,0,0,0
332,2943,333.0626267062045,99995,0,0,0,1,185,129,0.0031401570078503924,0,0,49884,49892,74,53,40,52,53,41,0,0,99588,0,0,0,0,0,0,0,0,0,94,313,0,0,0,0,0,0
333,2943,334.04560638105085,99995,0,0,0,1,185,129,0.0031401570078503924,0,0,49877,49882,74,53,47,62,63,48,0,0,99571,0,0,0,0,0,0,0,0,0,111,313,0,0,0,0,0,0
334,2943,335.0287114924192,99995,0,0,0,1,185,129,0.0031401570078503924,0,0,49871,49871,73,53,54,73,74,56,0,0,99552,0,0,0,0,0,0,0,0,0,130,313,0,0,0,0,0,0
335,2943,336.01194209811456,99995,0,0,0,1,185,129,0.0031401570078503924,0,0,49864,49860,72,53,62,84,86,64,0,0,99532,0,0,0,0,0,0,0,0,0,150,313,0,0,0,0,0,0
336,2943,337.32311003936724,99995,0,0,0,1,185,129,0.0031401570078503924,0,0,49856,49847,72,53,70,97,100,73,0,0,99509,0,0,0,0,0,0,0,0,0,173,313,0,0,0,0,0,0
337,2943,338.3066313496879,99995,0,0,0,1,185,129,0.0031401570078503924,0,0,49846,49833,72,53,80,111,115,83,0,0,99484,0,0,0,0,0,0,0,0,0,198,313,0,0,0,0,0,0
338,2943,339.29033772039867,99995,0,0,0,1,185,129,0.0031401570078503924,0,0,49835,49816,72,53,91,128,132,94,0,0,99457,0,0,0,0,0,0,0,0,0,225,312,1,0,0,0,0,0
339,2943,340.27425568482215,99995,0,0,0,1,185,129,0.0031401570078503924,0,0,49823,49798,72,53,103,146,150,106,0,0,99427,0,0,0,0,0,0,0,0,0,255,312,1,0,0,0,0,0
340,2943,341.25840517586624,99995,0,0,0,1,185,129,0.0031401570078503924,0,0,49811,49778,72,53,115,166,170,118,0,0,99395,0,0,0,0,0,0,0,0,0,287,312,1,0,0,0,0,0
341,2943,342.2427929650568,99995,0,0,0,1,185,129,0.0031401570078503924,0,0,49798,49757,72,53,128,187,191,131,0,0,99361,0,0,0,0,0,0,0,0,0,321,312,1,0,0,0,0,0
342,2943,343.22743242811407,99995,0,0,0,1,185,129,0.0031401570078503924,0,0,49784,49734,72,53,142,210,214,145,0,0,99325,0,0,0,0,0,0,0,0,0,357,311,2,0,0,0,0,0
343,2943,344.21234357902676,99995,0,0,0,1,185,129,0.0031401570078503924,0,0,49770,49709,72,53,156,235,239,160,0,0,99285,0,0,0,0,0,0,0,0,0,397,311,2,0,0,0,0,0
344,2943,345.19752664542926,99995,0,0,0,1,185,129,0.0031401570078503924,0,0,49754,49683,72,53,172,261,266,176,0,0,99242,0,0,0,0,0,0,0,0,0,440,311,2,0,0,0,0,0
345,2943,346.1830215031471,99995,0,0,0,1,185,129,0.0031401570078503924,0,0,49737,49654,72,53,189,290,295,193,0,0,99196,0,0,0,0,0,0,0,0,0,486,311,2,0,0,0,0,0
346,2943,347.16884170290655,99995,0,0,0,1,185,129,0.0031401570078503924,0,0,49720,49624,72,53,206,320,326,211,0,0,99147,0,0,0,0,0,0,0,0,0,535,311,2,0,0,0,0,0
347,2943,348.15500074780243,99995,0,0,0,1,185,129,0.0031401570078503924,0,0,49701,49592,72,52,225,353,359,230,0,0,99095,0,0,0,0,0,0,0,0,0,587,311,2,0,0,0,0,0
348,2943,349.1415320758504,99995,0,0,0,1,185,129,0.0031401570078503924,0,0,49681,49558,72,52,245,387,394,250,0,0,99040,0,0,0,0,0,0,0,0,0,642,311,2,0,0,0,0,0
349,2943,350.1284493372639,99995,0,0,0,1,185,129,0.0031401570078503924,0,0,49663,49521,71,52,264,424,431,271,0,0,98983,0,0,0,0,0,0,0,0,0,699,310,3,0,0,0,0,0
350,2943,351.11571974494115,99995,0,0,0,1,185,129,0.0031401570078503924,0,0,49642,49483,71,52,285,462,470,293,0,0,98922,0,0,0,0,0,0,0,0,0,760,310,3,0,0,0,0,0
351,2943,352.10341004193316,99995,0,0,0,1,185,129,0.0031401570078503924,0,0,49620,49444,71,52,307,501,511,316,0,0,98858,0,0,0,0,0,0,0,0,0,824,310,3,0,0,0,0,0
352,2943,353.0915338948947,99995,0,0,0,1,185,129,0.0031401570078503924,0,0,49596,49402,71,51,331,544,554,340,0,0,98791,0,0,0,0,0,0,0,0,0,891,310,3,0,0,0,0,0
353,2943,354.08013173705456,99995,0,0,0,1,185,129,0.0031401570078503924,0,0,49571,49359,71,51,356,587,599,365,0,0,98721,0,0,0,0,0,0,0,0,0,961,310,3,0,0,0,0,0
354,2943,355.0692174100516,99995,0,0,0,1,185,129,0.0031401570078503924,0,0,49546,49314,71,51,381,632,647,391,0,0,98647,0,0,0,0,0,0,0,0,0,1035,310,3,0,0,0,0,0
355,2943,356.0587914586692,99995,0,0,0,1,185,129,0.0031401570078503924,0,0,49522,49265,71,51,405,681,697,418,0,0,98570,0,0,0,0,0,0,0,0,0,1112,310,3,0,0,0,0,0
356,2943,357.04886115868976,99995,0,0,0,1,185,129,0.0031401570078503924,0,0,49496,49215,71,51,431,731,750,446,0,0,98489,0,0,0,0,0,0,0,0,0,1193,310,3,0,0,0,0,0
357,2943,358.0394404597023,99995,0,0,0,1,185,129,0.0031401570078503924,0,0,49469,49162,71,51,458,784,805,475,0,0,98405,0,0,0,0,0,0,0,0,0,1277,310,3,0,0,0,0,0
358,2943,359.03055675095277,99995,0,0,0,1,185,129,0.0031401570078503924,0,0,49441,49110,71,51,486,836,863,505,0,0,98317,0,0,0,0,0,0,0,0,0,1365,310,3,0,0,0,0,0
359,2943,360.02223069128996,99995,0,0,0,1,185,129,0.0031401570078503924,0,0,49411,49051,70,51,517,895,923,536,0,0,98226,0,0,0,0,0,0,0,0,0,1456,310,3,0,0,0,0,0
360,2943,361.01450335642085,99995,0,0,0,1,185,129,0.0031401570078503924,0,0,49379,48990,70,51,549,956,986,569,0,0,98130,0,0,0,0,0,0,0,0,0,1552,310,3,0,0,0,0,0
361,2943,362.0074091173282,99995,0,0,0,1,185,129,0.0031401570078503924,0,0,49348,48928,69,51,581,1018,1051,603,0,0,98033,0,0,0,0,0,0,0,0,0,1649,308,5,0,0,0,0,0
362,2943,363.00092870200467,99995,0,0,0,1,185,129,0.0031401570078503924,0,0,49316,48862,69,51,613,1084,1119,638,0,0,97930,0,0,0,0,0,0,0,0,0,1752,308,5,0,0,0,0,0
363,2943,364.32656469938695,99995,0,0,0,1,185,129,0.0031401570078503924,0,0,49284,48800,69,51,645,1146,1189,674,0,0,97824,0,0,0,0,0,0,0,0,0,1858,308,5,0,0,0,0,0
364,2943,365.32138164886584,99995,0,0,0,1,185,129,0.0031401570078503924,0,0,49249,48729,69,51,680,1217,1262,711,0,0,97714,0,0,0,0,0,0,0,0,0,1968,308,5,0,0,0,0,0
365,2943,366.31690283971244,99995,0,0,0,1,185,129,0.0031401570078503924,0,0,49213,48658,69,51,716,1288,1338,749,0,0,97600,0,0,0,0,0,0,0,0,0,2082,308,5,0,0,0,0,0
366,2943,367.3131292585304,99995,0,0,0,1,185,129,0.0031401570078503924,0,0,49178,48585,68,51,752,1361,1417,788,0,0,97482,0,0,0,0,0,0,0,0,0,2200,308,5,0,0,0,0,0
367,2943,368.3100755578619,99995,0,0,0,1,185,129,0.0031401570078503924,0,0,49140,48510,68,51,790,1436,1498,829,0,0,97361,0,0,0,0,0,0,0,0,0,2321,307,6,0,0,0,0,0
368,2943,369.30778347127097,99995,0,0,0,1,185,129,0.0031401570078503924,0,0,49098,48431,68,51,832,1515,1582,871,0,0,97235,0,0,0,0,0,0,0,0,0,2447,307,6,0,0,0,0,0
369,2943,370.3063290458668,99995,0,0,0,1,185,129,0.0031401570078503924,0,0,49060,48350,68,51,870,1596,1669,914,0,0,97106,0,0,0,0,0,0,0,0,0,2576,306,7,0,0,0,0,0
370,2943,371.3056593147919,99995,0,0,0,1,185,129,0.0031401570078503924,0,0,49024,48263,67,51,907,1683,1759,958,0,0,96974,0,0,0,0,0,0,0,0,0,2708,304,9,0,0,0,0,0
371,2943,372.30574842472265,99995,0,0,0,1,185,129,0.0031401570078503924,0,0,48983,48176,67,51,948,1770,1852,1003,0,0,96836,0,0,0,0,0,0,0,0,0,2846,304,9,0,0,0,0,0
372,2943,373.30664539764155,99995,0,0,0,1,185,129,0.0031401570078503924,0,0,48941,48085,66,50,991,1862,1947,1050,0,0,96694,0,0,0,0,0,0,0,0,0,2988,304,9,0,0,0,0,0
373,2943,374.3084131285555,99995,0,0,0,1,185,129,0.0031401570078503924,0,0,48897,47992,66,50,1035,1955,2045,1098,0,0,96549,0,0,0,0,0,0,0,0,0,3133,303,10,0,0,0,0,0
374,2943,375.3110601355231,99995,0,0,0,1,185,129,0.0031401570078503924,0,0,48852,47897,66,50,1080,2050,2146,1147,0,0,96399,0,0,0,0,0,0,0,0,0,3283,303,10,0,0,0,0,0
375,2943,376.31461536646225,99995,0,0,0,1,185,129,0.0031401570078503924,0,0,48806,47800,66,50,1126,2147,2250,1197,0,0,96245,0,0,0,0,0,0,0,0,0,3437,303,10,0,0,0,0,0
376,2943,377.31913554280777,99995,0,0,0,1,185,129,0.0031401570078503924,0,0,48758,47696,66,50,1174,2251,2357,1249,0,0,96086,0,0,0,0,0,0,0,0,0,3596,303,10,0,0,0,0,0
377,2943,378.324629680452,99995,0,0,0,1,185,129,0.0031401570078503924,0,0,48710,47592,66,50,1222,2355,2467,1302,0,0,95923,0,0,0,0,0,0,0,0,0,3759,303,10,0,0,0,0,0
378,2943,379.33110654850105,99995,0,0,0,1,185,129,0.0031401570078503924,0,0,48660,47487,66,50,1272,2460,2580,1356,0,0,95757,0,0,0,0,0,0,0,0,0,3925,302,11,0,0,0,0,0
379,2943,380.0026665319546,99995,0,0,0,1,185,129,0.0031401570078503924,0,0,48610,47377,66,50,1322,2570,2695,1411,0,0,95587,0,0,0,0,0,0,0,0,0,4095,302,11,0,0,0,0,0
380,2943,381.01122573984844,99995,0,0,0,1,185,129,0.0031401570078503924,0,0,48558,47272,66,50,1374,2675,2813,1468,0,0,95412,0,0,0,0,0,0,0,0,0,4270,302,11,0,0,0,0,0
381,2943,382.0208500221975,99995,0,0,0,1,185,129,0.0031401570078503924,0,0,48504,47165,66,48,1428,2784,2934,1526,0,0,95234,0,0,0,0,0,0,0,0,0,4448,301,12,0,0,0,0,0
382,2943,383.0315973881264,99995,0,0,0,1,185,129,0.0031401570078503924,0,0,48449,47052,65,48,1484,2897,3058,1585,0,0,95051,0,0,0,0,0,0,0,0,0,4631,301,12,0,0,0,0,0
383,2943,384.04347746619334,99995,0,0,0,1,185,129,0.0031401570078503924,0,0,48396,46933,65,48,1537,3016,3185,1645,0,0,94864,0,0,0,0,0,0,0,0,0,4818,301,12,0,0,0,0,0
384,2943,385.0564860858585,99995,0,0,0,1,185,129,0.0031401570078503924,0,0,48336,46814,65,48,1597,3135,3315,1707,0,0,94672,0,0,0,0,0,0,0,0,0,5010,301,12,0,0,0,0,0
385,2943,386.07071683129493,99995,0,0,0,1,185,129,0.0031401570078503924,0,0,48280,46691,65,48,1653,3258,3448,1770,0,0,94476,0,0,0,0,0,0,0,0,0,5206,301,12,0,0,0,0,0
386,2943,387.08613772799737,99995,0,0,0,1,185,129,0.0031401570078503924,0,0,48219,46564,64,48,1715,3385,3583,1834,0,0,94278,0,0,0,0,0,0,0,0,0,5404,300,13,0,0,0,0,0
387,2943,388.10284309690593,99995,0,0,0,1,185,129,0.0031401570078503924,0,0,48159,46439,64,47,1775,3511,3721,1899,0,0,94075,0,0,0,0,0,0,0,0,0,5607,300,13,0,0,0,0,0
388,2943,389.1208361862293,99995,0,0,0,1,185,129,0.0031401570078503924,0,0,48096,46308,64,47,1838,3642,3862,1965,0,0,93868,0,0,0,0,0,0,0,0,0,5814,300,13,0,0,0,0,0
389,2943,390.14014162432727,99995,0,0,0,1,185,129,0.0031401570078503924,0,0,48034,46175,63,47,1901,3775,4006,2033,0,0,93657,0,0,0,0,0,0,0,0,0,6025,299,14,0,0,0,0,0
390,2943,391.1607700904537,99995,0,0,0,1,185,129,0.0031401570078503924,0,0,47967,46037,63,46,1968,3914,4153,2102,0,0,93441,0,0,0,0,0,0,0,0,0,6241,299,14,0,0,0,0,0
391,2943,392.18280330405884,99995,0,0,0,1,185,129,0.0031401570078503924,0,0,47909,45897,60,46,2029,4054,4302,2172,0,0,93222,0,0,0,0,0,0,0,0,0,6460,299,14,0,0,0,0,0
392,2943,393.20609548434174,99995,0,0,0,1,185,129,0.0031401570078503924,0,0,47842,45761,60,46,2096,4190,4454,2243,0,0,92999,0,0,0,0,0,0,0,0,0,6683,299,14,0,0,0,0,0
393,2943,394.2307782585704,99995,0,0,0,1,185,129,0.0031401570078503924,0,0,47782,45617,58,46,2158,4334,4609,2316,0,0,92772,0,0,0,0,0,0,0,0,0,6910,298,15,0,0,0,0,0
394,2943,395.25680549030125,99995,0,0,0,1,185,129,0.0031401570078503924,0,0,47716,45475,56,46,2226,4476,4766,2390,0,0,92542,0,0,0,0,0,0,0,0,0,7140,297,16,0,0,0,0,0
395,2943,396.28420216656025,99995,0,0,0,1,185,129,0.0031401570078503924,0,0,47650,45330,56,46,2292,4621,4926,2465,0,0,92307,0,0,0,0,0,0,0,0,0,7375,297,16,0,0,0,0,0
396,2943,397.31304415844227,99995,0,0,0,1,185,129,0.0031401570078503924,0,0,47581,45186,55,46,2362,4765,5088,2541,0,0,92069,0,0,0,0,0,0,0,0,0,7613,297,16,0,0,0,0,0
397,2943,398.34334990235925,99995,0,0,0,1,185,129,0.0031401570078503924,0,0,47518,45038,55,46,2425,4913,5253,2618,0,0,91827,0,0,0,0,0,0,0,0,0,7855,297,16,0,0,0,0,0
398,2943,399.0309931497421,99995,0,0,0,1,185,129,0.0031401570078503924,0,0,47443,44886,55,45,2500,5066,5421,2697,0,0,91581,0,0,0,0,0,0,0,0,0,8101,296,17,0,0,0,0,0
399,2943,400.064326682463,99995,0,0,0,1,185,129,0.0031401570078503924,0,0,47370,44741,55,45,2573,5211,5591,2777,0,0,91331,0,0,0,0,0,0,0,0,0,8351,296,17,0,0,0,0,0
400,2943,401.0992242656831,99995,0,0,0,1,185,129,0.0031401570078503924,0,0,47297,44582,55,45,2646,5370,5763,2858,0,0,91079,0,0,0,0,0,0,0,0,0,8603,295,18,0,0,0,0,0
401,2943,402.1357422727396,99995,0,0,0,1,185,129,0.0031401570078503924,0,0,47223,44424,53,45,2722,5528,5938,2940,0,0,90824,0,0,0,0,0,0,0,0,0,8858,293,20,0,0,0,0,0
402,2943,403.1738564746731,99995,0,0,0,1,185,129,0.0031401570078503924,0,0,47153,44266,52,45,2793,5686,6115,3023,0,0,90566,0,0,0,0,0,0,0,0,0,9116,291,22,0,0,0,0,0
403,2943,404.213542322901,99995,0,0,0,1,185,129,0.0031401570078503924,0,0,47076,44107,52,44,2870,5846,6295,3107,0,0,90303,0,0,0,0,0,0,0,0,0,9379,290,23,0,0,0,0,0
404,2943,405.2549152774563,99995,0,0,0,1,185,129,0.0031401570078503924,0,0,47005,43954,52,44,2941,5999,6477,3192,0,0,90038,0,0,0,0,0,0,0,0,0,9644,288,25,0,0,0,0,0
405,2943,406.29789172675237,99995,0,0,0,1,185,129,0.0031401570078503924,0,0,46928,43787,52,44,3018,6166,6661,3279,0,0,89768,0,0,0,0,0,0,0,0,0,9914,287,26,0,0,0,0,0
406,2943,407.34252922209816,99995,0,0,0,1,185,129,0.0031401570078503924,0,0,46854,43614,52,44,3092,6339,6847,3367,0,0,89494,0,0,0,0,0,0,0,0,0,10188,287,26,0,0,0,0,0
407,2943,408.0398857444239,99995,0,0,0,1,185,129,0.0031401570078503924,0,0,46770,43449,51,44,3177,6504,7035,3456,0,0,89220,0,0,0,0,0,0,0,0,0,10462,284,29,0,0,0,0,0
408,2943,409.08808559790276,99995,0,0,0,1,185,129,0.0031401570078503924,0,0,46692,43288,51,44,3255,6665,7225,3546,0,0,88941,0,0,0,0,0,0,0,0,0,10741,283,30,0,0,0,0,0
409,2943,410.13808291553954,99995,0,0,0,1,185,129,0.0031401570078503924,0,0,46606,43113,51,44,3341,6840,7417,3637,0,0,88658,0,0,0,0,0,0,0,0,0,11024,283,30,0,0,0,0,0
410,2943,411.18997470767,99995,0,0,0,1,185,129,0.0031401570078503924,0,0,46525,42942,51,43,3422,7012,7611,3729,0,0,88373,0,0,0,0,0,0,0,0,0,11309,282,31,0,0,0,0,0
411,2943,412.2436845905469,99995,0,0,0,1,185,129,0.0031401570078503924,0,0,46444,42772,51,41,3503,7184,7807,3822,0,0,88085,0,0,0,0,0,0,0,0,0,11597,281,32,0,0,0,0,0
412,2943,413.29925653979944,99995,0,0,0,1,185,129,0.0031401570078503924,0,0,46362,42598,50,40,3586,7359,8005,3916,0,0,87793,0,0,0,0,0,0,0,0,0,11889,281,32,0,0,0,0,0
413,2943,414.00401086798433,99995,0,0,0,1,185,129,0.0031401570078503924,0,0,46275,42416,50,40,3673,7541,8205,4011,0,0,87500,0,0,0,0,0,0,0,0,0,12182,279,34,0,0,0,0,0
414,2943,415.06344966783234,99995,0,0,0,1,185,129,0.0031401570078503924,0,0,46189,42234,50,40,3759,7723,8407,4107,0,0,87203,0,0,0,0,0,0,0,0,0,12479,278,35,0,0,0,0,0
415,2943,416.12482504702444,99995,0,0,0,1,185,129,0.0031401570078503924,0,0,46102,42060,50,39,3846,7898,8610,4204,0,0,86903,0,0,0,0,0,0,0,0,0,12779,278,35,0,0,0,0,0
416,2943,417.1882130025129,99995,0,0,0,1,185,129,0.0031401570078503924,0,0,46019,41883,50,38,3929,8076,8815,4302,0,0,86601,0,0,0,0,0,0,0,0,0,13081,277,36,0,0,0,0,0
417,2943,418.2535438642802,99995,0,0,0,1,185,129,0.0031401570078503924,0,0,45936,41709,50,37,4012,8251,9022,4401,0,0,86297,0,0,0,0,0,0,0,0,0,13385,275,38,0,0,0,0,0
418,2943,419.32079366421146,99995,0,0,0,1,185,129,0.0031401570078503924,0,0,45849,41540,50,37,4099,8420,9230,4501,0,0,85990,0,0,0,0,0,0,0,0,0,13692,274,39,0,0,0,0,0
419,2943,420.03340808329364,99995,2,2,0,1,187,131,0.0031801590079503974,23,23,45739,41329,50,37,4184,8606,9440,4602,0,0,85681,0,0,0,0,0,0,0,0,0,14001,272,41,0,0,0,0,0
420,2943,421.0074421689221,99995,7,6,0,1,192,135,0.003270163508175409,19,19,45641,41139,50,37,4281,8796,9651,4704,0,0,85369,0,0,0,0,0,0,0,0,0,14313,271,42,0,0,0,0,0
421,2943,422.24474581474294,99995,13,13,0,1,200,143,0.003430171508575429,14,12,45553,40968,51,38,4367,8966,9864,4807,0,0,85052,2,1,0,0,0,0,0,0,0,14627,270,43,0,0,0,0,0
422,2943,423.16119226173515,99995,15,15,0,1,206,148,0.0035401770088504423,10,10,45464,40773,55,41,4454,9158,10078,4911,0,0,84731,8,2,0,0,0,0,0,0,0,14941,267,46,0,0,0,0,0
423,2943,424.2975869351147,99995,13,11,0,1,209,149,0.0035801790089504473,15,9,45364,40586,59,45,4547,9346,10293,5016,0,0,84407,14,5,0,1,0,0,0,0,0,15256,265,47,0,0,0,0,0
424,2943,425.1448817901301,99995,19,12,0,1,217,152,0.0036901845092254613,11,10,45269,40401,60,47,4639,9527,10509,5122,0,0,84083,16,7,0,1,0,0,0,0,0,15576,265,47,0,0,0,0,0
425,2943,426.0147133549437,99995,24,15,0,1,222,157,0.0037901895094754738,12,7,45169,40202,60,49,4733,9724,10726,5229,0,0,83758,17,8,0,1,0,0,0,0,0,15899,265,47,0,0,0,0,0
426,2943,427.00167317585414,99995,24,18,0,1,226,160,0.0038601930096504827,17,6,45066,40025,63,49,4828,9899,10945,5337,0,0,83428,20,9,0,1,0,0,0,0,0,16225,265,47,0,0,0,0,0
427,2943,428.04049269541247,99995,22,16,0,1,230,161,0.003910195509775489,27,8,44963,39840,68,51,4918,10082,11165,5445,0,0,83094,28,10,0,1,0,0,0,0,0,16550,263,49,0,0,0,0,0
428,2943,429.26433033038285,99995,25,14,0,1,234,162,0.003960198009900495,31,10,44861,39642,69,54,5012,10277,11386,5554,0,0,82762,31,11,0,1,0,0,0,0,0,16878,262,50,0,0,0,0,0
429,2943,430.23338581288334,99995,34,16,0,1,251,165,0.00416020801040052,24,11,44765,39464,77,55,5098,10451,11607,5664,0,0,82422,40,11,0,1,0,0,0,0,0,17209,262,50,0,0,0,0,0
430,2943,431.33126925554086,99995,33,17,0,1,256,168,0.00424021201060053,28,12,44665,39279,80,57,5192,10632,11829,5775,0,0,82084,46,13,0,1,0,0,0,0,0,17539,261,51,0,0,0,0,0
431,2943,432.2299192235876,99995,35,17,0,1,262,171,0.004330216510825541,31,14,44554,39080,84,60,5294,10826,12052,5887,0,0,81743,53,13,0,1,0,0,0,0,0,17873,260,52,0,0,0,0,0
432,2943,433.10030788552365,99995,40,18,0,1,272,175,0.004470223511175559,34,11,44456,38888,87,63,5381,11017,12276,5999,0,0,81401,60,14,0,1,0,0,0,0,0,18207,259,53,0,0,0,0,0
433,2943,434.0126820086379,99995,44,19,0,1,286,177,0.004630231511575579,29,11,44361,38709,96,63,5468,11195,12500,6112,0,0,81056,71,14,0,1,0,0,0,0,0,18541,256,56,0,0,0,0,0
434,2943,435.0374201831525,99995,40,21,0,1,290,179,0.004690234511725586,32,13,44260,38522,103,62,5563,11379,12725,6226,0,0,80712,79,14,0,1,0,0,0,0,0,18877,253,59,0,0,0,0,0
435,2943,436.32272291684524,99995,45,21,0,1,302,183,0.004850242512125606,38,13,44162,38346,107,66,5646,11551,12951,6341,0,0,80362,88,16,0,1,0,0,0,0,0,19216,253,59,0,0,0,0,0
436,2943,437.09947553430044,99995,47,22,0,1,307,185,0.004920246012300615,40,13,44057,38138,109,65,5745,11759,13177,6456,0,0,80022,90,18,0,1,0,0,0,0,0,19552,250,62,0,0,0,0,0
437,2943,438.16768909068054,99995,51,23,0,1,321,190,0.005110255512775639,36,12,43952,37949,119,68,5840,11945,13404,6572,0,0,79669,100,22,0,1,0,0,0,0,0,19891,250,62,0,0,0,0,0
438,2943,439.04227433981504,99995,58,26,0,1,335,194,0.005290264513225661,40,17,43842,37759,126,69,5932,12126,13631,6689,0,0,79317,108,22,0,1,0,0,0,0,0,20235,250,62,0,0,0,0,0
439,2943,440.03549031230057,99995,55,22,0,1,347,195,0.005420271013550678,40,23,43733,37571,140,74,6030,12307,13858,6806,0,0,78957,126,24,0,1,0,0,0,0,0,20575,248,64,0,0,0,0,0
440,2943,441.1121699066295,99995,56,29,0,1,356,205,0.005610280514025701,37,16,43630,37359,147,77,6128,12516,14086,6924,0,0,78603,135,26,0,1,0,0,0,0,0,20918,247,65,0,0,0,0,0
441,2943,442.3276071516896,99995,60,31,0,1,370,212,0.005820291014550728,43,14,43521,37200,156,82,6218,12670,14314,7043,0,0,78243,148,28,0,1,0,0,0,0,0,21263,247,65,0,0,0,0,0
442,2943,443.0711127206751,99995,60,32,0,1,375,214,0.005890294514725736,50,16,43401,36994,161,83,6326,12872,14542,7162,0,0,77890,154,28,0,1,0,0,0,0,0,21610,247,65,0,0,0,0,0
443,2943,444.0807415088873,99995,61,39,0,1,383,225,0.00608030401520076,61,14,43289,36806,168,87,6419,13051,14770,7282,0,0,77533,165,28,0,1,0,0,0,0,0,21956,245,67,0,0,0,0,0
444,2943,445.16034124830827,99994,67,35,0,2,403,231,0.00634038042282537,61,21,43183,36625,181,95,6506,13220,14998,7403,0,0,77168,181,35,0,1,0,0,0,0,0,22297,244,68,0,0,0,0,0
445,2943,446.190764571728,99993,78,31,0,3,421,235,0.00656045923214625,58,22,43071,36433,186,102,6605,13407,15226,7524,0,0,76810,191,39,0,1,0,0,0,0,0,22640,243,69,0,0,0,0,0
446,2943,447.22374751989037,99993,88,31,0,3,442,239,0.006810476733371336,53,26,42962,36244,195,105,6700,13589,15454,7646,0,0,76453,201,44,0,1,0,0,0,0,0,22982,240,72,0,0,0,0,0
447,2943,448.2592595101785,99993,90,35,0,3,455,245,0.007000490034302401,56,27,42850,36069,204,107,6798,13757,15682,7768,0,0,76093,213,45,0,1,0,0,0,0,0,23329,238,74,0,0,0,0,0
448,2943,449.29740955318675,99993,94,37,0,3,472,250,0.007220505435380477,54,30,42735,35882,216,108,6899,13938,15910,7891,0,0,75729,226,48,0,1,0,0,0,0,0,23677,238,74,0,0,0,0,0
449,2943,450.3383610952081,99993,98,43,0,3,485,261,0.007460522236556559,65,32,42616,35699,225,110,6994,14111,16138,8014,0,0,75369,237,51,0,1,0,0,0,0,0,24023,236,76,0,0,0,0,0
450,2943,451.03383894909786,99993,101,45,0,3,500,268,0.007680537637634635,64,27,42497,35508,235,115,7101,14300,16366,8138,0,0,75008,248,57,0,1,0,0,0,0,0,24367,234,78,0,0,0,0,0
451,2943,452.08038902568893,99993,113,51,0,3,524,277,0.008010560739251748,64,28,42382,35322,245,117,7194,14477,16593,8262,0,0,74652,255,65,0,1,0,0,0,0,0,24708,232,80,0,0,0,0,0
452,2943,453.1295842947758,99993,123,55,0,3,540,283,0.008230576140329822,70,35,42266,35136,249,116,7290,14653,16820,8387,0,0,74297,259,69,0,1,0,0,0,0,0,25055,231,81,0,0,0,0,0
453,2943,454.18151598814126,99993,126,49,0,3,565,291,0.008560599241946937,78,36,42133,34953,267,129,7394,14828,17047,8512,0,0,73919,286,78,0,1,0,0,0,0,0,25397,230,82,0,0,0,0,0
454,2943,455.2365073916222,99993,123,52,0,3,587,301,0.008880621643515047,75,38,42029,34758,289,134,7482,15013,17273,8637,0,0,73544,311,85,0,1,0,0,0,0,0,25740,229,83,0,0,0,0,0
455,2943,456.29427834738266,99993,126,58,0,3,612,314,0.009260648245377177,91,42,41896,34567,308,140,7577,15188,17499,8763,0,0,73166,338,87,0,1,0,0,0,0,0,26089,228,84,0,0,0,0,0
456,2943,457.00110292273746,99993,132,61,0,3,634,323,0.009570669946896282,88,45,41769,34371,323,145,7686,15373,17724,8889,0,0,72799,355,92,0,1,0,0,0,0,0,26434,227,85,0,0,0,0,0
457,2943,458.06505971921047,99993,136,68,0,3,657,338,0.009950696548758414,95,40,41647,34193,341,152,7779,15542,17949,9016,0,0,72429,374,100,0,1,0,0,0,0,0,26777,226,86,0,0,0,0,0
458,2943,459.1319766110984,99993,139,74,0,3,686,348,0.010340723850669547,100,51,41518,34006,364,154,7877,15710,18173,9143,0,0,72056,397,107,0,1,0,0,0,0,0,27120,225,87,0,0,0,0,0
459,2943,460.20208580854387,99993,146,78,0,3,717,367,0.010840758853119718,95,60,41397,33809,385,168,7975,15880,18397,9270,0,0,71677,427,116,0,1,0,0,0,0,0,27460,223,89,0,0,0,0,0
460,2943,461.2752975191712,99993,155,77,0,3,746,380,0.011260788255177862,103,67,41261,33629,402,178,8077,16044,18620,9397,0,0,71307,449,127,0,2,0,0,0,0,0,27797,221,90,0,0,0,0,0
461,2943,462.35174884286766,99992,170,79,1,3,784,400,0.011840947275782063,104,68,41130,33459,421,195,8172,16194,18842,9525,0,0,70925,481,135,0,2,0,0,0,0,0,28138,220,91,0,0,0,0,0
462,2943,463.0711567004275,99992,176,87,1,3,810,416,0.012260980878470277,104,63,40997,33273,437,200,8283,16372,19064,9653,0,0,70556,500,144,0,2,0,0,0,0,0,28479,220,91,0,0,0,0,0
463,2943,464.1541819017086,99992,182,98,1,3,838,438,0.012761020881670533,118,61,40860,33100,457,208,8380,16528,19285,9781,0,0,70185,523,154,0,2,0,0,0,0,0,28817,219,92,0,0,0,0,0
464,2943,465.2405668129202,99992,184,94,1,3,868,449,0.013171053684294744,135,65,40729,32936,483,221,8466,16679,19505,9910,0,0,69807,553,167,0,2,0,0,0,0,0,29152,218,93,0,0,0,0,0
465,2943,466.3303033049764,99992,191,94,1,3,908,468,0.013761100888071046,141,66,40595,32770,515,236,8555,16829,19724,10039,0,0,69418,595,177,0,2,0,0,0,0,0,29489,217,94,0,0,0,0,0
466,2943,467.05871260670517,99992,197,99,1,3,932,485,0.014171133690695255,147,60,40469,32586,533,246,8651,17004,19942,10168,0,0,69049,617,185,0,2,0,0,0,0,0,29828,217,94,0,0,0,0,0
467,2943,468.1552030621523,99992,220,104,1,3,984,508,0.01492119369549564,139,66,40335,32428,558,262,8745,17135,20159,10297,0,0,68676,648,201,0,2,0,0,0,0,0,30154,213,98,0,0,0,0,0
468,2943,469.2550513150004,99992,224,103,1,3,1021,524,0.015451236098887912,156,82,40200,32254,588,276,8829,17280,20376,10426,0,0,68292,686,213,0,2,0,0,0,0,0,30488,213,98,0,0,0,0,0
469,2943,470.35828287329315,99992,233,109,1,3,1068,549,0.01617129370349628,166,75,40072,32093,623,294,8903,17424,20592,10556,0,0,67908,726,230,0,2,0,0,0,0,0,30815,211,100,0,0,0,0,0
470,2943,471.0956015315462,99992,248,117,1,3,1103,564,0.016671333706696535,167,73,39933,31916,640,299,9009,17590,20807,10686,0,0,67543,748,235,0,2,0,0,0,0,0,31153,209,102,0,0,0,0,0
471,2943,472.2057073157293,99992,248,118,1,3,1152,588,0.01740139211136891,171,85,39799,31753,685,321,9094,17718,21021,10816,0,0,67139,809,246,0,2,0,0,0,0,0,31485,208,103,0,0,0,0,0
472,2943,473.3195424534673,99992,259,129,1,3,1205,618,0.018231458516681336,178,72,39650,31610,724,337,9186,17847,21234,10946,0,0,66751,856,260,0,2,0,0,0,0,0,31812,206,105,0,0,0,0,0
473,2943,474.06429618282885,99992,270,118,1,3,1244,629,0.018731498519881592,177,79,39521,31433,747,357,9282,18008,21446,11076,0,0,66377,890,272,2,2,0,0,0,0,0,32138,202,109,0,0,0,0,0
474,2943,475.1856625852227,99992,277,127,1,3,1297,654,0.01951156092487399,195,84,39371,31271,786,369,9368,18144,21657,11206,0,0,65996,930,294,2,2,0,0,0,0,0,32457,202,109,0,0,0,0,0
475,2943,476.3108064904773,99992,284,136,1,3,1352,682,0.020341627330186414,208,86,39237,31140,831,381,9437,18252,21867,11336,0,0,65614,973,318,2,2,0,0,0,0,0,32772,201,110,0,0,0,0,0
476,2943,477.0629645449525,99992,289,126,1,3,1388,693,0.020811664933194654,213,96,39104,30961,858,401,9533,18411,22075,11466,0,0,65243,1007,336,2,2,0,0,0,0,0,33091,200,111,0,0,0,0,0
477,2943,478.19549663576976,99992,302,129,1,3,1452,723,0.021751740139211138,223,98,38946,30813,904,423,9622,18532,22282,11596,0,0,64852,1061,360,2,2,0,0,0,0,0,33404,200,111,0,0,0,0,0
478,2943,479.3322683189773,99992,314,139,1,3,1506,757,0.02263181054484359,231,104,38809,30662,939,437,9704,18653,22488,11726,0,0,64480,1099,388,2,2,0,0,0,0,0,33710,198,113,0,0,0,0,0
479,2943,480.0922485163356,99992,307,142,1,3,1547,774,0.023211856948555886,240,110,38673,30501,982,445,9795,18797,22693,11856,0,0,64109,1137,412,2,2,0,0,0,0,0,34019,196,115,0,0,0,0,0
480,2943,481.2367288221764,99991,317,152,2,3,1621,806,0.024272184496604694,246,104,38519,30353,1040,459,9874,18927,22897,11986,0,0,63727,1187,447,2,2,0,0,0,0,0,34315,194,117,0,0,0,0,0
481,2943,482.00210754588005,99991,318,148,2,3,1664,823,0.02487223850146513,248,112,38385,30195,1077,479,9968,19061,23100,12116,0,0,63361,1221,476,2,2,0,0,0,0,0,34618,193,118,0,0,0,0,0
482,2943,483.15478781090815,99991,345,151,2,3,1741,858,0.02599233931053795,248,120,38232,30032,1118,508,10053,19184,23301,12246,0,0,62979,1272,507,2,2,0,0,0,0,0,34918,193,118,0,0,0,0,0
483,2943,484.31171374494306,99991,362,159,2,3,1817,892,0.027092438319448752,253,131,38075,29881,1168,530,10138,19294,23501,12376,0,0,62596,1326,534,4,2,0,0,0,0,0,35218,190,121,0,0,0,0,0
484,2943,485.0854276203707,99991,370,169,2,3,1859,918,0.027772499524957247,260,136,37935,29708,1193,542,10238,19440,23700,12506,0,0,62247,1346,563,4,3,0,0,0,0,0,35518,190,120,0,0,0,0,0
485,2943,486.25079180853913,99991,370,181,2,3,1931,963,0.028942604834435098,285,135,37780,29561,1253,570,10308,19548,23898,12636,0,0,61858,1407,605,5,3,0,0,0,0,0,35803,189,121,0,0,0,0,0
486,2943,487.0301205343118,99991,376,193,2,3,1981,986,0.029672670540348632,313,139,37615,29399,1290,576,10402,19688,24094,12766,0,0,61495,1445,620,7,3,0,0,0,0,0,36113,186,122,0,0,0,0,0
487,2943,488.2044362928114,99990,399,214,3,3,2068,1035,0.031033103310331035,321,132,37451,29255,1344,602,10480,19792,24289,12896,0,0,61104,1510,646,7,3,0,0,0,0,0,36412,186,122,0,0,0,0,0
488,2943,489.38346483037094,99990,427,217,3,3,2161,1079,0.032403240324032405,322,130,37296,29110,1400,638,10550,19900,24483,13026,0,0,60713,1578,682,8,3,0,0,0,0,0,36698,184,124,0,0,0,0,0
489,2943,490.1719661306402,99990,432,199,3,3,2217,1096,0.03313331333133313,314,150,37159,28942,1442,670,10648,20034,24676,13156,0,0,60335,1635,711,8,3,0,0,0,0,0,36990,182,126,0,0,0,0,0
490,2943,491.3599672417811,99990,442,197,3,3,2310,1141,0.03451345134513451,333,177,36988,28782,1511,710,10721,20129,24867,13286,0,0,59932,1715,756,10,4,0,0,0,0,0,37266,182,125,0,0,0,0,0
491,2943,492.15467782207736,99990,473,201,3,3,2387,1172,0.03559355935593559,312,187,36847,28621,1543,729,10820,20257,25057,13416,0,0,59580,1747,797,10,4,0,0,0,0,0,37545,182,125,0,0,0,0,0
492,2943,493.35199726767235,99990,496,208,3,3,2485,1219,0.037043704370437046,342,191,36671,28478,1606,761,10880,20357,25246,13546,0,0,59200,1808,851,10,4,0,0,0,0,0,37810,182,125,0,0,0,0,0
493,2943,494.15298901996914,99990,508,223,3,3,2555,1266,0.03821382138213821,344,185,36516,28322,1652,783,10975,20482,25433,13675,0,0,58830,1863,886,10,4,0,0,0,0,0,38090,181,126,0,0,0,0,0
494,2943,495.36007601603654,99990,532,227,3,3,2658,1319,0.039773977397739774,372,192,36340,28193,1714,824,11037,20559,25619,13804,0,0,58430,1950,927,10,4,0,0,0,0,0,38362,179,128,0,0,0,0,0
495,2943,496.16764273661954,99990,558,235,3,3,2742,1359,0.041014101410141016,365,181,36188,28037,1758,850,11126,20692,25804,13933,0,0,58054,2012,955,10,4,0,0,0,0,0,38648,179,128,0,0,0,0,0
496,2943,497.3845809224453,99990,574,239,3,3,2855,1407,0.04262426242624263,380,200,36016,27896,1841,890,11184,20770,25987,14062,0,0,57659,2095,1007,12,5,0,0,0,0,0,38905,177,130,0,0,0,0,0
497,2943,498.19882674797316,99990,597,240,3,3,2950,1448,0.04398439843984398,375,190,35862,27758,1902,924,11259,20883,26169,14191,0,0,57282,2158,1050,15,5,0,0,0,0,0,39173,177,130,0,0,0,0,0
498,2943,499.0165597616634,99990,596,251,3,3,3028,1489,0.04517451745174517,378,193,35728,27613,1964,950,11329,20988,26350,14320,0,0,56914,2216,1099,16,5,0,0,0,0,0,39433,176,131,0,0,0,0,0
499,2943,500.24856695089017,99990,606,273,3,3,3142,1555,0.04697469746974697,410,182,35550,27492,2052,987,11377,21061,26529,14448,0,0,56512,2312,1149,17,5,0,0,0,0,0,39688,174,133,0,0,0,0,0
500,2943,501.07291576636686,99989,626,277,4,3,3237,1585,0.048225304783526185,412,196,35399,27356,2108,998,11449,21168,26707,14576,0,0,56152,2364,1195,18,5,0,0,0,0,0,39948,174,133,0,0,0,0,0
501,2943,502.3152901689939,99989,631,283,4,3,3359,1649,0.050085509406034665,425,200,35219,27214,2217,1051,11502,21247,26883,14704,0,0,55740,2468,1256,22,6,0,0,0,0,0,40190,174,133,0,0,0,0,0
502,2943,503.14672860922536,99988,659,298,5,3,3458,1700,0.05158619034284114,418,194,35070,27084,2268,1075,11578,21344,27058,14832,0,0,55387,2517,1311,23,6,0,0,0,0,0,40437,173,134,0,0,0,0,0
503,2943,504.4002380992138,99988,667,302,5,3,3585,1758,0.05343641236948434,459,216,34874,26946,2375,1116,11618,21415,27232,14959,0,0,54978,2623,1371,25,8,0,0,0,0,0,40677,173,133,0,0,0,0,0
504,2943,505.2391981068273,99987,680,303,6,3,3680,1797,0.054777121025733344,473,228,34706,26812,2442,1141,11691,21511,27404,15086,0,0,54616,2685,1426,26,8,0,0,0,0,0,40920,172,134,0,0,0,0,0
505,2943,506.08195383751183,99987,712,324,6,3,3791,1848,0.056397331653114904,496,224,34517,26671,2503,1161,11764,21615,27575,15213,0,0,54256,2746,1472,27,8,0,0,0,0,0,41172,172,134,0,0,0,0,0
506,2943,507.3532507813328,99986,739,345,7,3,3944,1928,0.05872822195107315,515,206,34316,26575,2610,1211,11811,21658,27745,15339,0,0,53838,2863,1529,31,9,0,0,0,0,0,41410,172,134,0,0,0,0,0
507,2943,508.2045689104175,99985,788,345,8,3,4082,1973,0.06055908386257939,472,203,34164,26446,2683,1248,11883,21753,27913,15465,0,0,53479,2927,1595,33,9,0,0,0,0,0,41637,171,134,0,0,0,0,0
508,2943,509.05955853006066,99984,784,340,9,3,4185,2011,0.06196991518642983,492,232,34005,26310,2769,1283,11939,21830,28080,15591,0,0,53096,3016,1653,34,9,0,0,0,0,0,41871,170,135,0,0,0,0,0
509,2943,510.34883455110213,99984,793,361,9,3,4343,2085,0.06429028644583133,555,234,33770,26213,2894,1318,11977,21869,28245,15717,0,0,52696,3124,1736,38,11,0,0,0,0,0,42075,167,137,0,0,0,0,0
510,2943,511.21260631009017,99984,835,367,9,3,4480,2137,0.06618058889422307,531,227,33609,26116,2963,1347,12051,21938,28409,15842,0,0,52337,3196,1799,38,14,0,0,0,0,0,42296,165,139,0,0,0,0,0
511,2943,512.080524766788,99984,851,365,9,3,4585,2175,0.06761081773083694,557,247,33434,25995,3031,1379,12116,22009,28572,15967,0,0,51971,3272,1846,40,15,0,0,0,0,0,42536,165,139,0,0,0,0,0
512,2943,513.389812748222,99983,881,362,10,3,4767,2245,0.07013192242681256,601,258,33218,25897,3156,1441,12132,22037,28733,16092,0,0,51554,3400,1934,43,16,0,0,0,0,0,42732,164,140,0,0,0,0,0
513,2943,514.2666842354975,99981,906,369,12,3,4885,2308,0.07194366929716646,615,265,33046,25772,3226,1484,12193,22105,28893,16216,0,0,51200,3467,2008,46,16,0,0,0,0,0,42940,162,142,0,0,0,0,0
514,2943,515.1476760823031,99980,900,379,12,4,5006,2363,0.07370474094818964,615,282,32885,25635,3328,1521,12258,22177,29052,16340,0,0,50831,3548,2085,52,17,0,0,0,0,0,43144,161,142,0,0,0,0,0
515,2943,516.0329844553474,99978,917,389,13,5,5142,2425,0.07568665106323391,612,279,32711,25535,3427,1564,12318,22226,29209,16464,0,0,50444,3650,2145,55,18,0,0,0,0,0,43364,160,142,0,0,0,0,0
516,2943,517.3689010706771,99978,955,408,13,5,5348,2531,0.07880733761427514,657,272,32471,25440,3567,1625,12335,22248,29365,16587,0,0,50022,3791,2253,58,18,0,0,0,0,0,43534,159,143,0,0,0,0,0
517,2943,518.2642728145672,99978,1030,407,13,5,5528,2587,0.08116785692852428,633,288,32277,25318,3654,1670,12391,22310,29519,16710,0,0,49650,3886,2317,59,19,0,0,0,0,0,43746,158,143,0,0,0,0,0
518,2943,519.1645232206228,99977,1038,419,14,5,5655,2655,0.08311911739700131,668,285,32099,25195,3754,1719,12425,22375,29672,16832,0,0,49271,3987,2380,63,20,0,0,0,0,0,43955,156,145,0,0,0,0,0
519,2943,520.0693020254342,99977,1063,431,14,5,5814,2725,0.08540964421817018,693,307,31898,25080,3859,1761,12471,22414,29824,16954,0,0,48881,4102,2452,64,22,0,0,0,0,0,44156,156,144,0,0,0,0,0
520,2943,521.4354337353716,99976,1115,454,15,5,6073,2821,0.0889613507241738,704,308,31672,24982,4017,1818,12475,22431,29974,17076,0,0,48462,4246,2569,70,26,0,0,0,0,0,44305,152,146,0,0,0,0,0
521,2943,522.3509053036365,99974,1130,476,17,5,6243,2887,0.0913237441734851,710,323,31478,24870,4129,1848,12534,22476,30123,17197,0,0,48097,4339,2661,73,29,0,0,0,0,0,44477,150,148,0,0,0,0,0
522,2943,523.271405729437,99974,1143,500,17,5,6407,2969,0.09378438393982436,721,324,31309,24770,4241,1885,12567,22514,30271,17318,0,0,47713,4450,2741,78,34,0,0,0,0,0,44662,149,147,0,0,0,0,0
523,2943,524.1967173848911,99973,1180,533,18,5,6578,3062,0.09642603502945796,716,310,31145,24655,4345,1935,12594,22560,30417,17438,0,0,47342,4548,2814,85,38,0,0,0,0,0,44850,148,148,0,0,0,0,0
524,2943,525.1263924784012,99973,1193,548,18,5,6737,3136,0.09875666429936082,749,313,30952,24560,4467,1980,12619,22592,30562,17558,0,0,46960,4658,2889,92,41,0,0,0,0,0,45037,148,148,0,0,0,0,0
525,2943,526.0612079611903,99973,1223,542,18,5,6910,3206,0.10118732057655568,783,327,30760,24462,4574,2036,12640,22626,30706,17678,0,0,46589,4757,2985,104,42,0,0,0,0,0,45202,144,150,0,0,0,0,0
526,2943,527.0013781788412,99972,1215,542,19,5,7072,3273,0.10347897411275157,811,359,30567,24370,4717,2085,12669,22637,30848,17797,0,0,46198,4888,3083,106,44,0,0,0,0,0,45360,141,152,0,0,0,0,0
527,2943,528.421311656357,99969,1262,542,21,6,7361,3390,0.10754333843491483,802,371,30360,24295,4909,2183,12644,22601,30989,17916,0,0,45739,5080,3220,113,51,0,0,0,0,0,45474,138,154,0,0,0,0,0
528,2943,529.3729806669763,99968,1263,545,22,6,7562,3470,0.11035531370038412,795,381,30191,24198,5063,2240,12664,22628,31129,18034,0,0,45336,5220,3344,117,53,0,0,0,0,0,45606,138,154,0,0,0,0,0
529,2943,530.3298853709636,99965,1300,568,24,7,7765,3565,0.11333966888410944,785,389,30011,24110,5186,2292,12692,22632,31268,18152,0,0,44962,5329,3446,125,57,0,0,0,0,0,45754,137,155,0,0,0,0,0
530,2943,531.2920605930855,99964,1300,585,25,7,7954,3650,0.11608178944419992,794,404,29865,24017,5323,2346,12691,22639,31405,18269,0,0,44574,5448,3551,140,58,0,0,0,0,0,45901,136,156,0,0,0,0,0
531,2943,532.2588444376374,99962,1290,581,27,7,8123,3736,0.11863508133090575,828,414,29676,23915,5449,2413,12728,22668,31541,18386,0,0,44207,5551,3689,151,60,0,0,0,0,0,46012,134,158,0,0,0,0,0
532,2943,533.2311738113306,99961,1318,606,28,7,8325,3844,0.12173747761627035,847,394,29484,23833,5576,2484,12745,22674,31676,18503,0,0,43826,5675,3800,155,67,0,0,0,0,0,46147,134,157,0,0,0,0,0
533,2943,534.2092461914974,99959,1303,626,29,8,8513,3943,0.12461109054712433,851,405,29330,23726,5729,2540,12756,22693,31809,18619,0,0,43460,5782,3940,165,74,0,0,0,0,0,46249,133,156,0,0,0,0,0
534,2943,535.1928030074766,99959,1323,644,29,8,8715,4042,0.12762232515331287,844,406,29166,23648,5851,2600,12785,22692,31941,18735,0,0,43100,5886,4071,172,81,0,0,0,0,0,46361,133,155,0,0,0,0,0
535,2943,536.1814528120946,99958,1326,649,30,8,8911,4134,0.13050481202104883,844,428,29000,23556,5997,2664,12801,22693,32072,18850,0,0,42738,5998,4212,176,90,0,0,0,0,0,46456,132,156,0,0,0,0,0
536,2943,537.17559885148,99956,1352,660,31,9,9110,4225,0.13340869982792428,853,443,28839,23453,6111,2725,12812,22708,32202,18965,0,0,42372,6112,4327,182,95,0,0,0,0,0,46580,131,157,0,0,0,0,0
537,2943,538.1748358692547,99956,1392,699,31,9,9329,4342,0.13677017887870663,839,439,28666,23351,6240,2783,12830,22717,32330,19079,0,0,42012,6223,4439,190,104,0,0,0,0,0,46700,130,158,0,0,0,0,0
538,2943,539.1795250060973,99953,1414,721,34,9,9564,4452,0.14022590617590266,830,445,28471,23245,6399,2849,12850,22729,32457,19193,0,0,41623,6353,4564,207,109,0,0,0,0,0,46810,128,159,0,0,0,0,0
539,2943,540.1904277569456,99952,1414,715,35,9,9759,4549,0.1431487113814631,862,468,28307,23134,6528,2926,12852,22746,32583,19306,0,0,41264,6458,4714,222,115,0,0,0,0,0,46892,127,160,0,0,0,0,0
540,2943,541.2068404825156,99951,1428,741,35,10,9971,4662,0.146401736851057,903,465,28090,23044,6674,2992,12868,22746,32708,19419,0,0,40907,6568,4859,231,121,0,0,0,0,0,46979,127,159,0,0,0,0,0
541,2943,542.2302638140162,99951,1410,733,35,10,10177,4764,0.14948324679092756,915,464,27911,22948,6841,3074,12886,22769,32832,19531,0,0,40530,6695,5015,246,132,0,0,0,0,0,47048,126,159,0,0,0,0,0
542,2943,543.2605010738697,99951,1433,754,35,10,10408,4885,0.15300497243649389,899,451,27743,22884,6987,3145,12901,22754,32954,19643,0,0,40157,6825,5166,255,137,0,0,0,0,0,47127,126,158,0,0,0,0,0
543,2943,544.2967922689056,99951,1454,762,35,10,10644,5004,0.15655671278926675,876,454,27581,22799,7141,3233,12911,22740,33075,19754,0,0,39778,6963,5324,265,142,0,0,0,0,0,47196,124,159,0,0,0,0,0
544,2943,545.3391316784808,99947,1489,760,37,12,10883,5132,0.1602349245099903,852,422,27425,22747,7269,3339,12926,22718,33195,19865,0,0,39400,7097,5481,277,150,0,0,0,0,0,47260,123,159,0,0,0,0,0
545,2943,546.3874313897715,99945,1502,760,39,12,11123,5248,0.16380009004952725,864,410,27250,22671,7430,3441,12913,22704,33314,19975,0,0,39005,7246,5631,294,155,0,0,0,0,0,47335,121,158,0,0,0,0,0
546,2943,547.4422764173642,99945,1505,758,39,12,11347,5360,0.16716193906648658,901,403,27037,22587,7581,3529,12935,22709,33432,20085,0,0,38646,7368,5799,304,167,0,0,0,0,0,47383,118,160,0,0,0,0,0
547,2943,548.504570395911,99945,1541,778,39,12,11569,5489,0.17067387062884587,948,397,26841,22505,7701,3614,12928,22692,33549,20194,0,0,38302,7478,5958,313,170,1,0,0,0,0,47446,117,160,0,0,0,0,0
548,2943,549.0379506290001,99945,1537,777,39,12,11703,5544,0.17256491070088548,926,395,26720,22424,7795,3653,12981,22737,33664,20303,0,0,38013,7536,6070,320,175,1,0,0,0,0,47553,117,160,0,0,0,0,0
549,2943,550.1124715785683,99945,1530,750,39,12,11956,5661,0.17626694682075142,912,385,26538,22368,7985,3769,12994,22714,33778,20411,0,0,37630,7679,6273,337,185,2,0,0,0,0,47563,116,160,0,0,0,0,0
550,2943,551.1947479665716,99945,1538,737,39,12,12195,5772,0.17976887288008406,929,401,26362,22294,8147,3866,12983,22688,33891,20519,0,0,37274,7794,6460,358,191,2,0,0,0,0,47591,115,160,0,0,0,0,0
551,2943,552.2840553423669,99944,1534,721,39,13,12448,5869,0.1832726326742976,927,399,26188,22232,8322,3949,12988,22684,34003,20626,0,0,36889,7946,6609,371,211,3,0,0,0,0,47641,115,159,0,0,0,0,0
552,2943,553.3809731794692,99942,1558,694,41,13,12737,5976,0.1872385983870645,888,411,25989,22181,8518,4043,13004,22656,34114,20733,0,0,36506,8101,6801,382,224,4,0,0,0,0,47651,113,160,0,0,0,0,0
553,2943,554.4860870929809,99942,1536,690,41,13,12972,6095,0.1907806527786116,878,397,25838,22101,8694,4144,13011,22653,34224,20839,0,0,36142,8235,6977,394,246,4,0,0,0,0,47672,112,160,0,0,0,0,0
554,2943,555.0410083762767,99941,1557,680,41,14,13111,6142,0.19264365975925796,842,414,25724,22020,8767,4181,13067,22689,34333,20945,0,0,35866,8287,7073,402,249,5,0,0,0,0,47787,111,161,0,0,0,0,0
555,2943,556.1585627386603,99940,1558,715,42,14,13383,6270,0.19664798879327597,818,418,25551,21946,8966,4243,13063,22662,34441,21050,0,0,35520,8403,7260,417,262,6,0,0,0,0,47801,111,160,0,0,0,0,0
556,2943,557.2833290371115,99939,1569,704,42,15,13630,6390,0.20032219653988934,822,412,25395,21869,9109,4345,13061,22653,34548,21155,0,0,35175,8522,7461,431,271,6,0,0,0,0,47802,110,161,0,0,0,0,0
557,2943,558.4153055296744,99939,1530,729,42,15,13838,6520,0.203704259598355,840,389,25261,21819,9271,4422,13054,22624,34654,21259,0,0,34825,8652,7644,440,282,6,0,0,0,0,47821,110,159,0,0,0,0,0
558,2943,559.5535911372867,99936,1562,694,45,15,14096,6624,0.20733269292347103,808,409,25137,21742,9398,4532,13048,22606,34759,21363,0,0,34480,8773,7830,452,297,6,0,0,0,0,47830,110,158,0,0,0,0,0
559,2943,560.1246417932941,99936,1529,679,45,15,14214,6667,0.20894372398334934,813,434,25017,21681,9485,4564,13109,22625,34863,21466,0,0,34215,8823,7947,460,310,6,0,0,0,0,47907,110,158,0,0,0,0,0
560,2943,561.2740483772329,99935,1527,692,46,15,14468,6788,0.21269825386501226,811,441,24870,21658,9650,4619,13094,22573,34966,21569,0,0,33894,8924,8134,475,332,6,0,0,0,0,47902,108,160,0,0,0,0,0
561,2943,562.430825695455,99933,1525,707,48,15,14718,6912,0.21644501816216866,815,425,24723,21636,9816,4686,13071,22529,35068,21671,0,0,33534,9063,8287,491,348,7,0,0,0,0,47935,108,160,0,0,0,0,0
562,2943,563.0112040615174,99933,1491,703,48,15,14817,6983,0.2181461579258103,830,409,24632,21581,9890,4726,13107,22564,35169,21772,0,0,33271,9112,8403,503,356,8,0,0,0,0,48012,108,160,0,0,0,0,0
563,2943,564.1794489556606,99933,1466,729,48,15,15047,7110,0.22171855142945773,856,400,24503,21527,10048,4785,13077,22542,35269,21873,0,0,32950,9214,8586,520,374,8,0,0,0,0,48013,108,160,0,0,0,0,0
564,2943,565.3538243778135,99932,1440,725,49,15,15301,7231,0.22547332185886404,853,390,24348,21488,10235,4875,13073,22505,35368,21973,0,0,32600,9346,8782,538,394,8,0,0,0,0,47998,106,160,0,0,0,0,0
565,2943,566.5358149429837,99930,1429,729,51,15,15523,7369,0.22908035624937456,862,372,24207,21453,10370,4975,13079,22454,35466,22073,0,0,32299,9413,8978,569,411,9,0,0,0,0,47985,106,160,0,0,0,0,0
566,2943,567.1290223958052,99930,1432,730,51,15,15647,7425,0.2308816171319924,845,373,24123,21405,10431,5001,13116,22474,35563,22172,0,0,32063,9447,9093,576,417,9,0,0,0,0,48059,104,162,0,0,0,0,0
567,2943,568.3227906910296,99928,1412,744,52,16,15880,7538,0.23434873108638218,847,385,24012,21361,10574,5067,13101,22425,35659,22271,0,0,31747,9551,9268,590,436,10,0,0,0,0,48060,104,162,0,0,0,0,0
568,2943,569.5222277023114,99926,1434,737,53,17,16143,7654,0.23814622820887457,803,376,23911,21328,10719,5149,13078,22391,35754,22369,0,0,31451,9632,9470,611,455,10,0,0,0,0,48032,104,161,0,0,0,0,0
569,2943,570.1236905450705,99926,1416,732,53,17,16253,7706,0.23976742789664351,785,384,23821,21268,10793,5183,13130,22414,35848,22467,0,0,31225,9656,9579,620,471,10,0,0,0,0,48100,103,162,0,0,0,0,0
570,2943,571.3331280385643,99924,1467,723,55,17,16514,7823,0.24355510187742685,735,377,23724,21242,10905,5269,13112,22370,35941,22564,0,0,30920,9754,9750,634,489,10,0,0,0,0,48102,103,162,0,0,0,0,0
571,2943,572.5481925780932,99923,1423,730,56,17,16740,7955,0.2471402980294827,738,369,23611,21216,11080,5363,13090,22303,36033,22661,0,0,30596,9860,9938,660,512,10,0,0,0,0,48082,103,162,0,0,0,0,0
572,2943,573.1573648484839,99923,1407,701,56,17,16846,7991,0.2485613922720495,740,389,23519,21170,11148,5394,13128,22327,36124,22757,0,0,30369,9887,10047,674,524,10,0,0,0,0,48148,102,162,0,0,0,0,0
573,2943,574.3832038900435,99922,1397,712,56,18,17079,8111,0.25209663537559296,711,390,23442,21138,11291,5457,13101,22283,36214,22853,0,0,30055,9999,10215,691,540,12,0,0,0,0,48146,101,163,0,0,0,0,0
574,2943,575.6140053482972,99921,1345,733,57,18,17277,8241,0.25538175158375115,712,392,23350,21127,11443,5525,13091,22203,36303,22948,0,0,29740,10105,10370,716,562,13,0,0,0,0,48151,100,164,0,0,0,0,0
575,2943,576.2306116467486,99921,1352,728,57,18,17386,8304,0.25710311145805187,695,380,23278,21080,11480,5562,13136,22230,36391,23043,0,0,29529,10130,10487,720,572,13,0,0,0,0,48206,99,165,0,0,0,0,0
576,2943,577.4708909995112,99920,1334,730,57,19,17603,8422,0.2604583666933547,675,372,23221,21089,11608,5620,13103,22168,36478,23137,0,0,29253,10203,10669,743,595,14,0,0,0,0,48179,98,166,0,0,0,0,0
577,2943,578.0919920475312,99919,1325,734,58,19,17708,8491,0.2622023839309841,670,350,23156,21039,11651,5654,13138,22202,36565,23231,0,0,29052,10218,10794,749,608,14,0,0,0,0,48220,97,167,0,0,0,0,0
578,2943,579.3397825849055,99919,1275,704,58,19,17899,8590,0.2651047348352165,696,371,23079,21014,11776,5746,13114,22144,36651,23324,0,0,28781,10289,11011,767,630,14,0,0,0,0,48164,97,166,0,0,0,0,0
579,2943,580.5920985705114,99919,1259,707,58,19,18115,8705,0.26841741810866804,678,367,22989,21009,11910,5801,13104,22095,36736,23417,0,0,28512,10356,11195,789,653,15,0,0,0,0,48138,97,164,0,0,0,0,0
580,2943,581.2197883125721,99919,1243,685,58,19,18208,8754,0.2698385692410853,685,356,22904,20976,11957,5851,13151,22111,36820,23509,0,0,28305,10375,11310,801,661,17,0,0,0,0,48189,97,164,0,0,0,0,0
581,2943,582.4820355983115,99919,1255,685,58,19,18443,8866,0.2733113822195979,663,328,22824,20980,12063,5923,13135,22063,36903,23601,0,0,28036,10450,11486,820,684,17,0,0,0,0,48165,97,164,0,0,0,0,0
582,2943,583.1147276276588,99919,1262,690,58,19,18559,8935,0.27516288193436683,657,305,22747,20950,12102,5959,13172,22075,36985,23692,0,0,27834,10472,11593,828,698,17,0,0,0,0,48216,96,165,0,0,0,0,0
583,2943,584.3864078849389,99918,1194,677,58,20,18733,9049,0.2780479993594748,662,285,22653,20932,12259,6041,13172,22043,37066,23782,0,0,27561,10558,11792,843,724,17,0,0,0,0,48162,96,165,0,0,0,0,0
584,2943,585.0240123115336,99917,1197,656,59,20,18831,9095,0.2794919783420239,648,287,22589,20911,12291,6078,13214,22046,37147,23872,0,0,27380,10561,11917,849,734,17,0,0,0,0,48198,96,165,0,0,0,0,0
585,2943,586.3062688991755,99917,1207,614,59,20,19044,9184,0.2825144870242301,629,281,22533,20912,12374,6157,13196,22014,37227,23961,0,0,27147,10606,12111,865,764,17,0,0,0,0,48147,95,165,0,0,0,0,0
586,2943,587.5923164771231,99916,1193,612,59,21,19242,9285,0.28550982825573484,620,279,22469,20930,12487,6209,13170,21947,37306,24050,0,0,26902,10662,12279,883,787,19,0,0,0,0,48124,95,165,0,0,0,0,0
587,2943,588.2364187213838,99916,1194,600,59,21,19348,9322,0.2869410304655911,602,284,22417,20898,12517,6232,13209,21963,37384,24138,0,0,26721,10674,12382,887,802,20,0,0,0,0,48171,95,164,0,0,0,0,0
588,2943,589.5299396276511,99916,1197,581,59,21,19553,9418,0.28995356099123265,575,275,22353,20892,12615,6306,13199,21923,37461,24226,0,0,26487,10722,12540,907,834,22,0,0,0,0,48145,95,164,0,0,0,0,0
589,2943,590.1781086588514,99915,1168,581,60,21,19641,9470,0.291357654005905,573,268,22308,20870,12662,6328,13227,21930,37538,24313,0,0,26302,10732,12658,917,844,22,0,0,0,0,48181,95,164,0,0,0,0,0
590,2943,591.4790567286852,99914,1107,556,60,22,19808,9556,0.2938927477630762,575,271,22277,20886,12778,6398,13201,21865,37614,24400,0,0,26047,10801,12811,936,878,24,0,0,0,0,48158,95,164,0,0,0,0,0
591,2943,592.1299874786433,99913,1099,530,61,22,19910,9589,0.29524686477235196,554,282,22234,20858,12812,6432,13238,21874,37689,24486,0,0,25857,10821,12916,944,889,26,0,0,0,0,48202,95,163,0,0,0,0,0
592,2943,593.4368767967361,99911,1087,517,63,22,20098,9677,0.2980152335578665,552,278,22183,20900,12903,6481,13210,21800,37763,24572,0,0,25637,10851,13075,973,910,29,0,0,0,0,48178,95,163,0,0,0,0,0
593,2943,594.0912530161326,99911,1089,511,63,22,20190,9719,0.299356427220226,541,290,22128,20876,12930,6494,13247,21805,37837,24657,0,0,25483,10830,13183,989,915,32,0,0,0,0,48221,95,163,0,0,0,0,0
594,2943,595.4046492410208,99910,1049,514,64,22,20356,9807,0.30190171154038636,545,281,22117,20884,13010,6540,13213,21757,37910,24742,0,0,25260,10873,13331,1009,941,34,0,0,0,0,48206,95,161,0,0,0,0,0
595,2943,596.0614336684697,99910,1049,506,64,22,20441,9846,0.30314282854569113,543,290,22084,20876,13019,6550,13239,21754,37982,24826,0,0,25109,10860,13434,1017,954,34,0,0,0,0,48246,95,161,0,0,0,0,0
596,2943,597.3787267644544,99910,1024,512,64,22,20603,9954,0.3058452607346612,521,257,22044,20905,13109,6610,13236,21692,38054,24910,0,0,24905,10881,13594,1041,982,34,0,0,0,0,48217,94,162,0,0,0,0,0
597,2943,598.0378670935967,99910,1027,495,64,22,20698,9996,0.30721649484536084,496,257,22010,20911,13131,6628,13270,21685,38125,24993,0,0,24752,10868,13714,1054,990,35,0,0,0,0,48242,93,162,0,0,0,0,0
598,2943,599.3606229026777,99910,997,485,64,22,20865,10085,0.30977880092082877,478,250,21979,20926,13220,6684,13260,21631,38195,25076,0,0,24550,10892,13868,1077,1025,35,0,0,0,0,48208,93,162,0,0,0,0,0
599,2943,600.0224730827904,99910,971,477,64,22,20932,10125,0.3108497647883095,486,248,21943,20914,13242,6695,13292,21642,38264,25158,0,0,24387,10894,13966,1087,1034,36,0,0,0,0,48251,93,162,0,0,0,0,0
600,2943,601.3504227188602,99909,943,459,65,22,21082,10206,0.31316498013192007,476,258,21923,20933,13300,6752,13291,21574,38333,25240,0,0,24182,10925,14117,1108,1058,37,0,0,0,0,48227,93,162,0,0,0,0,0
601,2943,602.0148712580926,99909,928,451,65,22,21157,10256,0.31441611866798785,467,230,21886,20921,13316,6786,13336,21588,38401,25321,0,0,24033,10913,14222,1120,1070,39,0,0,0,0,48257,92,163,0,0,0,0,0
602,2943,603.3473472327646,99908,888,444,66,22,21306,10334,0.31669135604756377,451,223,21870,20969,13394,6824,13329,21516,38468,25402,0,0,23837,10947,14374,1132,1095,43,0,0,0,0,48227,92,161,0,0,0,0,0
603,2943,604.0136596314899,99908,878,441,66,22,21385,10376,0.31790247027265084,450,212,21846,20957,13413,6848,13345,21518,38535,25482,0,0,23692,10937,14470,1139,1110,44,0,0,0,0,48263,92,161,0,0,0,0,0
604,2943,605.3503041730261,99907,850,435,67,22,21525,10446,0.32000760707457937,447,220,21871,20995,13456,6866,13307,21460,38601,25562,0,0,23514,10966,14623,1141,1137,45,0,0,0,0,48229,92,160,0,0,0,0,0
605,2943,606.0179336980539,99906,829,437,68,22,21590,10489,0.3210918263167377,439,221,21842,20989,13483,6865,13337,21464,38666,25641,0,0,23364,10967,14709,1147,1149,46,0,0,0,0,48273,90,161,0,0,0,0,0
606,2943,607.3554409767145,99906,831,412,68,22,21737,10550,0.323173783356355,419,212,21849,21030,13511,6907,13320,21415,38731,25720,0,0,23191,10979,14851,1162,1165,50,0,0,0,0,48257,90,161,0,0,0,0,0
607,2943,608.0242085567533,99904,812,411,69,23,21814,10586,0.3243113388853299,403,213,21822,21021,13537,6915,13355,21415,38795,25798,0,0,23050,10975,14941,1167,1179,53,0,0,0,0,48289,89,161,0,0,0,0,0
608,2943,609.3639341286103,99904,788,398,69,23,21940,10648,0.3261931454196028,375,200,21832,21097,13584,6930,13350,21350,38858,25876,0,0,22877,10989,15067,1183,1200,56,0,0,0,0,48282,89,161,0,0,0,0,0
609,2943,610.0334091648307,99903,787,401,70,23,22018,10684,0.3273375173918701,368,196,21820,21093,13581,6932,13372,21353,38921,25953,0,0,22753,10976,15155,1182,1219,56,0,0,0,0,48312,87,163,0,0,0,0,0
610,2943,611.3749371233047,99902,750,390,70,24,22131,10745,0.3290825008508338,360,194,21830,21141,13622,6954,13366,21295,38983,26030,0,0,22582,10999,15291,1193,1238,57,0,0,0,0,48293,86,163,0,0,0,0,0
611,2943,612.0451152904099,99902,754,394,70,24,22196,10780,0.33008348181217595,343,186,21815,21136,13623,6953,13393,21305,39045,26107,0,0,22461,10970,15369,1203,1249,57,0,0,0,0,48344,86,163,0,0,0,0,0
612,2943,613.3877630140543,99902,750,373,70,24,22326,10839,0.33197533582911254,319,183,21851,21166,13641,6992,13367,21260,39106,26183,0,0,22296,10984,15483,1216,1277,58,0,0,0,0,48340,85,163,0,0,0,0,0
613,2943,614.0581648487973,99902,736,373,70,24,22385,10867,0.33284618926548015,319,185,21817,21159,13650,6995,13406,21262,39166,26259,0,0,22167,10972,15555,1220,1293,58,0,0,0,0,48389,85,163,0,0,0,0,0
614,2943,615.4008731823734,99902,701,366,70,24,22498,10925,0.3345578667093752,307,175,21831,21229,13689,7007,13400,21197,39226,26334,0,0,22002,10990,15687,1231,1313,58,0,0,0,0,48373,85,163,0,0,0,0,0
615,2943,616.0718895024029,99901,680,357,71,24,22540,10959,0.33532196874906156,305,158,21815,21241,13690,7022,13437,21196,39285,26409,0,0,21876,10983,15764,1229,1332,58,0,0,0,0,48411,85,163,0,0,0,0,0
616,2943,617.416442142465,99900,670,347,71,25,22650,11013,0.336966966966967,291,164,21858,21296,13696,7027,13412,21139,39344,26483,0,0,21752,10957,15895,1242,1357,58,0,0,0,0,48392,85,162,0,0,0,0,0
617,2943,618.087681009289,99900,673,341,71,25,22707,11042,0.33782782782782783,288,159,21823,21294,13687,7030,13456,21149,39402,26557,0,0,21632,10943,15964,1244,1369,60,0,0,0,0,48441,85,162,0,0,0,0,0
618,2943,619.4318187606244,99900,633,337,71,25,22796,11107,0.33936936936936934,305,142,21816,21353,13713,7056,13460,21085,39459,26630,0,0,21475,10954,16083,1260,1385,61,0,0,0,0,48436,83,163,0,0,0,0,0
619,2943,620.1041623896882,99900,623,345,71,25,22846,11139,0.3401901901901902,295,134,21820,21354,13700,7055,13489,21085,39516,26703,0,0,21357,10942,16152,1259,1396,63,0,0,0,0,48485,83,163,0,0,0,0,0
620,2943,621.45037523975,99899,609,317,72,25,22954,11182,0.3417051221733951,280,140,21847,21406,13725,7078,13465,21032,39572,26775,0,0,21201,10966,16246,1260,1431,63,0,0,0,0,48486,83,163,0,0,0,0,0
621,2943,622.1219733102511,99899,600,312,72,25,23002,11208,0.34244587032903234,280,142,21838,21409,13711,7077,13497,21033,39628,26847,0,0,21098,10939,16328,1263,1442,65,0,0,0,0,48518,83,163,0,0,0,0,0
622,2943,623.4674762541495,99899,566,309,72,25,23099,11262,0.34395739697094063,274,126,21848,21461,13747,7084,13491,20993,39683,26918,0,0,20962,10935,16447,1277,1460,68,0,0,0,0,48504,83,163,0,0,0,0,0
623,2943,624.1397474444304,99899,569,313,72,25,23156,11293,0.34483828666953625,268,116,21820,21457,13742,7094,13527,20993,39738,26989,0,0,20850,10916,16511,1282,1473,68,0,0,0,0,48553,83,163,0,0,0,0,0
624,2943,625.4866133566081,99899,548,309,72,25,23247,11336,0.34617964143785224,256,121,21835,21501,13769,7094,13518,20948,39792,27060,0,0,20710,10919,16620,1295,1481,70,0,0,0,0,48560,81,163,0,0,0,0,0
625,2943,626.1597396404106,99899,537,292,72,25,23285,11350,0.34670016716884056,251,120,21864,21521,13743,7100,13531,20940,39846,27130,0,0,20614,10884,16687,1301,1498,70,0,0,0,0,48601,80,164,0,0,0,0,0
626,2943,627.5063528512547,99899,511,281,72,25,23354,11391,0.347801279292085,266,111,21886,21589,13750,7110,13513,20882,39899,27200,0,0,20490,10872,16786,1313,1512,72,0,0,0,0,48610,79,165,0,0,0,0,0
627,2943,628.1784655647137,99899,494,277,72,25,23389,11408,0.3483218050230733,263,113,21874,21586,13752,7112,13543,20885,39952,27269,0,0,20383,10847,16843,1322,1523,72,0,0,0,0,48665,79,165,0,0,0,0,0
628,2943,629.5238766066637,99899,489,250,72,25,23465,11441,0.34941290703610645,247,120,21921,21628,13737,7132,13532,20843,40004,27338,0,0,20261,10847,16934,1324,1546,72,0,0,0,0,48671,78,166,0,0,0,0,0
629,2943,630.1953858362504,99899,482,254,72,25,23505,11458,0.3499834833181513,282,168,21890,21604,13714,7119,13558,20828,40056,27406,0,0,20171,10804,16966,1322,1559,72,15,0,0,34,48712,78,166,0,0,0,0,0
630,2943,631.3320002234103,99899,482,270,72,25,23575,11509,0.35119470665372027,327,178,21865,21643,13703,7107,13549,20775,40107,27474,0,0,20063,10747,17004,1331,1569,72,51,0,0,83,48735,78,166,0,0,0,0,0
631,2943,632.4688578598897,99899,493,289,72,25,23674,11572,0.352816344507953,346,177,21876,21656,13686,7110,13525,20741,40158,27541,0,0,19951,10691,17033,1338,1589,72,91,0,0,145,48745,78,166,0,0,0,0,0
632,2943,633.036892635383,99899,496,288,72,25,23722,11594,0.353517052222745,348,182,21867,21668,13658,7105,13557,20730,40208,27608,0,0,19865,10643,17068,1336,1604,72,109,0,0,181,48777,78,166,0,0,0,0,0
633,2943,634.1736680901209,99899,527,289,72,25,23827,11647,0.35509864963613247,364,177,21862,21721,13632,7108,13541,20678,40258,27675,0,0,19772,10580,17102,1350,1619,72,134,0,0,252,48774,77,167,0,0,0,0,0
634,2943,635.3100740486501,99899,544,302,72,25,23936,11703,0.3567503178209992,371,165,21878,21782,13613,7107,13520,20617,40307,27741,0,0,19669,10526,17129,1357,1639,72,169,0,0,325,48769,77,167,0,0,0,0,0
635,2943,636.4453916985409,99899,577,309,72,25,24050,11749,0.35835193545480937,376,176,21870,21832,13592,7104,13511,20552,40356,27807,0,0,19570,10474,17141,1365,1670,73,196,0,0,376,48790,77,167,0,0,0,0,0
636,2943,637.012405780318,99899,585,302,72,25,24110,11769,0.35915274427171445,385,190,21846,21818,13581,7113,13529,20550,40404,27872,0,0,19474,10436,17158,1367,1688,74,213,0,0,414,48831,77,167,0,0,0,0,0
637,2943,638.1481981427178,99899,603,315,72,25,24234,11829,0.3609946045505961,386,192,21832,21848,13599,7123,13506,20495,40452,27937,0,0,19357,10386,17170,1374,1716,77,258,0,0,477,48840,75,169,0,0,0,0,0
638,2943,639.2841971121832,99899,602,325,72,25,24332,11883,0.36251614130271576,435,199,21827,21874,13586,7129,13476,20446,40499,28001,0,0,19252,10336,17181,1383,1745,78,290,0,0,545,48845,75,169,0,0,0,0,0
639,2943,640.4201431907363,99899,635,314,72,25,24460,11931,0.3642779206999069,434,227,21823,21900,13576,7150,13458,20382,40546,28065,0,0,19127,10295,17182,1393,1772,81,334,0,0,611,48860,75,169,0,0,0,0,0
640,2943,641.5555163566737,99899,666,327,72,25,24584,11997,0.36617984164005646,447,235,21817,21929,13567,7153,13429,20329,40592,28129,0,0,19014,10246,17196,1402,1798,82,374,0,0,676,48867,75,169,0,0,0,0,0
641,2943,642.1227433193602,99899,672,326,72,25,24640,12024,0.36701068078759547,450,237,21804,21938,13552,7154,13448,20318,40638,28192,0,0,18922,10199,17220,1407,1815,83,399,0,0,704,48906,74,170,0,0,0,0,0
642,2943,643.2585732475005,99898,704,321,72,26,24773,12081,0.3689162946205129,437,266,21786,21960,13569,7169,13430,20256,40684,28255,0,0,18803,10152,17231,1414,1843,84,444,0,0,779,48904,74,170,0,0,0,0,0
643,2943,644.3943656977141,99898,698,339,72,26,24895,12159,0.3709183367034375,453,266,21784,22002,13591,7180,13400,20185,40729,28317,0,0,18685,10096,17236,1430,1873,89,497,0,0,860,48888,74,170,0,0,0,0,0
644,2943,645.5301497302775,99898,682,365,72,26,25014,12242,0.37294039920719135,464,250,21802,22039,13615,7195,13363,20123,40774,28379,0,0,18563,10037,17246,1450,1902,92,550,0,0,940,48875,73,170,0,0,0,0,0
645,2943,646.0978611422144,99898,700,370,72,26,25093,12278,0.374091573404873,467,253,21782,22038,13615,7205,13362,20106,40818,28441,0,0,18464,10000,17255,1458,1922,92,572,0,0,982,48910,73,170,0,0,0,0,0
646,2943,647.2337746873906,99898,733,371,72,26,25241,12352,0.37631384011691926,454,245,21773,22065,13636,7239,13330,20052,40862,28502,0,0,18344,9951,17263,1472,1951,92,622,0,0,1074,48886,72,171,0,0,0,0,0
647,2943,648.3696857609541,99898,718,372,72,26,25361,12426,0.3782558209373561,484,236,21762,22088,13650,7269,13312,20007,40905,28563,0,0,18234,9888,17271,1490,1989,93,668,0,0,1172,48851,72,170,0,0,0,0,0
648,2943,649.5062241002397,99898,735,376,72,26,25499,12488,0.3802578630202807,476,255,21737,22091,13679,7292,13299,19958,40948,28623,0,0,18128,9835,17268,1509,2027,96,704,0,0,1249,48842,72,168,0,0,0,0,0
649,2943,650.0741405887056,99898,732,379,72,26,25563,12518,0.38119882279925527,484,261,21710,22097,13683,7296,13317,19939,40991,28683,0,0,18041,9786,17287,1523,2043,96,721,0,0,1294,48867,72,168,0,0,0,0,0
650,2943,651.212790619472,99898,766,393,72,26,25710,12600,0.3834911609842039,480,273,21725,22117,13669,7317,13286,19872,41033,28743,0,0,17942,9732,17303,1531,2071,98,762,0,0,1391,48828,72,168,0,0,0,0,0
651,2943,652.3509205912256,99898,784,407,72,26,25845,12685,0.38569340727542095,490,267,21712,22156,13679,7339,13261,19803,41075,28802,0,0,17852,9670,17309,1556,2101,100,787,0,0,1493,48790,72,168,0,0,0,0,0
652,2943,653.4885114193884,99897,791,430,73,26,25985,12765,0.38789953652261827,504,292,21690,22142,13709,7355,13231,19753,41116,28861,0,0,17753,9612,17317,1575,2136,101,824,0,0,1582,48757,72,168,0,0,0,0,0
653,2943,654.0573300722198,99897,801,434,73,26,26057,12805,0.3890206913120514,511,294,21659,22146,13707,7362,13247,19736,41157,28920,0,0,17670,9578,17326,1582,2158,101,836,0,0,1635,48771,71,169,0,0,0,0,0
654,2943,655.1967928142259,99897,812,441,73,26,26203,12891,0.39134308337587714,530,312,21655,22167,13719,7394,13209,19658,41198,28978,0,0,17563,9514,17338,1602,2193,101,886,0,0,1739,48721,71,169,0,0,0,0,0
655,2943,656.336137960426,99896,799,454,74,26,26327,12975,0.3934291663329863,566,300,21659,22194,13726,7428,13174,19596,41238,29036,0,0,17452,9469,17334,1617,2223,106,929,0,0,1847,48679,71,169,0,0,0,0,0
656,2943,657.4750523125854,99895,846,477,74,27,26499,13074,0.39614595325091345,560,296,21649,22200,13742,7460,13127,19538,41278,29093,0,0,17344,9424,17335,1625,2257,111,976,0,0,1945,48640,70,168,0,0,0,0,0
657,2943,658.0441804774276,99894,858,453,74,28,26574,13105,0.3972110437063287,578,307,21620,22191,13730,7495,13138,19524,41318,29150,0,0,17255,9382,17344,1636,2277,113,998,0,0,2004,48647,70,168,0,0,0,0,0
658,2943,659.1839490191858,99894,904,461,74,28,26753,13187,0.3998238132420366,560,303,21610,22205,13754,7531,13096,19470,41357,29207,0,0,17154,9329,17340,1653,2315,115,1035,0,0,2110,48605,69,169,0,0,0,0,0
659,2943,660.3238184687963,99894,904,482,74,28,26895,13277,0.40214627505155465,593,300,21596,22240,13780,7556,13051,19392,41396,29263,0,0,17049,9264,17342,1684,2345,122,1079,0,0,2198,48574,69,168,0,0,0,0,0
660,2943,661.464131611375,99893,921,482,75,28,27056,13363,0.4046229465528115,618,298,21588,22266,13790,7596,13006,19328,41434,29319,0,0,16941,9214,17337,1704,2381,127,1122,0,0,2311,48519,69,168,0,0,0,0,0
661,2943,662.0339402782927,99892,970,491,76,28,27158,13413,0.4061486405317743,600,287,21559,22271,13771,7607,13022,19314,41472,29375,0,0,16865,9174,17351,1710,2402,127,1138,0,0,2359,48529,69,168,0,0,0,0,0
662,2943,663.1750710562085,99892,991,468,76,28,27334,13488,0.40866135426260364,611,315,21555,22289,13804,7663,12961,19235,41510,29430,0,0,16751,9120,17337,1732,2441,136,1189,0,0,2477,48472,68,169,0,0,0,0,0
663,2943,664.315962343544,99892,999,482,76,28,27501,13576,0.41121411124013935,622,323,21532,22330,13844,7684,12925,19151,41547,29485,0,0,16651,9064,17335,1751,2475,145,1228,0,0,2590,48416,68,169,0,0,0,0,0
664,2943,665.4575946415583,99892,1029,501,76,28,27693,13675,0.4141272574380331,617,310,21525,22346,13880,7732,12871,19081,41584,29539,0,0,16542,9010,17329,1768,2518,148,1279,0,0,2709,48353,68,168,0,0,0,0,0
665,2943,666.0285753356238,99892,1022,522,76,28,27777,13731,0.4155287710727586,638,303,21492,22341,13896,7739,12874,19065,41621,29593,0,0,16469,8954,17349,1780,2544,150,1302,0,0,2763,48345,68,168,0,0,0,0,0
666,2943,667.1715925699551,99892,1063,511,76,28,27964,13808,0.4181716253553838,662,325,21435,22365,13936,7771,12826,18998,41657,29647,0,0,16367,8891,17342,1809,2587,153,1345,0,0,2870,48294,68,166,0,0,0,0,0
667,2943,668.3165082641635,99892,1087,529,76,28,28141,13906,0.42092459856645176,672,336,21417,22398,13957,7801,12789,18906,41693,29700,0,0,16266,8839,17337,1834,2622,158,1383,0,0,2986,48233,68,166,0,0,0,0,0
668,2943,669.4623120010341,99892,1129,548,76,28,28331,14009,0.42385776638769873,704,341,21370,22438,13986,7839,12733,18804,41729,29753,0,0,16157,8790,17328,1853,2658,164,1430,0,0,3098,48181,67,166,0,0,0,0,0
669,2943,670.0352638061127,99892,1130,574,76,28,28438,14070,0.4255395827493693,693,329,21342,22446,14015,7837,12742,18784,41764,29806,0,0,16072,8746,17331,1865,2691,167,1458,0,0,3152,48177,67,166,0,0,0,0,0
670,2943,671.1836503084851,99891,1164,564,77,28,28642,14162,0.4285070727092531,700,347,21311,22466,14054,7899,12692,18694,41799,29858,0,0,15967,8696,17316,1879,2743,171,1509,0,0,3290,48088,67,165,0,0,0,0,0
671,2943,672.3330186012757,99890,1156,565,78,28,28848,14257,0.43152467714485937,706,361,21271,22502,14144,7930,12643,18612,41834,29910,0,0,15853,8638,17298,1893,2808,174,1566,0,0,3435,47993,67,165,0,0,0,0,0
672,2943,673.4843983526945,99890,1158,591,78,28,29063,14363,0.43473821203323654,740,367,21224,22539,14211,7958,12587,18515,41868,29962,0,0,15744,8568,17282,1921,2871,178,1626,0,0,3555,47913,67,165,0,0,0,0,0
673,2943,674.0606856931877,99890,1157,609,78,28,29163,14435,0.4364601061167284,748,354,21180,22516,14239,7981,12596,18510,41902,30013,0,0,15660,8525,17287,1929,2901,182,1656,0,0,3626,47892,67,165,0,0,0,0,0
674,2943,675.2160124163426,99890,1180,603,78,28,29386,14542,0.43976374011412556,745,347,21140,22550,14311,8045,12544,18425,41936,30064,0,0,15543,8464,17261,1955,2962,187,1717,0,0,3770,47799,67,165,0,0,0,0,0
675,2943,676.3736863740969,99890,1192,615,78,28,29582,14653,0.4428371208329162,785,360,21084,22586,14355,8077,12504,18332,41970,30115,0,0,15424,8404,17260,1986,2994,192,1778,0,0,3910,47710,67,165,0,0,0,0,0
676,2943,677.5332777783298,99889,1222,601,79,28,29815,14754,0.4461852656448658,797,381,21023,22600,14432,8147,12445,18241,42003,30165,0,0,15311,8334,17230,2032,3050,200,1830,0,0,4046,47624,67,165,0,0,0,0,0
677,2943,678.1141496262272,99889,1249,596,79,28,29939,14802,0.44790717696643273,775,380,20989,22610,14467,8160,12439,18224,42036,30215,0,0,15238,8290,17230,2051,3079,202,1846,0,0,4123,47598,67,165,0,0,0,0,0
678,2943,679.2785403602081,99889,1279,586,79,28,30177,14886,0.4511307551382034,789,404,20935,22645,14540,8198,12376,18137,42069,30265,0,0,15129,8238,17203,2081,3131,211,1891,0,0,4264,47509,66,166,0,0,0,0,0
679,2943,680.4452167643229,99888,1308,630,80,28,30403,15021,0.4547493192375461,784,395,20918,22649,14573,8249,12335,18047,42101,30314,0,0,15030,8180,17176,2111,3201,212,1929,0,0,4388,47429,66,166,0,0,0,0,0
680,2943,681.0286988334036,99888,1337,610,80,28,30538,15075,0.45664143841102034,781,413,20880,22626,14592,8291,12328,18030,42133,30363,0,0,14954,8125,17192,2124,3233,213,1964,0,0,4476,47375,66,166,0,0,0,0,0
681,2943,682.197587309541,99888,1351,604,80,28,30781,15182,0.4601453628063431,793,416,20830,22678,14684,8338,12260,17934,42165,30412,0,0,14843,8063,17168,2147,3298,220,2025,0,0,4636,47256,65,167,0,0,0,0,0
682,2943,683.369071850868,99887,1369,587,81,28,31010,15282,0.4634436913712495,790,446,20810,22699,14736,8388,12212,17850,42197,30460,0,0,14737,8018,17134,2165,3372,225,2071,0,0,4792,47142,65,166,0,0,0,0,0
683,2943,684.5416175914957,99887,1364,596,81,28,31255,15404,0.46711784316277394,787,433,20785,22718,14830,8451,12151,17772,42228,30508,0,0,14610,7957,17098,2196,3443,232,2142,0,0,4948,47031,63,167,0,0,0,0,0
684,2943,685.1280084124897,99886,1389,617,82,28,31390,15471,0.4691448251006147,783,417,20745,22703,14849,8473,12150,17760,42259,30556,0,0,14534,7919,17093,2204,3472,242,2166,0,0,5013,47013,63,167,0,0,0,0,0
685,2943,686.3036092237132,99884,1392,643,83,29,31622,15602,0.47278843458411757,798,413,20713,22714,14931,8527,12081,17672,42290,30604,0,0,14419,7867,17068,2231,3525,256,2222,0,0,5162,46905,63,166,0,0,0,0,0
686,2943,687.4810406296349,99884,1421,622,83,29,31872,15711,0.4763826038204317,810,420,20670,22749,15004,8591,12010,17587,42320,30651,0,0,14303,7817,17043,2255,3588,264,2283,0,0,5323,46779,62,167,0,0,0,0,0
687,2943,688.0697862343536,99884,1428,642,83,29,32004,15781,0.4784049497417004,821,402,20636,22755,15035,8610,11995,17560,42350,30698,0,0,14225,7772,17038,2274,3627,266,2306,0,0,5400,46748,62,166,0,0,0,0,0
688,2943,689.2505739460546,99884,1414,650,83,29,32217,15895,0.48167874734692245,842,406,20609,22771,15115,8657,11935,17485,42380,30745,0,0,14112,7717,17017,2298,3689,279,2366,0,0,5530,46648,61,167,0,0,0,0,0
689,2943,690.433032526142,99883,1421,659,84,29,32466,16007,0.48529779842415627,870,435,20548,22793,15201,8707,11874,17375,42410,30791,0,0,14000,7671,16981,2323,3748,287,2421,0,0,5703,46521,61,167,0,0,0,0,0
690,2943,691.0249684148323,99883,1423,676,84,29,32596,16070,0.487230059169228,867,439,20515,22816,15247,8723,11862,17315,42439,30837,0,0,13912,7633,16968,2342,3783,294,2448,0,0,5767,46508,61,167,0,0,0,0,0
691,2943,692.2116660554782,99882,1439,681,85,29,32849,16190,0.49096934382571433,858,448,20469,22835,15335,8781,11812,17224,42468,30883,0,0,13805,7580,16937,2365,3849,305,2501,0,0,5928,46384,61,167,0,0,0,0,0
692,2943,693.4004486031309,99881,1457,688,86,29,33093,16309,0.4946085842152161,884,483,20429,22828,15398,8833,11744,17137,42497,30928,0,0,13712,7520,16913,2388,3920,311,2550,0,0,6088,46253,61,165,0,0,0,0,0
693,2943,694.5912416308956,99881,1470,695,86,29,33341,16434,0.49834302820356224,894,476,20394,22862,15492,8879,11662,17057,42526,30973,0,0,13597,7475,16880,2416,3987,317,2604,0,0,6253,46126,61,165,0,0,0,0,0
694,2943,695.1869250185539,99881,1510,716,86,29,33487,16513,0.5005957088935834,874,465,20356,22857,15507,8903,11665,17028,42554,31018,0,0,13522,7428,16877,2433,4025,320,2633,0,0,6316,46102,60,165,0,0,0,0,0
695,2943,696.3810606757414,99881,1524,717,86,29,33766,16639,0.5046505341356214,830,478,20317,22864,15622,8965,11619,16945,42582,31063,0,0,13413,7368,16838,2459,4113,329,2683,0,0,6482,45973,60,163,0,0,0,0,0
696,2943,697.5777423646024,99880,1483,721,87,29,34005,16779,0.5084501401682019,865,478,20261,22872,15745,9034,11557,16864,42610,31107,0,0,13297,7309,16782,2481,4216,339,2750,0,0,6651,45833,60,162,0,0,0,0,0
697,2943,698.1768976368793,99880,1481,738,87,29,34120,16850,0.5103123748498198,867,467,20232,22864,15786,9064,11545,16836,42638,31151,0,0,13225,7272,16774,2495,4248,345,2771,0,0,6734,45794,60,162,0,0,0,0,0
698,2943,699.3787572847702,99880,1483,786,87,29,34365,17012,0.5143872647176612,884,426,20191,22894,15875,9114,11478,16749,42665,31195,0,0,13118,7225,16733,2516,4330,357,2824,0,0,6876,45680,60,161,0,0,0,0,0
699,2943,700.5827769147523,99880,1517,766,87,29,34641,17132,0.5183520224269123,892,423,20147,22900,15939,9196,11416,16684,42692,31238,0,0,13020,7166,16689,2547,4406,371,2874,0,0,7050,45537,60,160,0,0,0,0,0
700,2943,701.1854111570351,99880,1501,739,87,29,34772,17177,0.5201141369643573,908,454,20091,22894,16011,9220,11400,16662,42719,31281,0,0,12960,7120,16678,2567,4456,374,2887,0,0,7161,45457,60,160,0,0,0,0,0
701,2943,702.3941023558235,99880,1493,724,87,29,35050,17317,0.5242991589907889,898,438,20056,22930,16138,9307,11326,16570,42746,31324,0,0,12845,7049,16632,2600,4549,387,2959,0,0,7345,45294,60,160,0,0,0,0,0
702,2943,703.6059226464487,99878,1521,741,89,29,35337,17448,0.5284947636116062,881,460,20022,22939,16224,9349,11261,16480,42772,31367,0,0,12736,6993,16584,2639,4627,403,3005,0,0,7480,45191,60,160,0,0,0,0,0
703,2943,704.2123800827706,99878,1529,759,89,29,35480,17524,0.5306874386751838,896,451,19966,22922,16273,9373,11245,16464,42798,31409,0,0,12671,6959,16575,2652,4678,406,3017,0,0,7561,45139,60,160,0,0,0,0,0
704,2943,705.4284317060798,99878,1583,760,89,29,35795,17664,0.535242996455676,840,463,19930,22922,16392,9448,11164,16376,42824,31451,0,0,12572,6905,16531,2674,4762,420,3071,0,0,7741,44983,59,160,0,0,0,0,0
705,2943,706.037155718425,99877,1580,777,90,29,35930,17740,0.5373609539733872,827,456,19905,22913,16450,9472,11146,16351,42850,31493,0,0,12497,6872,16519,2683,4804,426,3098,0,0,7832,44928,59,159,0,0,0,0,0
706,2943,707.2576166021681,99877,1567,788,90,29,36192,17887,0.5414559908687686,853,456,19827,22924,16561,9542,11100,16259,42876,31534,0,0,12392,6807,16480,2727,4882,442,3147,0,0,7995,44789,58,158,0,0,0,0,0
707,2943,708.4820738416536,99877,1561,817,90,29,36440,18038,0.5454509046126735,876,447,19772,22949,16653,9591,11046,16165,42901,31575,0,0,12299,6754,16434,2755,4966,455,3190,0,0,8155,44653,58,158,0,0,0,0,0
708,2943,709.0948795544087,99877,1547,822,90,29,36571,18102,0.5474033060664617,885,455,19754,22952,16711,9614,11011,16126,42926,31616,0,0,12223,6716,16426,2772,5004,461,3220,0,0,8245,44594,58,158,0,0,0,0,0
709,2943,710.3243177797212,99876,1562,824,90,30,36851,18239,0.5515839641155033,866,480,19702,22960,16817,9675,10961,16029,42951,31657,0,0,12123,6658,16381,2806,5095,471,3267,0,0,8409,44451,57,158,0,0,0,0,0
710,2943,711.5562482113108,99874,1534,832,91,31,37109,18400,0.5557902957726736,897,451,19671,22980,16922,9766,10883,15938,42976,31697,0,0,12009,6606,16324,2823,5204,484,3334,0,0,8581,44295,56,158,0,0,0,0,0
711,2943,712.173410049032,99874,1526,833,91,31,37243,18473,0.5578629072631516,913,469,19645,22963,16959,9810,10864,15892,43000,31737,0,0,11940,6575,16308,2830,5253,493,3356,0,0,8674,44231,56,158,0,0,0,0,0
712,2943,713.4092496760729,99873,1565,835,92,31,37544,18619,0.5623441771049232,876,455,19605,22967,17061,9895,10799,15815,43024,31777,0,0,11845,6513,16271,2875,5333,509,3395,0,0,8832,44087,55,158,0,0,0,0,0
713,2943,714.0279494543755,99873,1557,844,92,31,37691,18691,0.5645369619416659,853,463,19567,22960,17136,9916,10793,15784,43048,31817,0,0,11768,6476,16254,2889,5378,519,3425,0,0,8918,44033,54,159,0,0,0,0,0
714,2943,715.2683608920819,99872,1555,836,93,31,37955,18849,0.568768023069529,860,457,19535,22978,17231,10006,10724,15690,43072,31856,0,0,11663,6430,16203,2909,5484,535,3485,0,0,9077,43874,53,159,0,0,0,0,0
715,2943,716.5116852616554,99872,1528,834,93,31,38219,18975,0.5726730214674783,862,482,19491,22990,17370,10054,10654,15607,43096,31895,0,0,11552,6379,16150,2938,5568,553,3542,0,0,9249,43729,53,159,0,0,0,0,0
716,2943,717.1339671420566,99872,1519,853,93,31,38356,19055,0.5748458026273631,840,475,19469,23010,17430,10065,10647,15564,43119,31934,0,0,11491,6337,16139,2945,5622,562,3566,0,0,9327,43673,52,158,0,0,0,0,0
717,2943,718.381693215413,99872,1532,851,93,31,38612,19208,0.5789410445370073,837,471,19439,23017,17506,10150,10591,15478,43142,31973,0,0,11400,6286,16099,2968,5710,575,3612,0,0,9498,43515,51,158,0,0,0,0,0
718,2943,719.0062276387285,99872,1502,838,93,31,38741,19262,0.5807733899391221,868,480,19383,23030,17572,10182,10580,15437,43165,32011,0,0,11334,6258,16084,2977,5748,590,3635,0,0,9604,43433,51,158,0,0,0,0,0
719,2943,720.2584807330804,99872,1516,849,93,31,39033,19405,0.5851289650752963,856,493,19346,23029,17660,10244,10527,15352,43188,32049,0,0,11228,6207,16032,3005,5838,609,3690,0,0,9758,43300,50,155,0,0,0,0,0
720,2943,721.5138841101126,99872,1513,855,93,31,39310,19546,0.5893143223325857,855,502,19316,23046,17768,10304,10453,15260,43211,32087,0,0,11135,6146,15978,3045,5940,622,3736,0,0,9911,43154,50,155,0,0,0,0,0
721,2943,722.1422736313416,99872,1517,847,93,31,39452,19627,0.5915471803909004,833,517,19294,23041,17815,10333,10446,15229,43234,32125,0,0,11074,6120,15956,3038,6002,633,3764,0,0,10011,43071,50,153,0,0,0,0,0
722,2943,723.4012768094329,99870,1500,840,95,31,39726,19771,0.5957444678081506,816,528,19259,23057,17937,10409,10391,15133,43256,32162,0,0,10974,6059,15905,3087,6095,649,3810,0,0,10177,42911,50,153,0,0,0,0,0
723,2943,724.031593155543,99870,1496,858,95,31,39859,19866,0.5980274356663663,823,505,19238,23048,17977,10452,10369,15104,43278,32199,0,0,10905,6033,15880,3100,6151,656,3830,0,0,10259,42853,50,153,0,0,0,0,0
724,2943,725.2948194613601,99868,1481,848,97,31,40112,20006,0.6019746064805543,827,521,19251,23070,18066,10518,10276,15010,43300,32236,0,0,10810,5982,15829,3119,6253,672,3883,0,0,10420,42698,50,152,0,0,0,0,0
725,2943,726.5580015735892,99868,1478,875,97,31,40366,20176,0.6062202106780951,811,471,19236,23098,18174,10588,10202,14935,43322,32273,0,0,10737,5941,15787,3129,6335,693,3914,0,0,10610,42520,50,152,0,0,0,0,0
726,2943,727.1896155061469,99868,1486,863,97,31,40501,20255,0.6083630392117595,802,460,19202,23106,18220,10634,10191,14904,43344,32309,0,0,10685,5911,15770,3132,6389,700,3926,0,0,10719,42434,50,152,0,0,0,0,0
727,2943,728.4553426229529,99868,1456,865,97,31,40766,20407,0.612538550887171,796,451,19184,23110,18330,10698,10135,14843,43365,32345,0,0,10583,5867,15711,3151,6496,715,3981,0,0,10899,42264,50,151,0,0,0,0,0
728,2943,729.08924005117,99868,1460,870,97,31,40891,20471,0.6144310489846597,789,446,19172,23114,18357,10714,10123,14823,43386,32381,0,0,10534,5842,15695,3148,6551,721,3992,0,0,10978,42206,50,151,0,0,0,0,0
729,2943,730.3583493831874,99868,1420,856,97,31,41135,20639,0.6185564945728361,815,418,19130,23135,18461,10825,10075,14733,43407,32417,0,0,10445,5779,15644,3191,6662,736,4031,0,0,11152,42028,50,150,0,0,0,0,0
730,2943,731.6299542716914,99868,1430,840,97,31,41401,20761,0.6224416229422838,782,426,19128,23169,18543,10885,10018,14647,43428,32453,0,0,10363,5730,15597,3211,6764,751,4071,0,0,11299,41882,50,150,0,0,0,0,0
731,2943,732.2660377003427,99868,1409,831,97,31,41525,20832,0.6243942003444547,762,425,19110,23162,18610,10932,10010,14617,43449,32488,0,0,10289,5706,15576,3222,6810,758,4098,0,0,11404,41806,50,149,0,0,0,0,0
732,2943,733.5403298518594,99868,1395,806,97,31,41778,20955,0.628159170104538,778,431,19091,23181,18682,11017,9955,14532,43470,32523,0,0,10211,5648,15528,3256,6900,777,4133,0,0,11575,41642,50,148,0,0,0,0,0
733,2943,734.1773179659615,99867,1395,783,98,31,41897,21024,0.6300479637918431,780,431,19074,23174,18705,11073,9946,14506,43490,32558,0,0,10163,5618,15508,3270,6950,785,4139,0,0,11679,41561,50,144,0,0,0,0,0
734,2943,735.4546005679499,99867,1381,774,98,31,42142,21152,0.6337829312986272,782,418,19059,23210,18791,11131,9887,14434,43510,32593,0,0,10077,5569,15462,3303,7045,802,4175,0,0,11817,41426,48,143,0,0,0,0,0
735,2943,736.093928605038,99867,1354,786,98,31,42252,21224,0.6356053551223126,796,402,19070,23230,18828,11142,9852,14407,43530,32627,0,0,10024,5548,15442,3309,7099,812,4183,0,0,11891,41368,48,143,0,0,0,0,0
736,2943,737.3729382740855,99867,1373,775,98,31,42513,21362,0.6396006688896232,729,400,19079,23235,18922,11223,9797,14334,43550,32661,0,0,9938,5508,15400,3332,7183,832,4222,0,0,12039,41222,48,143,0,0,0,0,0
737,2943,738.0114644077919,99867,1362,759,98,31,42632,21422,0.641393052760171,736,422,19064,23229,18955,11261,9783,14296,43570,32695,0,0,9884,5476,15385,3346,7226,845,4234,0,0,12119,41161,48,143,0,0,0,0,0
738,2943,739.2908799096851,99866,1348,776,99,31,42886,21558,0.6453047083091342,710,410,19047,23247,19068,11307,9726,14227,43590,32729,0,0,9796,5437,15339,3368,7315,858,4274,0,0,12279,41009,48,143,0,0,0,0,0
739,2943,740.5708758509735,99865,1317,773,100,31,43099,21681,0.6486757122114855,738,438,19031,23247,19144,11367,9668,14142,43609,32763,0,0,9714,5384,15295,3398,7407,875,4311,0,0,12398,40893,48,142,0,0,0,0,0
740,2943,741.2095447167267,99865,1299,783,100,31,43216,21757,0.6506083212336654,739,427,19021,23263,19180,11389,9659,14105,43628,32796,0,0,9669,5357,15271,3410,7455,891,4315,0,0,12474,40834,47,142,0,0,0,0,0
741,2943,742.4834695132399,99863,1287,772,101,32,43451,21887,0.6542763586112975,734,418,19033,23300,19244,11462,9599,14014,43647,32829,0,0,9597,5314,15227,3433,7550,912,4342,0,0,12607,40693,45,143,0,0,0,0,0
742,2943,743.1185058739437,99863,1283,773,101,32,43563,21947,0.6559987182439942,721,418,19029,23313,19280,11482,9584,13980,43666,32862,0,0,9544,5289,15212,3442,7589,924,4350,0,0,12672,40653,45,143,0,0,0,0,0
743,2943,744.3864205674088,99863,1275,774,101,32,43779,22086,0.6595535884161301,730,384,19016,23350,19345,11545,9531,13913,43685,32895,0,0,9473,5254,15173,3460,7669,939,4375,0,0,12831,40502,44,143,0,0,0,0,0
744,2943,745.0185853483608,99863,1304,751,101,32,43918,22140,0.6614862361435166,693,382,19003,23364,19375,11578,9522,13891,43704,32928,0,0,9429,5228,15152,3467,7728,948,4381,0,0,12893,40450,44,143,0,0,0,0,0
745,2943,746.2805367175113,99862,1297,730,102,32,44149,22249,0.6648975586309107,686,392,19015,23375,19449,11647,9449,13822,43723,32960,0,0,9353,5190,15114,3492,7802,971,4402,0,0,13028,40323,44,143,0,0,0,0,0
746,2943,747.5380023913499,99861,1267,712,103,32,44367,22368,0.6682789076816775,668,390,19044,23394,19523,11722,9393,13748,43741,32992,0,0,9282,5151,15068,3521,7899,988,4424,0,0,13161,40181,43,143,0,0,0,0,0
747,2943,748.1653690826395,99861,1280,726,103,32,44463,22440,0.6699612461321236,679,375,19038,23399,19517,11742,9381,13724,43759,33024,0,0,9239,5131,15055,3527,7935,997,4430,0,0,13216,40145,43,143,0,0,0,0,0
748,2943,749.418027802312,99861,1257,729,103,32,44701,22554,0.6734861457425821,652,386,19053,23435,19604,11788,9329,13628,43777,33056,0,0,9166,5092,15004,3548,8033,1016,4463,0,0,13341,40013,42,143,0,0,0,0,0
749,2943,750.0428653313711,99861,1247,724,103,32,44815,22624,0.6753287069025946,640,363,19048,23441,19630,11832,9330,13606,43795,33088,0,0,9121,5067,14987,3546,8084,1034,4481,0,0,13408,39948,42,143,0,0,0,0,0
750,2943,751.2900067198253,99861,1218,707,103,32,45023,22732,0.678493105416529,628,403,19067,23453,19706,11873,9276,13530,43813,33119,0,0,9059,5030,14934,3569,8185,1050,4502,0,0,13535,39813,41,143,0,0,0,0,0
751,2943,752.5330719960323,99861,1179,722,103,32,45219,22865,0.6817876848819859,619,389,19058,23488,19791,11916,9248,13451,43831,33150,0,0,8998,4997,14891,3585,8274,1072,4518,0,0,13657,39685,41,143,0,0,0,0,0
752,2943,753.1525547585612,99861,1206,715,103,32,45342,22927,0.6836402599613463,593,380,19051,23498,19806,11947,9239,13426,43849,33181,0,0,8948,4969,14888,3598,8300,1084,4534,0,0,13724,39634,40,142,0,0,0,0,0
753,2943,754.3896549147586,99860,1151,693,104,32,45503,23025,0.6862407370318446,609,385,19078,23528,19865,12006,9191,13354,43866,33212,0,0,8889,4930,14857,3620,8360,1106,4553,0,0,13870,39493,40,142,0,0,0,0,0
754,2943,755.0068594932383,99860,1132,704,104,32,45584,23086,0.6876627278189466,625,381,19068,23530,19877,12024,9192,13327,43883,33243,0,0,8853,4897,14848,3637,8394,1115,4553,0,0,13928,39453,40,142,0,0,0,0,0
755,2943,756.2401821942243,99859,1123,699,105,32,45772,23200,0.6906938783684996,596,366,19094,23561,19916,12073,9164,13267,43900,33273,0,0,8791,4868,14814,3656,8471,1132,4574,0,0,14035,39336,40,142,0,0,0,0,0
756,2943,757.4717255672829,99857,1109,695,107,32,45960,23306,0.6936519222488158,577,364,19128,23594,19968,12119,9109,13194,43917,33303,0,0,8734,4836,14779,3677,8563,1146,4587,0,0,14122,39232,39,142,0,0,0,0,0
757,2943,758.0863176309921,99857,1097,688,107,32,46041,23368,0.6950839700772105,591,354,19157,23611,19948,12149,9098,13164,43934,33333,0,0,8703,4817,14768,3682,8607,1152,4582,0,0,14199,39166,39,142,0,0,0,0,0
758,2943,759.3154056140099,99856,1082,656,108,32,46229,23459,0.6978849543342414,584,361,19165,23665,20002,12201,9057,13083,43951,33363,0,0,8651,4782,14724,3697,8702,1168,4597,0,0,14310,39044,39,142,0,0,0,0,0
759,2943,760.5426323640419,99855,1064,637,109,32,46412,23561,0.7007460818186371,578,350,19196,23714,20032,12235,9019,13030,43968,33393,0,0,8595,4751,14685,3713,8777,1187,4610,0,0,14437,38919,39,142,0,0,0,0,0
760,2943,761.1557830938191,99855,1063,630,109,32,46494,23615,0.7021080566821891,580,341,19200,23731,20036,12252,9010,13012,43984,33422,0,0,8552,4741,14676,3713,8803,1196,4614,0,0,14512,38867,39,142,0,0,0,0,0
761,2943,762.3813240503301,99855,1079,631,109,32,46684,23724,0.7051023984777928,557,316,19216,23775,20057,12291,8980,12953,44000,33451,0,0,8498,4707,14647,3736,8878,1214,4628,0,0,14587,38781,37,142,0,0,0,0,0
762,2943,763.605949394936,99854,1051,614,109,33,46837,23820,0.7076031005267691,559,306,19250,23840,20087,12318,8942,12887,44016,33480,0,0,8442,4687,14601,3732,8971,1234,4647,0,0,14674,38688,37,141,0,0,0,0,0
763,2943,764.2176616266648,99854,1055,612,109,33,46914,23870,0.7088749574378592,573,302,19258,23834,20072,12336,8931,12881,44032,33509,0,0,8410,4672,14589,3733,9005,1241,4646,0,0,14734,38646,37,141,0,0,0,0,0
764,2943,765.4411453230563,99854,1050,592,109,33,47079,23960,0.7114286858813869,577,307,19290,23873,20087,12360,8885,12833,44048,33538,0,0,8357,4638,14559,3754,9068,1259,4659,0,0,14833,38549,37,141,0,0,0,0,0
765,2943,766.0530823207721,99854,1042,578,109,33,47161,23996,0.7126104112003525,561,318,19304,23886,20098,12367,8884,12816,44064,33567,0,0,8321,4612,14551,3760,9102,1268,4663,0,0,14888,38512,37,140,0,0,0,0,0
766,2943,767.2759887957063,99853,1010,584,110,33,47328,24096,0.7152914784733558,571,309,19306,23929,20158,12387,8843,12756,44080,33595,0,0,8267,4574,14514,3773,9193,1280,4682,0,0,14973,38421,37,139,0,0,0,0,0
767,2943,768.4962599318252,99853,1025,602,110,33,47520,24206,0.718315924408881,555,308,19327,23953,20180,12410,8801,12692,44096,33623,0,0,8208,4553,14478,3777,9261,1301,4700,0,0,15060,38339,37,139,0,0,0,0,0
768,2943,769.1053840356046,99853,1029,603,110,33,47601,24255,0.7196178382221866,540,290,19343,23969,20178,12427,8798,12676,44112,33651,0,0,8185,4527,14471,3782,9302,1306,4695,0,0,15111,38299,37,138,0,0,0,0,0
769,2943,770.3235330005419,99853,994,581,110,33,47751,24343,0.7220013419726998,544,289,19383,24017,20216,12465,8751,12613,44127,33679,0,0,8135,4499,14428,3793,9390,1325,4707,0,0,15197,38205,37,137,0,0,0,0,0
770,2943,771.5405709899308,99852,966,558,110,34,47905,24426,0.72438208548652,544,287,19421,24054,20255,12501,8702,12564,44142,33707,0,0,8085,4466,14393,3809,9483,1338,4718,0,0,15270,38117,37,136,0,0,0,0,0
771,2943,772.1482650814287,99852,977,533,110,34,48003,24459,0.725694027160197,525,295,19435,24069,20254,12535,8697,12532,44157,33735,0,0,8048,4454,14382,3803,9518,1357,4723,0,0,15311,38083,37,136,0,0,0,0,0
772,2943,773.363288723714,99852,972,525,110,34,48155,24548,0.7281075992468854,523,290,19474,24105,20260,12570,8659,12474,44172,33762,0,0,7999,4429,14356,3807,9571,1380,4740,0,0,15405,37992,37,136,0,0,0,0,0
773,2943,774.5781255935444,99852,951,532,110,34,48311,24625,0.7304410527580819,501,288,19506,24167,20318,12566,8612,12411,44187,33789,0,0,7958,4405,14321,3818,9641,1397,4741,0,0,15485,37914,36,136,0,0,0,0,0
774,2943,775.1846225671663,99852,941,523,110,34,48396,24662,0.7316628610343308,481,285,19511,24190,20343,12579,8612,12387,44202,33816,0,0,7931,4386,14313,3820,9672,1409,4739,0,0,15547,37863,36,136,0,0,0,0,0
775,2943,776.3961826649299,99852,929,515,110,34,48555,24747,0.7341064775868285,461,281,19533,24251,20387,12600,8578,12317,44217,33843,0,0,7885,4365,14284,3826,9740,1429,4748,0,0,15631,37772,35,137,0,0,0,0,0
776,2943,777.0015800390289,99852,919,510,110,34,48625,24790,0.7352381524656492,469,278,19532,24273,20388,12609,8580,12294,44232,33870,0,0,7854,4342,14280,3839,9771,1437,4748,0,0,15675,37734,35,137,0,0,0,0,0
777,2943,778.2105489878239,99852,899,507,110,34,48752,24860,0.7372110723871329,464,273,19596,24312,20393,12630,8536,12242,44246,33897,0,0,7808,4315,14251,3856,9831,1451,4758,0,0,15739,37671,35,137,0,0,0,0,0
778,2943,779.4193890704386,99852,935,503,110,34,48902,24940,0.7395144814325201,471,270,19629,24370,20355,12648,8498,12173,44260,33923,0,0,7764,4304,14236,3864,9868,1468,4761,0,0,15815,37602,35,135,0,0,0,0,0
779,2943,780.0240148994212,99852,934,475,110,34,48970,24976,0.7405560229139125,460,277,19645,24391,20353,12668,8496,12153,44274,33949,0,0,7729,4289,14221,3858,9906,1479,4776,0,0,15865,37559,35,135,0,0,0,0,0
780,2943,781.235021445047,99852,904,466,110,34,49099,25055,0.7426391058766975,444,262,19707,24446,20371,12687,8462,12103,44288,33975,0,0,7686,4262,14193,3871,9968,1498,4787,0,0,15943,37474,35,135,0,0,0,0,0
781,2943,782.44616380335,99852,892,474,110,34,49225,25129,0.7446420702639907,442,250,19742,24500,20379,12689,8433,12051,44302,34001,0,0,7642,4242,14172,3869,10031,1516,4803,0,0,15986,37421,35,135,0,0,0,0,0
782,2943,783.0513802375391,99852,891,482,110,34,49296,25179,0.7458538637183031,429,245,19756,24524,20376,12685,8436,12028,44316,34027,0,0,7614,4224,14169,3867,10059,1525,4806,0,0,16034,37384,35,135,0,0,0,0,0
783,2943,784.2622182519295,99852,864,489,110,34,49410,25254,0.7477466650642951,437,231,19784,24600,20395,12671,8408,11973,44330,34053,0,0,7578,4209,14145,3869,10103,1547,4806,0,0,16110,37315,35,135,0,0,0,0,0
784,2943,785.4723734342351,99851,866,479,111,34,49556,25318,0.7498572873581637,417,258,19833,24641,20399,12672,8372,11914,44344,34078,0,0,7535,4183,14127,3883,10160,1555,4813,0,0,16187,37238,35,135,0,0,0,0,0
785,2943,786.0769378380523,99851,858,467,111,34,49612,25351,0.7507486154370011,412,245,19840,24667,20405,12692,8372,11893,44358,34103,0,0,7514,4170,14116,3886,10194,1562,4804,0,0,16235,37203,34,133,0,0,0,0,0
786,2943,787.2869968743007,99850,840,459,112,34,49740,25420,0.7527290936404607,412,238,19877,24711,20416,12709,8341,11847,44372,34128,0,0,7477,4157,14088,3876,10263,1578,4811,0,0,16309,37124,34,133,0,0,0,0,0
787,2943,788.4967066523785,99849,817,449,112,35,49852,25494,0.7545994451621949,407,224,19934,24757,20413,12730,8315,11803,44385,34153,0,0,7444,4136,14051,3883,10324,1594,4815,0,0,16388,37047,34,133,0,0,0,0,0
788,2943,789.1012940024888,99849,788,432,112,35,49914,25525,0.7555308515858947,405,245,19953,24759,20419,12742,8321,11785,44398,34178,0,0,7415,4122,14032,3889,10354,1608,4813,0,0,16446,37003,34,133,0,0,0,0,0
789,2943,790.3117841607158,99849,755,422,112,35,50023,25587,0.7572434375907621,401,240,19997,24827,20451,12744,8282,11730,44411,34203,0,0,7372,4100,14018,3895,10398,1627,4822,0,0,16516,36934,34,133,0,0,0,0,0
790,2943,791.5210691337147,99849,744,443,112,35,50151,25670,0.7593566285090486,398,226,20035,24862,20462,12751,8247,11681,44424,34228,0,0,7332,4078,13997,3902,10459,1639,4834,0,0,16572,36870,34,132,0,0,0,0,0
791,2943,792.1252663423155,99849,755,445,112,35,50214,25707,0.7603581407925968,382,223,20063,24864,20443,12760,8243,11671,44437,34252,0,0,7301,4068,13987,3897,10490,1644,4840,0,0,16604,36853,34,131,0,0,0,0,0
792,2943,793.3345764179558,99849,754,421,112,35,50339,25766,0.7622009233943254,356,219,20115,24926,20430,12779,8231,11618,44450,34276,0,0,7264,4047,13966,3904,10544,1658,4847,0,0,16675,36780,34,130,0,0,0,0,0
793,2943,794.5454025135342,99849,716,416,112,35,50443,25828,0.7638634337850154,372,213,20158,24989,20434,12784,8206,11561,44463,34300,0,0,7223,4035,13942,3900,10600,1675,4858,0,0,16744,36708,34,130,0,0,0,0,0
794,2943,795.1511184951613,99849,709,405,112,35,50513,25858,0.7648649460685635,365,219,20170,25006,20435,12787,8207,11546,44476,34324,0,0,7206,4020,13940,3905,10632,1684,4845,0,0,16785,36668,34,130,0,0,0,0,0
795,2943,796.3625819309362,99849,694,386,112,35,50619,25909,0.7664373203537341,356,225,20219,25070,20435,12783,8182,11499,44489,34348,0,0,7175,4001,13920,3905,10687,1697,4847,0,0,16850,36603,34,130,0,0,0,0,0
796,2943,797.5741442376232,99849,660,394,112,35,50725,25972,0.7681298761129305,348,212,20271,25123,20452,12777,8155,11457,44502,34372,0,0,7142,3984,13895,3913,10741,1713,4848,0,0,16909,36540,34,130,0,0,0,0,0
797,2943,798.1793218881397,99849,644,391,112,35,50773,26008,0.768971146431111,338,199,20297,25145,20451,12787,8156,11441,44515,34396,0,0,7111,3974,13884,3913,10770,1721,4850,0,0,16947,36515,34,130,0,0,0,0,0
798,2943,799.3911459402915,99849,635,386,112,35,50867,26065,0.7704834299792687,335,193,20365,25198,20419,12791,8132,11395,44527,34419,0,0,7081,3951,13881,3928,10798,1734,4851,0,0,17008,36454,33,130,0,0,0,0,0
799,2943,800.6045408315808,99849,641,368,112,35,50959,26120,0.7719556530360845,343,191,20405,25249,20386,12808,8111,11347,44539,34442,0,0,7051,3937,13868,3934,10829,1751,4849,0,0,17065,36402,33,130,0,0,0,0,0
800,2943,801.2116741638037,99849,640,360,112,35,51011,26142,0.7726967721259101,328,199,20426,25285,20378,12794,8114,11325,44551,34465,0,0,7032,3926,13862,3928,10859,1759,4849,0,0,17090,36381,33,130,0,0,0,0,0
801,2943,802.4261595342948,99849,608,360,112,35,51105,26197,0.7741890254283968,356,196,20452,25347,20370,12780,8100,11280,44563,34488,0,0,7004,3915,13837,3925,10896,1783,4852,0,0,17160,36316,32,129,0,0,0,0,0
802,2943,803.0324854168534,99849,604,361,112,35,51149,26223,0.7748900840268806,363,203,20482,25359,20351,12774,8086,11266,44575,34511,0,0,6987,3904,13836,3923,10917,1788,4845,0,0,17197,36291,32,129,0,0,0,0,0
803,2943,804.2440848255311,99849,587,359,112,35,51238,26286,0.7764123826978738,369,199,20534,25413,20337,12777,8059,11215,44587,34534,0,0,6955,3889,13816,3927,10964,1799,4850,0,0,17257,36231,31,130,0,0,0,0,0
804,2943,805.4526175009654,99848,583,356,113,35,51349,26342,0.7780927009053762,345,200,20595,25464,20327,12770,8035,11173,44599,34557,0,0,6930,3876,13801,3934,11006,1816,4842,0,0,17311,36171,31,130,0,0,0,0,0
805,2943,806.0550795420639,99848,591,372,113,35,51402,26386,0.7790641775498758,325,182,20615,25490,20312,12754,8042,11165,44611,34579,0,0,6902,3866,13796,3933,11026,1827,4850,0,0,17322,36165,31,130,0,0,0,0,0
806,2943,807.2591434507787,99847,599,355,114,35,51509,26435,0.7806343705869981,294,187,20678,25551,20289,12749,8024,11121,44623,34601,0,0,6872,3854,13773,3931,11081,1838,4855,0,0,17372,36111,30,130,0,0,0,0,0
807,2943,808.4597659782995,99846,591,334,115,35,51608,26472,0.7820042866013661,283,208,20712,25580,20296,12765,8001,11076,44635,34623,0,0,6840,3834,13752,3941,11130,1847,4859,0,0,17421,36063,29,130,0,0,0,0,0
808,2943,809.0593737506031,99845,566,328,116,35,51643,26504,0.7826831588962893,287,202,20730,25598,20296,12779,8003,11056,44647,34645,0,0,6816,3822,13748,3942,11152,1857,4859,0,0,17453,36037,28,131,0,0,0,0,0
809,2943,810.257557957946,99845,557,316,116,35,51727,26556,0.7840452701687616,298,195,20791,25671,20266,12769,7970,11012,44658,34667,0,0,6783,3807,13722,3935,11215,1867,4874,0,0,17486,35998,28,130,0,0,0,0,0
810,2943,811.4525434726039,99845,544,320,116,35,51815,26603,0.7853973659171716,281,188,20867,25739,20250,12747,7940,10969,44669,34689,0,0,6758,3793,13707,3933,11248,1886,4875,0,0,17531,35956,28,130,0,0,0,0,0
811,2943,812.0485050028774,99845,540,327,116,35,51862,26636,0.7861986078421553,268,174,20886,25777,20247,12737,7941,10948,44680,34711,0,0,6739,3778,13701,3934,11275,1891,4871,0,0,17557,35941,28,130,0,0,0,0,0
812,2943,813.238579675763,99845,530,322,116,35,51929,26687,0.7873804396815063,290,169,20946,25849,20204,12723,7912,10900,44691,34733,0,0,6719,3764,13688,3937,11318,1897,4866,0,0,17608,35890,28,130,0,0,0,0,0
813,2943,814.4256243097933,99845,528,311,116,35,52008,26729,0.7885923180930442,279,170,21008,25896,20172,12716,7895,10870,44702,34754,0,0,6689,3755,13677,3940,11349,1905,4868,0,0,17665,35839,28,130,0,0,0,0,0
814,2943,815.0178213235415,99845,512,310,116,35,52040,26758,0.7892032650608443,295,160,21025,25924,20151,12713,7899,10856,44713,34775,0,0,6672,3743,13671,3939,11373,1913,4867,0,0,17693,35816,28,130,0,0,0,0,0
815,2943,816.2002917314995,99844,511,313,117,35,52125,26817,0.7906534193341613,269,137,21078,26003,20134,12710,7889,10800,44724,34796,0,0,6651,3723,13661,3948,11410,1925,4862,0,0,17734,35772,28,130,0,0,0,0,0
816,2943,817.3804471097301,99844,510,300,117,35,52210,26858,0.7919153880052883,269,145,21131,26053,20105,12708,7866,10757,44735,34817,0,0,6625,3710,13647,3947,11451,1939,4867,0,0,17771,35729,28,130,0,0,0,0,0
817,2943,818.5578572550287,99844,495,298,117,35,52280,26903,0.793067184808301,263,137,21192,26115,20085,12683,7846,10730,44746,34838,0,0,6598,3695,13631,3954,11479,1955,4868,0,0,17811,35695,28,130,0,0,0,0,0
818,2943,819.1451275370595,99844,497,304,117,35,52322,26922,0.7936781378951164,260,137,21207,26136,20071,12663,7846,10723,44757,34859,0,0,6581,3686,13627,3960,11491,1963,4860,0,0,17827,35692,28,129,0,0,0,0,0
819,2943,820.3182374974494,99844,482,291,117,35,52401,26964,0.7948900284443732,262,136,21266,26190,20065,12655,7806,10691,44768,34880,0,0,6557,3672,13616,3961,11533,1975,4858,0,0,17872,35643,28,129,0,0,0,0,0
820,2943,821.4887558367548,99844,471,272,117,35,52471,26998,0.7959316533792716,266,126,21337,26254,20029,12677,7778,10634,44779,34901,0,0,6536,3660,13592,3970,11566,1989,4851,0,0,17922,35601,28,129,0,0,0,0,0
821,2943,822.0721738620623,99844,473,270,117,35,52507,27014,0.7964524658467209,259,127,21381,26285,19993,12665,7775,10616,44790,34921,0,0,6519,3651,13595,3967,11579,1992,4847,0,0,17953,35584,28,129,0,0,0,0,0
822,2943,823.2370985266739,99844,460,259,117,35,52583,27048,0.7975541845278634,250,132,21426,26352,19986,12650,7759,10570,44801,34941,0,0,6503,3642,13582,3973,11614,2002,4834,0,0,18004,35534,28,128,0,0,0,0,0
823,2943,824.3989040615801,99844,463,252,117,35,52658,27083,0.798655903209006,240,131,21481,26423,19965,12642,7732,10515,44811,34961,0,0,6472,3635,13568,3976,11642,2018,4837,0,0,18024,35516,28,128,0,0,0,0,0
824,2943,825.5579477111553,99844,450,246,117,35,52719,27123,0.7996674812707825,256,118,21516,26508,19950,12632,7709,10459,44821,34981,0,0,6443,3626,13557,3977,11667,2032,4835,0,0,18062,35489,28,128,0,0,0,0,0
825,2943,826.1367572125987,99844,444,243,117,35,52751,27140,0.8001582468651096,253,114,21538,26535,19935,12631,7711,10440,44831,35001,0,0,6429,3620,13552,3977,11679,2045,4826,0,0,18077,35483,28,128,0,0,0,0,0
826,2943,827.2932539113689,99843,446,220,118,35,52823,27170,0.8011878649479683,253,111,21589,26594,19899,12624,7693,10414,44841,35021,0,0,6409,3609,13540,3974,11722,2052,4826,0,0,18116,35440,28,127,0,0,0,0,0
827,2943,828.4471808161563,99843,452,224,118,35,52896,27205,0.8022695632142464,242,104,21654,26651,19858,12606,7674,10378,44851,35041,0,0,6382,3599,13525,3972,11757,2057,4831,0,0,18148,35417,28,127,0,0,0,0,0
828,2943,829.0228029642989,99843,446,217,118,35,52934,27221,0.8028104123473854,233,108,21699,26676,19829,12594,7673,10368,44861,35061,0,0,6363,3592,13524,3968,11774,2064,4831,0,0,18176,35396,28,127,0,0,0,0,0
829,2943,830.171704091608,99842,451,226,119,35,53003,27256,0.803860098956351,222,99,21751,26750,19795,12560,7660,10328,44871,35081,0,0,6343,3579,13518,3970,11794,2074,4832,0,0,18206,35371,28,127,0,0,0,0,0
830,2943,831.317494898661,99842,442,222,119,35,53079,27287,0.8049317922317262,219,102,21785,26819,19779,12531,7654,10289,44881,35100,0,0,6324,3574,13495,3959,11834,2091,4835,0,0,18238,35337,28,127,0,0,0,0,0
831,2943,832.4611742429477,99842,416,219,119,35,53134,27321,0.8058232006570382,226,99,21841,26881,19771,12523,7625,10241,44891,35119,0,0,6298,3562,13480,3962,11864,2104,4837,0,0,18270,35310,28,127,0,0,0,0,0
832,2943,833.0319151284057,99842,412,218,119,35,53168,27338,0.8063340077322169,214,105,21885,26896,19746,12516,7622,10228,44901,35138,0,0,6283,3549,13476,3964,11882,2109,4832,0,0,18291,35301,28,127,0,0,0,0,0
833,2943,834.1716949301763,99842,409,220,119,35,53221,27369,0.8071753370325113,220,103,21941,26966,19705,12487,7604,10187,44911,35157,0,0,6273,3536,13472,3969,11910,2116,4821,0,0,18316,35275,28,126,0,0,0,0,0
834,2943,835.3080211039851,99842,428,219,119,35,53303,27399,0.808297109432904,197,107,22016,27028,19648,12455,7590,10154,44921,35176,0,0,6251,3529,13466,3965,11939,2122,4818,0,0,18348,35250,28,126,0,0,0,0,0
835,2943,836.4408063520647,99842,394,217,119,35,53348,27428,0.8090382804831634,209,111,22093,27078,19613,12431,7570,10126,44931,35195,0,0,6231,3510,13467,3964,11964,2134,4822,0,0,18379,35217,28,126,0,0,0,0,0
836,2943,837.0057163615046,99842,386,214,119,35,53376,27438,0.8094188818332966,206,114,22112,27114,19602,12415,7573,10106,44941,35214,0,0,6220,3499,13469,3967,11975,2142,4810,0,0,18395,35211,28,126,0,0,0,0,0
837,2943,838.1335512947506,99842,404,206,119,35,53436,27465,0.8102902586086016,203,111,22179,27171,19546,12402,7547,10073,44951,35233,0,0,6202,3488,13466,3966,11991,2153,4811,0,0,18421,35190,28,126,0,0,0,0,0
838,2943,839.2581149649392,99842,418,205,119,35,53501,27496,0.8112517778089381,206,113,22230,27218,19493,12384,7532,10043,44960,35252,0,0,6187,3478,13460,3968,12024,2156,4803,0,0,18443,35169,28,126,0,0,0,0,0
839,2943,840.3794883008133,99842,406,215,119,35,53554,27532,0.8121431862342501,220,112,22293,27270,19447,12356,7513,10010,44969,35270,1,1,6178,3466,13452,3968,12051,2169,4796,0,0,18465,35142,28,126,0,1,0,0,0
840,2943,841.4980780091669,99842,413,209,119,35,53620,27560,0.8130846737845796,205,114,22349,27348,19414,12327,7498,9965,44978,35288,2,2,6161,3453,13447,3968,12068,2181,4797,0,0,18500,35110,28,126,0,2,1,0,0
841,2943,842.0561398752998,99842,406,212,119,35,53640,27581,0.8134953226097233,208,102,22375,27387,19388,12311,7502,9951,44987,35306,3,3,6149,3447,13449,3960,12088,2186,4795,0,0,18510,35101,27,126,0,3,1,0,0
842,2943,843.170688544936,99842,400,210,119,35,53694,27617,0.8143967468600388,209,103,22440,27457,19344,12286,7486,9907,44996,35324,4,4,6135,3431,13446,3966,12122,2196,4794,0,0,18517,35077,27,125,0,3,1,0,2
843,2943,844.2823488567775,99842,396,210,119,35,53761,27656,0.8154584243104105,193,90,22523,27505,19300,12280,7467,9878,45005,35342,6,5,6119,3420,13440,3962,12151,2211,4792,0,0,18545,35043,27,125,0,3,1,0,3
844,2943,845.3904513943379,99842,395,201,119,35,53826,27681,0.816359848560726,178,90,22560,27570,19290,12262,7456,9840,45014,35360,8,6,6099,3413,13423,3960,12186,2220,4792,0,0,18572,35016,27,124,0,4,1,0,5
845,2943,846.4960319164264,99842,373,219,119,35,53872,27720,0.8172111936860239,172,82,22633,27610,19256,12234,7445,9818,45023,35378,11,8,6072,3398,13418,3962,12209,2228,4803,0,0,18595,34994,26,123,0,4,1,0,9
846,2943,847.0476644347908,99842,365,211,119,35,53893,27728,0.8175016526111256,177,85,22661,27642,19232,12216,7444,9809,45032,35396,15,10,6062,3393,13414,3959,12219,2239,4796,0,0,18613,34980,26,123,0,4,1,0,13
847,2943,848.1491619240371,99842,346,216,119,35,53938,27752,0.8181927445363675,182,79,22735,27695,19195,12181,7421,9792,45041,35414,20,12,6045,3382,13405,3960,12241,2249,4796,0,0,18635,34956,26,123,0,8,2,0,14
848,2943,849.2475044463051,99842,348,208,119,35,53989,27778,0.8189639630616374,186,74,22791,27766,19138,12150,7416,9765,45050,35432,26,15,6033,3370,13401,3963,12256,2263,4792,0,0,18656,34927,26,123,0,11,5,0,16
849,2943,850.3427873671062,99842,337,191,119,35,54035,27794,0.8195849442118547,169,82,22850,27817,19112,12133,7411,9740,45059,35449,33,18,6021,3358,13394,3963,12276,2276,4787,0,0,18687,34891,26,123,0,13,6,0,21
850,2943,851.4357763989759,99842,323,175,119,35,54072,27811,0.8201257987620441,165,85,22909,27887,19081,12107,7401,9709,45068,35466,41,21,6008,3351,13382,3965,12301,2285,4779,0,0,18710,34862,25,123,0,18,8,0,25
851,2943,852.5261006370913,99842,320,163,119,35,54122,27833,0.8208469381622965,158,86,22961,27932,19057,12087,7383,9695,45077,35483,50,25,5996,3339,13374,3965,12331,2292,4773,0,0,18734,34829,25,123,0,21,9,0,31
852,2943,853.0702071379262,99842,318,167,119,35,54146,27848,0.8212375553374331,156,77,22998,27948,19021,12076,7386,9695,45086,35500,61,29,5990,3335,13365,3962,12346,2298,4761,0,0,18750,34813,25,123,0,22,13,0,39
853,2943,854.1569111085709,99842,315,168,119,35,54193,27864,0.821868552312654,144,87,23066,27995,18979,12039,7375,9674,45095,35517,73,34,5975,3328,13353,3961,12363,2312,4755,0,0,18758,34800,25,123,0,25,16,0,48
854,2943,855.2403856066431,99842,300,154,119,35,54228,27885,0.8224294385128503,151,85,23126,28043,18931,12028,7371,9653,45104,35534,87,39,5964,3325,13335,3956,12385,2328,4747,0,0,18780,34769,25,123,0,29,22,0,54
855,2943,856.321221393325,99842,282,152,119,35,54262,27909,0.8230103563630536,153,78,23198,28107,18883,11993,7363,9633,45112,35551,102,44,5951,3319,13324,3951,12412,2337,4744,0,0,18794,34740,25,122,0,40,25,0,58
856,2943,857.3990492379598,99842,279,153,119,35,54307,27931,0.8236814166382885,143,68,23272,28160,18844,11958,7341,9624,45120,35568,119,50,5938,3309,13315,3945,12432,2346,4745,0,0,18814,34707,25,122,0,46,30,0,68
857,2943,858.4734165741111,99842,261,163,119,35,54338,27956,0.8242423028384848,144,60,23365,28215,18796,11921,7313,9604,45128,35585,138,56,5930,3299,13312,3947,12439,2361,4734,0,0,18827,34681,25,122,0,51,36,0,78
858,2943,859.0091859773763,99842,250,156,119,35,54351,27964,0.8244526351635584,139,55,23394,28235,18776,11916,7320,9601,45136,35602,158,63,5919,3292,13310,3944,12443,2374,4730,0,0,18829,34665,25,122,0,60,38,0,91
859,2943,860.0783959964082,99842,244,146,119,35,54393,27977,0.8250035055387512,133,61,23448,28283,18734,11882,7320,9591,45144,35619,180,70,5907,3287,13302,3932,12470,2384,4727,0,0,18838,34636,25,121,1,69,40,0,103
860,2943,861.1453446500798,99842,247,140,119,35,54430,28000,0.8256044550389615,125,59,23496,28336,18697,11852,7314,9576,45152,35635,204,78,5889,3280,13292,3933,12489,2388,4723,0,0,18855,34603,25,121,1,74,47,0,122
861,2943,862.2098260839437,99842,257,132,119,35,54477,28016,0.8262354520141824,104,60,23570,28378,18650,11823,7298,9570,45160,35651,230,86,5878,3270,13281,3931,12503,2399,4720,0,0,18867,34571,24,122,1,83,53,0,139
862,2943,863.2716104861322,99842,242,125,119,35,54505,28028,0.8266360850143226,103,61,23625,28435,18616,11775,7293,9567,45168,35667,258,95,5870,3258,13272,3929,12529,2407,4716,0,0,18872,34536,24,122,1,89,58,0,159
863,2943,864.3308984126415,99842,229,116,119,35,54532,28041,0.8270367180144629,96,61,23678,28491,18583,11734,7293,9561,45176,35683,288,104,5850,3252,13261,3924,12543,2418,4720,0,0,18878,34507,24,122,1,99,65,0,178
864,2943,865.388082758185,99842,229,115,119,35,54568,28055,0.8275375092646381,90,68,23727,28533,18548,11691,7285,9556,45184,35699,320,114,5839,3245,13253,3920,12549,2433,4718,0,0,18883,34476,24,122,1,112,71,0,196
865,2943,866.4433006736692,99842,218,123,119,35,54585,28075,0.8279080947897678,92,65,23786,28576,18488,11638,7295,9561,45192,35715,354,125,5830,3237,13247,3915,12564,2441,4713,0,0,18880,34448,24,122,1,122,78,0,220
866,2943,867.4958392164165,99842,208,131,119,35,54605,28096,0.8283187436149115,93,60,23846,28637,18437,11592,7295,9543,45200,35731,390,136,5820,3234,13234,3905,12585,2448,4710,0,0,18879,34418,24,121,2,134,86,0,242
867,2943,868.0210234768015,99842,209,135,119,35,54621,28107,0.8285891708900062,89,52,23868,28639,18403,11568,7310,9569,45208,35747,429,148,5809,3228,13227,3901,12589,2455,4707,0,0,18876,34398,24,119,2,150,96,0,261
868,2943,869.0701040882061,99842,201,120,119,35,54641,28114,0.8288595981651009,98,64,23928,28696,18345,11518,7307,9565,45216,35763,470,160,5800,3221,13214,3899,12596,2469,4703,0,0,18881,34361,24,119,2,164,107,0,282
869,2943,870.1167051015711,99842,185,111,119,35,54659,28125,0.8291500570902025,103,71,23980,28737,18299,11472,7312,9572,45224,35779,513,173,5785,3218,13200,3896,12605,2484,4703,0,0,18886,34320,24,119,2,175,115,0,310
870,2943,871.160949092679,99842,185,117,119,35,54684,28140,0.8295506900903428,92,68,24039,28766,18253,11430,7310,9582,45232,35795,558,187,5771,3214,13192,3890,12611,2496,4702,0,0,18882,34286,24,119,2,187,123,0,343
871,2943,872.2027769702956,99842,180,132,119,35,54711,28164,0.8300614971655216,93,56,24100,28817,18197,11375,7309,9583,45240,35811,606,201,5762,3211,13175,3880,12628,2507,4696,0,0,18878,34257,24,119,2,200,136,0,367
872,2943,873.2418184168407,99841,191,139,120,35,54744,28184,0.830600655041516,86,55,24177,28840,18128,11335,7296,9594,45248,35826,656,216,5755,3206,13164,3877,12631,2519,4690,0,0,18878,34213,23,120,2,213,147,0,403
873,2943,874.2777706682664,99841,185,138,120,35,54773,28202,0.8310714035316152,80,50,24232,28864,18088,11306,7293,9605,45256,35841,708,231,5745,3197,13151,3874,12635,2533,4687,0,0,18893,34162,23,120,2,231,156,0,432
874,2943,875.3115881690718,99841,181,128,120,35,54790,28212,0.8313418335152893,88,47,24290,28880,18021,11277,7298,9631,45264,35856,762,247,5740,3189,13138,3870,12646,2543,4680,0,0,18905,34106,23,120,2,243,164,0,472
875,2943,876.3428383776404,99841,183,123,120,35,54811,28225,0.8316823749762122,95,46,24355,28900,17952,11245,7293,9649,45271,35871,819,264,5732,3184,13126,3863,12656,2554,4674,0,0,18905,34060,23,120,2,258,174,0,510
876,2943,877.3712889869793,99841,182,116,120,35,54838,28235,0.8320529642130988,91,53,24410,28958,17892,11185,7303,9651,45278,35886,878,281,5723,3179,13111,3856,12671,2564,4673,0,0,18901,34005,23,120,2,275,185,0,553
877,2943,878.3973714231535,99841,173,117,120,35,54855,28250,0.8323734738233791,94,51,24493,28976,17824,11153,7294,9666,45285,35901,939,299,5710,3175,13095,3858,12677,2572,4666,0,0,18904,33956,23,120,2,291,197,0,595
878,2943,879.4204611017327,99841,179,113,120,35,54887,28261,0.8328041586121934,85,52,24560,29004,17764,11101,7290,9693,45292,35916,1002,318,5701,3173,13077,3859,12685,2586,4655,0,0,18893,33913,23,120,2,308,211,0,635
879,2943,880.4405118151852,99840,182,108,120,36,54912,28272,0.833173076923077,84,52,24609,29044,17711,11043,7292,9715,45299,35931,1068,337,5689,3169,13058,3859,12693,2595,4649,0,0,18885,33866,23,120,2,328,226,0,678
880,2943,881.4585036571076,99840,176,107,120,36,54938,28282,0.8335336538461539,81,52,24637,29070,17676,11001,7308,9732,45306,35946,1136,357,5679,3161,13046,3858,12701,2606,4642,0,0,18877,33816,23,120,2,348,241,0,720
881,2943,882.4750387214618,99840,174,101,120,36,54959,28292,0.8338441506410257,90,49,24700,29081,17604,10973,7310,9758,45313,35961,1206,378,5669,3155,13028,3852,12705,2621,4641,0,0,18865,33767,23,120,2,370,259,0,763
882,2943,883.4893178028319,99840,174,99,120,36,54988,28303,0.8342447916666667,80,52,24752,29086,17559,10930,7313,9795,45320,35976,1278,399,5660,3149,13011,3850,12701,2642,4637,0,0,18867,33707,23,119,3,385,274,0,812
883,2943,884.5013938169791,99840,175,98,120,36,55009,28317,0.8345953525641026,77,50,24806,29094,17500,10888,7320,9832,45327,35991,1352,421,5651,3145,12998,3851,12696,2662,4630,0,0,18865,33645,23,119,3,397,285,0,870
884,2943,885.0065267738603,99840,175,96,120,36,55018,28323,0.834745592948718,74,48,24834,29086,17466,10854,7329,9878,45334,36005,1428,443,5643,3142,12984,3849,12687,2683,4623,0,0,18852,33604,23,117,4,417,298,0,914
885,2943,886.015646855906,99840,176,92,120,36,55040,28328,0.8350160256410256,62,55,24886,29085,17414,10807,7340,9923,45341,36019,1506,466,5633,3138,12967,3848,12693,2691,4616,0,0,18840,33548,23,117,4,443,313,0,966
886,2943,887.0224866359439,99839,153,91,120,37,55048,28340,0.8352247117859755,71,53,24929,29094,17372,10764,7353,9959,45348,36033,1586,490,5616,3135,12942,3841,12695,2707,4617,0,0,18834,33494,23,117,4,468,331,0,1015
887,2943,888.0276782447834,99839,141,93,120,37,55071,28354,0.835595308446599,67,50,24982,29106,17332,10722,7356,9990,45355,36047,1668,514,5608,3130,12923,3839,12684,2735,4615,0,0,18826,33432,23,117,4,490,348,0,1065
888,2943,889.0308607112812,99839,138,89,120,37,55088,28366,0.8358857760995202,76,49,25052,29123,17258,10673,7354,10027,45362,36061,1752,539,5596,3124,12908,3836,12679,2756,4615,0,0,18803,33383,23,116,4,521,365,0,1110
889,2943,890.0314634492346,99839,134,90,120,37,55104,28379,0.8361762437524415,78,49,25099,29140,17212,10619,7355,10063,45369,36075,1837,565,5582,3115,12892,3835,12678,2768,4619,0,0,18788,33324,23,116,4,546,386,0,1163
890,2943,891.030037966478,99839,138,85,120,37,55129,28386,0.836496759783251,70,53,25154,29151,17158,10561,7358,10111,45376,36089,1924,591,5574,3110,12873,3837,12675,2786,4609,0,0,18766,33273,23,116,4,581,403,0,1209
891,2943,892.0265085453815,99839,140,89,120,37,55144,28396,0.836747162932321,71,56,25212,29148,17093,10513,7362,10155,45383,36103,2013,618,5567,3102,12866,3836,12656,2810,4606,0,0,18746,33215,23,116,4,611,416,0,1265
892,2943,893.0208520084832,99839,140,95,120,37,55166,28414,0.837147807970833,71,54,25262,29147,17029,10470,7376,10195,45390,36117,2103,646,5560,3099,12849,3831,12657,2829,4603,0,0,18715,33160,23,116,4,648,430,0,1315
893,2943,894.0129610229816,99839,127,90,120,37,55183,28427,0.837448291749717,77,51,25302,29145,16986,10433,7386,10242,45397,36131,2195,674,5550,3096,12819,3826,12657,2852,4599,0,0,18707,33093,23,116,4,671,456,0,1370
894,2943,895.0035960381725,99839,136,96,120,37,55208,28440,0.8378289045363034,66,49,25352,29138,16926,10384,7398,10294,45404,36145,2288,703,5540,3091,12805,3825,12649,2869,4597,0,0,18683,33031,23,116,4,706,471,0,1429
895,2943,896.486115275254,99839,129,96,120,37,55229,28463,0.8382696140786666,64,49,25423,29142,16854,10346,7408,10328,45411,36159,2382,732,5525,3086,12782,3826,12644,2893,4596,0,0,18666,32967,23,116,4,736,490,0,1485
896,2943,897.4720161651081,99839,127,90,120,37,55246,28474,0.8385500656056251,63,49,25475,29146,16790,10288,7423,10388,45418,36173,2477,762,5512,3082,12756,3826,12646,2907,4594,0,0,18639,32913,23,116,4,773,514,0,1534
897,2943,898.4562189194185,99839,124,91,120,37,55261,28487,0.8388305171325835,58,49,25525,29134,16728,10242,7443,10445,45425,36187,2574,793,5506,3077,12739,3822,12638,2930,4588,0,0,18627,32845,23,116,4,799,531,0,1594
898,2943,899.4384830242377,99839,114,86,120,37,55268,28496,0.8389907751479883,67,47,25567,29138,16677,10207,7453,10483,45431,36200,2672,824,5497,3073,12724,3817,12638,2943,4584,0,0,18621,32762,22,116,5,823,546,0,1668
899,2943,900.4191942771059,99839,113,87,120,37,55276,28507,0.8391810815412815,91,64,25597,29143,16639,10205,7438,10462,45431,36200,2672,824,5494,3073,12720,3817,12644,2943,4587,0,0,18628,32753,22,116,5,824,546,0,1667
900,2943,900.4191942771059,99839,108,97,120,37,55284,28520,0.8393914201865003,90,59,25621,29107,16611,10172,7448,10526,45431,36200,2771,856,5491,3072,12701,3818,12633,2960,4587,3,6,18594,32681,22,116,5,856,561,0,1733
901,2943,901.397730784506,99839,110,99,120,37,55304,28535,0.8397419845951982,87,54,25682,29106,16552,10136,7447,10566,45431,36200,2870,888,5489,3070,12681,3819,12621,2985,4586,5,16,18564,32604,22,116,5,882,574,0,1800
902,2943,902.3739605658907,99839,112,100,120,37,55328,28549,0.8401225973817846,78,50,25742,29106,16501,10089,7445,10616,45431,36200,2970,921,5486,3067,12660,3823,12608,3006,4583,8,30,18528,32526,22,116,5,914,593,0,1864
903,2943,903.3480837750923,99839,114,94,120,37,55342,28559,0.8403629844048919,76,48,25794,29115,16448,10043,7446,10661,45431,36200,3071,954,5481,3066,12641,3824,12602,3020,4582,13,42,18491,32445,22,116,5,945,611,1,1932
904,2943,904.3201706969497,99839,110,97,120,37,55354,28576,0.840653452057813,77,37,25859,29121,16385,10005,7447,10701,45431,36200,3173,988,5480,3063,12617,3825,12595,3038,4582,14,53,18454,32369,22,116,5,977,631,1,1997
905,2943,905.2897926016489,99839,113,89,120,37,55373,28585,0.8409339035847715,74,38,25913,29129,16333,9961,7445,10744,45431,36200,3275,1023,5478,3062,12591,3826,12590,3054,4581,16,70,18409,32294,22,116,5,1018,651,1,2055
906,2943,906.2575055875469,99839,121,82,120,37,55397,28594,0.8412644357415439,66,38,25957,29123,16280,9923,7454,10795,45431,36200,3378,1058,5476,3060,12562,3828,12578,3077,4580,18,83,18369,32226,22,115,6,1055,673,2,2109
907,2943,907.2233608683931,99839,123,79,120,37,55412,28602,0.8414948066386883,69,41,26022,29114,16216,9887,7448,10840,45431,36200,3481,1094,5476,3060,12538,3828,12569,3096,4580,18,94,18330,32151,22,115,6,1088,693,3,2172
908,2943,908.1870531273685,99839,112,78,120,37,55417,28608,0.8416049840242791,74,43,26069,29107,16173,9840,7450,10893,45431,36200,3584,1130,5475,3060,12516,3828,12557,3116,4578,19,102,18291,32077,22,115,6,1123,713,3,2238
909,2943,909.1487175802804,99839,115,79,120,37,55439,28620,0.8419455323070143,60,37,26115,29101,16130,9793,7458,10951,45431,36200,3688,1167,5475,3057,12492,3828,12544,3141,4576,19,112,18259,32002,22,115,6,1151,734,4,2302
910,2943,910.1087765347198,99839,120,68,120,37,55455,28622,0.8421258225743447,59,44,26165,29100,16065,9748,7469,11001,45431,36200,3792,1204,5474,3057,12466,3828,12535,3160,4575,20,120,18216,31935,22,115,6,1189,756,6,2359
911,2943,911.0671832101659,99839,121,62,120,37,55470,28628,0.8423361612195635,62,45,26206,29106,16016,9701,7473,11047,45431,36200,3896,1242,5474,3057,12445,3826,12526,3180,4575,20,131,18178,31852,22,115,6,1223,772,7,2430
912,2943,912.0240887314168,99838,130,66,121,37,55486,28641,0.8426350688114745,60,41,26256,29097,15958,9660,7473,11097,45431,36200,4000,1280,5473,3056,12420,3827,12520,3191,4575,21,138,18137,31778,22,115,6,1260,795,8,2496
913,2943,913.4559452199392,99838,135,65,121,37,55511,28651,0.8429856367315051,54,46,26315,29136,15900,9594,7473,11120,45431,36200,4104,1319,5472,3055,12391,3829,12506,3217,4574,22,148,18104,31697,22,115,6,1290,815,9,2566
914,2943,914.4086655483766,99838,126,68,121,37,55524,28662,0.8432260261623831,57,41,26369,29118,15846,9557,7479,11177,45431,36200,4208,1358,5468,3054,12363,3827,12493,3240,4574,26,159,18070,31618,22,115,6,1319,841,9,2634
915,2943,915.3597251777016,99838,126,71,121,37,55544,28673,0.8435365291772672,60,35,26414,29114,15793,9509,7484,11232,45431,36200,4312,1397,5463,3053,12339,3829,12484,3259,4572,31,165,18024,31550,22,115,6,1360,861,9,2696
916,2943,916.308883339606,99838,116,66,121,37,55557,28679,0.8437268374767123,64,41,26447,29110,15757,9471,7493,11273,45431,36200,4415,1437,5458,3050,12318,3833,12477,3274,4570,36,176,17992,31461,22,115,6,1388,879,10,2773
917,2943,917.2570745902875,99838,117,64,121,37,55573,28688,0.8439772431338769,61,41,26494,29115,15704,9424,7501,11317,45431,36200,4518,1477,5456,3050,12290,3834,12466,3295,4568,38,186,17960,31380,22,115,6,1415,903,11,2843
918,2943,918.2035846485088,99838,111,62,121,37,55587,28695,0.8441875838858951,61,42,26545,29120,15653,9379,7507,11358,45431,36200,4621,1518,5455,3047,12265,3838,12460,3314,4565,39,192,17920,31304,22,115,6,1451,921,11,2913
919,2943,919.1484387446415,99838,114,59,121,37,55606,28702,0.8444480057693463,49,42,26575,29115,15615,9339,7524,11406,45431,36200,4723,1559,5453,3047,12240,3836,12453,3332,4565,41,202,17881,31223,22,115,6,1485,942,12,2983
920,2943,920.0920056691238,99837,109,61,121,38,55615,28713,0.8446567905686269,55,39,26611,29103,15569,9299,7533,11458,45431,36200,4825,1600,5453,3045,12214,3839,12435,3358,4563,41,207,17851,31154,22,115,6,1512,964,14,3044
921,2943,921.0345922009864,99837,96,66,121,38,55621,28724,0.8448270681210373,58,33,26661,29100,15517,9257,7545,11504,45431,36200,4926,1642,5451,3043,12185,3841,12420,3383,4562,43,213,17815,31085,22,114,7,1542,990,15,3106
922,2943,922.4449857550795,99837,106,63,121,38,55645,28733,0.8451576068992458,51,30,26739,29127,15444,9214,7537,11526,45431,36200,5027,1684,5450,3041,12167,3841,12407,3405,4562,44,222,17771,31007,22,113,8,1580,1007,16,3174
923,2943,923.382939100086,99837,107,56,121,38,55658,28736,0.8453178681250438,47,35,26790,29119,15388,9177,7545,11573,45431,36200,5127,1726,5449,3041,12138,3841,12395,3426,4562,45,230,17736,30931,22,112,9,1611,1031,17,3241
924,2943,924.3192337462391,99837,107,57,121,38,55670,28748,0.8455582599637409,52,30,26844,29115,15325,9128,7549,11630,45431,36200,5226,1769,5448,3040,12106,3843,12387,3443,4560,46,237,17701,30858,22,112,9,1642,1059,19,3305
925,2943,925.2538678236564,99837,100,54,121,38,55684,28750,0.8457185211895389,48,35,26880,29106,15284,9090,7565,11675,45431,36200,5325,1812,5447,3036,12081,3846,12379,3461,4560,47,247,17660,30783,22,112,9,1678,1080,19,3370
926,2943,926.1871361373795,99837,93,57,121,38,55692,28760,0.8458988150685618,45,31,26922,29095,15236,9061,7581,11716,45431,36200,5423,1855,5445,3034,12066,3847,12368,3481,4560,49,255,17620,30705,22,112,9,1713,1092,19,3440
927,2943,927.1191085080515,99837,97,54,121,38,55704,28765,0.8460690926209722,44,29,26966,29090,15186,9025,7584,11762,45431,36200,5520,1899,5443,3032,12035,3849,12363,3495,4560,51,256,17582,30641,22,111,10,1744,1121,21,3501
928,2943,928.0495535351329,99837,94,56,121,38,55711,28773,0.8462193375201579,44,26,27002,29089,15143,8983,7594,11806,45431,36200,5616,1943,5443,3031,11997,3849,12350,3515,4560,51,263,17560,30574,22,109,12,1764,1155,21,3561
929,2943,929.4426441782772,99837,96,57,121,38,55725,28782,0.8464497130322426,45,26,27081,29118,15063,8935,7592,11824,45431,36200,5712,1987,5441,3031,11973,3849,12338,3534,4560,53,271,17530,30493,22,109,12,1791,1175,22,3633
930,2943,930.3690401262941,99837,90,58,121,38,55733,28788,0.8465899416048158,49,23,27126,29117,15006,8899,7606,11863,45431,36200,5807,2031,5439,3029,11953,3852,12320,3558,4559,55,275,17499,30418,22,109,12,1817,1194,22,3704
931,2943,931.2939651593795,99837,91,60,121,38,55744,28794,0.8467602191572263,50,27,27170,29102,14952,8866,7614,11905,45431,36200,5901,2076,5439,3028,11930,3851,12304,3578,4559,55,280,17463,30350,22,109,12,1852,1216,23,3766
932,2943,932.2173576482712,99837,94,54,121,38,55761,28799,0.8469805783426986,49,28,27203,29098,14899,8835,7632,11945,45431,36200,5994,2121,5436,3028,11904,3852,12288,3602,4557,58,287,17439,30269,22,109,12,1872,1239,24,3839
933,2943,933.1395933892227,99837,100,54,121,38,55781,28810,0.8472910844676823,44,30,27230,29103,14856,8797,7647,11976,45431,36200,6086,2166,5434,3028,11882,3851,12274,3625,4557,60,296,17412,30189,22,108,13,1896,1256,27,3907
934,2943,934.0608525452632,99837,90,57,121,38,55792,28817,0.8474713783467052,40,32,27290,29100,14802,8757,7655,12014,45431,36200,6177,2211,5431,3027,11858,3851,12265,3643,4556,63,305,17369,30124,22,108,13,1936,1276,27,3963
935,2943,935.4393890614633,99837,77,64,121,38,55802,28831,0.8477117701854022,47,32,27350,29131,14750,8704,7653,12029,45431,36200,6267,2257,5428,3024,11831,3857,12261,3658,4553,66,311,17328,30054,22,108,13,1969,1301,28,4025
936,2943,936.3567531097469,99837,68,57,121,38,55808,28836,0.8478219497781384,50,33,27392,29146,14695,8672,7672,12052,45431,36200,6356,2303,5426,3024,11805,3857,12251,3676,4552,68,317,17298,29981,22,108,13,1995,1324,34,4086
937,2943,937.2728263385146,99837,74,57,121,38,55820,28845,0.8480322926369983,47,29,27431,29149,14640,8623,7685,12102,45431,36200,6444,2349,5425,3023,11781,3858,12237,3695,4551,69,322,17263,29920,22,108,13,2028,1346,34,4142
938,2943,938.1876091340166,99837,74,60,121,38,55833,28856,0.8482726844756954,48,26,27465,29147,14596,8590,7694,12137,45431,36200,6531,2395,5423,3023,11750,3857,12226,3712,4550,71,331,17234,29851,22,108,13,2056,1374,35,4201
939,2943,939.1011953572842,99837,72,59,121,38,55840,28862,0.8484028967216563,51,26,27510,29171,14535,8540,7709,12164,45431,36200,6617,2441,5420,3022,11720,3858,12218,3727,4550,74,335,17191,29798,22,108,13,2098,1398,36,4249
940,2943,940.0132902366474,99837,78,61,121,38,55852,28870,0.8486032232539039,44,23,27559,29169,14476,8506,7720,12201,45431,36200,6702,2487,5419,3022,11697,3858,12200,3752,4550,75,339,17159,29738,22,108,13,2124,1420,36,4305
941,2943,941.3784640448496,99837,81,63,121,38,55866,28878,0.8488235824393762,57,30,27611,29186,14409,8461,7719,12220,45431,36200,6786,2533,5417,3022,11682,3855,12189,3770,4549,77,344,17128,29666,22,108,13,2153,1434,37,4371
942,2943,942.2869140902424,99837,85,61,121,38,55884,28882,0.8490439416248485,50,36,27648,29184,14360,8427,7734,12252,45431,36200,6869,2580,5414,3022,11661,3855,12170,3797,4549,80,351,17101,29600,22,108,13,2178,1449,38,4429
943,2943,943.1942784039871,99837,85,62,121,38,55895,28888,0.8492142191772589,44,33,27690,29191,14311,8381,7747,12293,45431,36200,6951,2627,5414,3021,11643,3856,12149,3823,4549,80,357,17066,29541,22,106,15,2210,1465,38,4482
944,2943,944.1004486835432,99837,79,59,121,38,55903,28897,0.8493844967296693,53,32,27726,29212,14259,8343,7760,12314,45431,36200,7032,2674,5414,3020,11615,3854,12139,3848,4549,80,365,17032,29487,22,106,15,2241,1485,39,4526
945,2943,945.0052464202654,99837,71,57,121,38,55907,28903,0.8494846599957931,61,36,27763,29208,14209,8316,7773,12343,45431,36200,7111,2721,5413,3019,11592,3854,12129,3866,4549,81,373,16998,29422,22,106,15,2272,1504,39,4583
946,2943,946.3601295548945,99837,72,57,121,38,55920,28911,0.849695002854653,63,28,27826,29232,14136,8287,7780,12356,45431,36200,7189,2768,5408,3019,11564,3855,12122,3879,4547,86,378,16970,29357,22,106,15,2298,1529,41,4641
947,2943,947.2615669712259,99837,74,59,121,38,55932,28919,0.8498953293869006,63,27,27863,29235,14076,8257,7801,12382,45431,36200,7266,2815,5408,3019,11539,3853,12109,3900,4547,86,385,16946,29292,22,106,15,2319,1551,41,4699
948,2943,948.161784129143,99837,80,54,121,38,55947,28921,0.8500656069393111,58,32,27901,29222,14025,8239,7813,12413,45431,36200,7342,2862,5408,3019,11518,3853,12096,3918,4547,86,395,16917,29223,22,106,15,2346,1569,41,4758
949,2943,949.0608633274502,99837,81,56,121,38,55957,28930,0.8502559171449463,56,29,27930,29212,13980,8212,7830,12451,45431,36200,7417,2909,5408,3019,11499,3852,12082,3940,4547,86,399,16887,29162,22,106,15,2371,1586,44,4812
950,2943,950.4076108437099,99837,78,52,121,38,55971,28939,0.8504862926570309,57,33,27995,29240,13920,8186,7827,12449,45431,36200,7491,2956,5407,3018,11476,3851,12077,3959,4546,87,408,16854,29105,22,105,16,2397,1605,47,4857
951,2943,951.3036786819492,99837,78,50,121,38,55984,28945,0.8506766028626661,52,33,28017,29242,13883,8159,7847,12476,45431,36200,7564,3003,5404,3018,11453,3852,12058,3985,4545,90,415,16833,29042,22,105,16,2416,1623,49,4911
952,2943,952.1990312479668,99837,83,46,121,38,55997,28952,0.8508769293949137,46,33,28075,29249,13814,8136,7859,12496,45431,36200,7636,3050,5401,3018,11431,3852,12046,4001,4545,93,425,16803,28979,22,105,16,2443,1644,49,4964
953,2943,953.0929077953112,99837,81,46,121,38,56003,28959,0.8510071416408747,56,29,28090,29266,13774,8102,7876,12517,45431,36200,7707,3097,5400,3018,11410,3853,12029,4021,4544,94,430,16781,28917,21,105,16,2464,1664,52,5018
954,2943,954.4319057176896,99837,76,44,121,38,56014,28965,0.851177419193285,57,31,28137,29300,13719,8069,7888,12516,45431,36200,7777,3144,5399,3017,11396,3852,12025,4037,4544,95,438,16736,28860,21,105,16,2502,1675,53,5066
955,2943,955.3234664715663,99837,74,47,121,38,56028,28975,0.8514178110319821,51,27,28186,29306,13676,8045,7890,12535,45431,36200,7846,3191,5398,3017,11374,3853,12024,4050,4542,96,440,16705,28800,21,105,16,2525,1694,56,5121
956,2943,956.2137585965778,99837,76,50,121,38,56039,28982,0.851598104911005,45,29,28217,29308,13633,8016,7906,12557,45431,36200,7913,3238,5396,3017,11351,3852,12010,4067,4542,98,446,16676,28748,21,105,16,2553,1716,56,5167
957,2943,957.1029261633139,99837,77,48,121,38,56054,28987,0.8517984314432525,43,33,28244,29319,13588,7990,7925,12570,45431,36200,7979,3285,5394,3014,11337,3853,11998,4087,4542,100,449,16644,28695,21,105,16,2580,1729,59,5214
958,2943,958.4349909639783,99837,77,49,121,38,56069,28997,0.8520488396085619,35,29,28309,29365,13533,7947,7923,12570,45431,36200,8044,3332,5391,3014,11315,3853,11992,4101,4541,103,457,16608,28641,21,105,16,2612,1748,60,5259
959,2943,959.3213353364073,99837,75,49,121,38,56076,29008,0.8522291334875848,36,21,28330,29390,13491,7918,7945,12582,45431,36200,8108,3379,5390,3013,11293,3855,11985,4118,4539,104,459,16569,28600,21,104,17,2647,1765,63,5295
960,2943,960.2069027647048,99837,74,50,121,38,56088,29014,0.8524094273666075,30,19,28351,29396,13454,7893,7968,12602,45431,36200,8171,3426,5389,3012,11272,3855,11968,4141,4539,105,466,16543,28550,21,104,17,2671,1784,63,5337
961,2943,961.3626235505025,99837,70,45,121,38,56097,29020,0.8525596722657932,32,21,28385,29448,13415,7856,7975,12590,45431,36200,8233,3472,5387,3012,11249,3855,11962,4159,4538,107,471,16512,28500,21,104,17,2696,1802,65,5380
962,2943,962.2466914824004,99837,69,46,121,38,56102,29022,0.8526297865520799,37,28,28411,29463,13374,7825,7986,12598,45431,36200,8294,3518,5387,3012,11225,3855,11956,4169,4538,107,472,16478,28459,21,104,17,2727,1825,67,5418
963,2943,963.1299367743711,99837,66,44,121,38,56113,29025,0.8527700151246532,27,26,28440,29476,13342,7806,8002,12608,45431,36200,8354,3564,5384,3012,11199,3854,11945,4189,4538,110,477,16452,28413,21,104,17,2751,1845,67,5459
964,2943,964.0123776735295,99837,67,46,121,38,56120,29032,0.8529102436972265,21,23,28479,29500,13285,7779,8025,12612,45431,36200,8413,3610,5383,3010,11180,3855,11930,4208,4538,111,480,16427,28368,21,104,17,2775,1862,67,5501
965,2943,965.192147469608,99837,63,51,121,38,56127,29040,0.8530604885964121,19,23,28532,29508,13230,7750,8033,12628,45431,36200,8471,3656,5383,3010,11162,3856,11911,4235,4537,111,482,16401,28325,21,104,17,2798,1875,68,5541
966,2943,966.068983007047,99837,65,55,121,38,56133,29045,0.8531706681891483,20,21,28558,29519,13180,7718,8054,12647,45431,36200,8528,3702,5382,3010,11152,3856,11892,4256,4537,112,482,16373,28287,21,104,17,2824,1885,69,5578
967,2943,967.1337117688437,99837,58,55,121,38,56140,29055,0.8533409457415587,27,18,28619,29562,13120,7688,8053,12637,45431,36200,8584,3748,5379,3009,11131,3857,11885,4273,4535,115,488,16341,28244,21,104,17,2850,1904,70,5614
968,2943,968.2548615315851,99837,60,53,121,38,56148,29057,0.8534411090076826,25,21,28644,29581,13084,7659,8064,12646,45431,36200,8639,3794,5379,3009,11115,3854,11873,4291,4535,115,491,16321,28191,21,104,17,2869,1918,71,5663
969,2943,969.2574546165604,99837,58,45,121,38,56157,29060,0.8535613049270311,34,21,28701,29628,13020,7636,8064,12630,45431,36200,8694,3839,5376,3007,11097,3856,11871,4301,4535,118,495,16298,28137,21,102,19,2888,1932,76,5708
970,2943,970.1319990120899,99837,58,47,121,38,56166,29064,0.853691517172992,32,23,28742,29638,12975,7605,8070,12647,45431,36200,8748,3884,5375,3007,11078,3856,11857,4318,4534,119,497,16277,28090,21,102,19,2908,1951,77,5751
971,2943,971.0053376799439,99837,58,40,121,38,56174,29065,0.8537816641125033,31,27,28774,29667,12931,7583,8083,12643,45431,36200,8801,3929,5375,3004,11060,3858,11846,4334,4534,119,503,16249,28045,21,102,19,2932,1969,77,5790
972,2943,972.0148242565581,99837,60,44,121,38,56182,29075,0.8539619579915262,41,21,28795,29697,12895,7549,8086,12649,45431,36200,8853,3974,5374,3003,11045,3859,11832,4351,4534,120,508,16222,27999,21,102,19,2957,1983,77,5831
973,2943,973.3217473054517,99837,64,42,121,38,56199,29078,0.8541622845237737,34,27,28856,29756,12846,7510,8077,12625,45431,36200,8904,4019,5371,3002,11028,3859,11826,4365,4534,123,512,16200,27947,21,101,20,2975,1997,78,5878
974,2943,974.1915198681893,99837,64,43,121,38,56205,29085,0.8542924967697346,34,26,28888,29772,12800,7486,8091,12633,45431,36200,8954,4064,5371,3002,11008,3858,11810,4386,4534,123,515,16176,27913,21,100,21,2998,2015,80,5906
975,2943,975.0602893868644,99837,65,49,121,38,56211,29095,0.8544527579955327,33,20,28922,29794,12758,7460,8099,12637,45431,36200,9003,4108,5371,3000,10999,3860,11797,4403,4534,123,518,16144,27873,21,100,21,3027,2023,80,5943
976,2943,976.1431469792906,99837,59,47,121,38,56217,29098,0.8545429049350441,37,24,28955,29834,12717,7420,8109,12635,45431,36200,9051,4152,5370,3000,10984,3857,11785,4422,4534,124,523,16115,27837,21,99,22,3054,2036,82,5972
977,2943,977.0097581060024,99837,59,48,121,38,56223,29101,0.8546330518745555,40,23,28970,29850,12674,7395,8134,12644,45431,36200,9099,4196,5370,2999,10967,3858,11767,4443,4534,124,525,16099,27796,21,99,22,3069,2051,84,6009
978,2943,978.3085596706508,99837,62,49,121,38,56235,29107,0.8548133457535784,36,24,29021,29899,12623,7368,8135,12620,45431,36200,9146,4240,5369,2999,10946,3856,11758,4457,4534,125,530,16073,27758,21,99,22,3093,2071,87,6039
979,2943,979.1732207925625,99837,63,45,121,38,56240,29109,0.8548834600398649,34,31,29060,29927,12577,7344,8143,12613,45431,36200,9192,4284,5368,2999,10932,3856,11748,4470,4534,126,533,16048,27719,21,98,23,3117,2083,87,6075
980,2943,980.0369228090773,99837,56,43,121,38,56242,29113,0.8549435579995392,38,29,29091,29970,12538,7312,8154,12606,45431,36200,9237,4327,5366,2998,10914,3858,11738,4486,4533,128,533,16029,27679,21,97,24,3133,2098,90,6112
981,2943,981.3304913375406,99837,53,46,121,38,56248,29123,0.8551038192253373,42,26,29148,30009,12484,7283,8150,12596,45431,36200,9281,4370,5364,2996,10898,3858,11730,4502,4533,130,535,16009,27638,21,97,24,3150,2111,90,6151
982,2943,982.1914197537977,99837,51,45,121,38,56252,29130,0.8552139988180735,46,22,29187,30027,12439,7262,8154,12604,45431,36200,9325,4413,5363,2995,10886,3860,11716,4519,4531,131,541,15982,27601,21,97,24,3176,2122,90,6182
983,2943,983.0513459546083,99837,59,44,121,38,56266,29135,0.8554043090237087,41,24,29217,30048,12400,7240,8160,12604,45431,36200,9368,4456,5362,2993,10876,3862,11706,4534,4531,132,543,15957,27560,21,97,24,3196,2132,92,6219
984,2943,984.3392200623813,99837,57,42,121,38,56278,29139,0.8555645702495067,38,26,29281,30110,12338,7207,8163,12575,45431,36200,9410,4499,5362,2993,10856,3862,11700,4546,4530,132,548,15937,27516,21,97,24,3214,2150,94,6255
985,2943,985.1963825855835,99837,55,41,121,38,56284,29143,0.8556647335156304,37,25,29314,30123,12302,7191,8169,12580,45431,36200,9451,4541,5361,2993,10839,3859,11688,4563,4530,133,550,15917,27481,21,97,24,3233,2166,97,6285
986,2943,986.0525899497909,99837,52,44,121,38,56288,29149,0.8557648967817543,43,21,29347,30155,12252,7165,8183,12575,45431,36200,9492,4583,5360,2993,10827,3859,11680,4575,4529,134,552,15893,27440,21,97,24,3256,2176,98,6323
987,2943,987.1461562604725,99837,53,46,121,38,56295,29155,0.8558951090277152,44,16,29354,30168,12215,7154,8211,12576,45431,36200,9532,4625,5360,2992,10808,3861,11670,4590,4528,134,551,15874,27408,21,97,24,3273,2192,101,6353
988,2943,988.1894390304398,99837,60,40,121,38,56310,29158,0.856075402906738,42,19,29421,30216,12155,7118,8199,12567,45431,36200,9571,4667,5360,2991,10795,3863,11657,4606,4527,134,559,15856,27366,21,97,24,3289,2204,103,6385
989,2943,989.1721678308563,99837,61,38,121,38,56321,29161,0.8562156314793112,34,17,29449,30236,12121,7097,8212,12572,45431,36200,9610,4708,5358,2991,10782,3862,11641,4626,4527,136,562,15830,27338,21,97,24,3314,2215,106,6407
990,2943,990.205683275476,99837,64,33,121,38,56332,29164,0.8563558600518846,29,20,29491,30284,12084,7068,8209,12555,45431,36200,9648,4749,5358,2990,10768,3862,11630,4643,4527,136,567,15809,27300,21,97,24,3332,2227,109,6437
991,2943,991.0044119600702,99837,70,33,121,38,56341,29168,0.8564860722978455,25,23,29517,30312,12047,7039,8218,12553,45431,36200,9685,4790,5358,2989,10755,3863,11617,4658,4527,136,567,15792,27264,21,97,24,3349,2238,112,6470
992,2943,992.0274228193209,99837,70,36,121,38,56349,29176,0.8566463335236435,30,21,29575,30344,11982,7024,8220,12535,45431,36200,9722,4831,5358,2988,10743,3866,11612,4669,4525,135,570,15769,27226,21,97,24,3368,2249,112,6505
993,2943,993.3001084453375,99837,68,44,121,38,56356,29186,0.856816611076054,32,18,29595,30364,11948,7003,8234,12531,45431,36200,9758,4871,5357,2988,10732,3867,11600,4684,4523,136,573,15751,27189,21,97,24,3384,2260,112,6539
994,2943,994.1170596427851,99837,73,41,121,38,56364,29188,0.8569167743421777,33,19,29633,30391,11900,6978,8238,12531,45431,36200,9793,4911,5356,2988,10725,3867,11592,4694,4523,137,577,15728,27149,21,97,24,3405,2267,112,6575
995,2943,995.1522810662163,99837,72,34,121,38,56377,29192,0.8570870518945882,29,26,29693,30429,11859,6958,8224,12513,45431,36200,9828,4951,5354,2988,10713,3868,11592,4705,4522,139,587,15707,27101,21,96,25,3418,2276,112,6613
996,2943,996.4195768307028,99837,74,41,121,38,56391,29204,0.85734747638651,25,22,29738,30460,11823,6934,8217,12503,45431,36200,9862,4991,5353,2987,10690,3866,11590,4716,4522,140,592,15689,27067,21,96,25,3434,2295,112,6642
997,2943,997.2633779764963,99837,72,45,121,38,56394,29211,0.8574476396526338,30,16,29735,30464,11804,6917,8236,12518,45431,36200,9896,5030,5353,2987,10677,3867,11578,4731,4521,140,593,15674,27035,21,96,25,3448,2306,114,6671
998,2943,998.323290140393,99837,71,47,121,38,56407,29220,0.8576679988381061,34,20,29794,30524,11748,6889,8230,12480,45431,36200,9929,5069,5352,2986,10657,3870,11570,4747,4518,141,595,15659,27007,21,96,25,3463,2319,117,6694
999,2943,999.2816086758513,99837,69,48,121,38,56413,29225,0.8577781784308423,37,19,29806,30550,11715,6873,8250,12470,45431,36200,9961,5108,5352,2986,10645,3870,11559,4763,4516,141,597,15643,26976,21,96,25,3477,2330,119,6721
1000,2943,1000.3103746254702,99837,67,48,121,38,56426,29235,0.858008553942927,34,20,29860,30620,11667,6839,8249,12433,45431,36200,9993,5147,5349,2983,10627,3872,11544,4785,4516,144,605,15633,26944,21,96,25,3485,2344,121,6743
1001,2943,1001.1506549205512,99837,74,43,121,38,56435,29235,0.8580987008824383,38,25,29877,30638,11627,6823,8261,12431,45431,36200,10024,5185,5349,2983,10616,3872,11537,4796,4516,144,607,15617,26912,21,96,25,3501,2351,122,6772
1002,2943,1002.4100510057739,99837,75,45,121,38,56447,29245,0.8583190600679107,39,21,29932,30704,11575,6792,8256,12398,45431,36200,10055,5223,5346,2982,10602,3874,11527,4812,4515,147,608,15601,26889,21,96,25,3512,2364,127,6789
1003,2943,1003.2482827260073,99837,71,44,121,38,56450,29248,0.8583791580275849,46,23,29961,30736,11537,6763,8262,12394,45431,36200,10085,5261,5346,2982,10591,3873,11518,4825,4515,147,611,15578,26861,21,96,25,3534,2374,128,6812
1004,2943,1004.0857192712509,99837,74,45,121,38,56462,29253,0.8585494355799954,43,21,29976,30771,11512,6741,8272,12382,45431,36200,10115,5298,5345,2981,10579,3875,11512,4835,4513,148,610,15565,26828,21,96,25,3546,2384,132,6842
1005,2943,1005.3409662741964,99837,72,49,121,38,56468,29260,0.8586796478259563,44,19,29995,30801,11485,6713,8281,12378,45431,36200,10144,5335,5343,2979,10568,3876,11502,4848,4513,150,611,15550,26797,21,96,25,3560,2394,133,6871
1006,2943,1006.0323197715327,99837,71,44,121,38,56480,29265,0.8588499253783667,46,18,30022,30845,11457,6694,8281,12359,45431,36200,10173,5372,5339,2979,10557,3877,11501,4857,4511,154,617,15525,26763,21,96,25,3580,2403,135,6897
1007,2943,1007.1048035286168,99837,79,41,121,38,56498,29270,0.8590803008904514,36,24,30070,30891,11414,6666,8278,12338,45431,36200,10201,5409,5339,2978,10549,3879,11495,4872,4510,154,621,15505,26728,21,96,25,3594,2409,136,6926
1008,2943,1008.3559172853803,99837,81,38,121,38,56511,29276,0.8592706110960866,37,31,30129,30938,11358,6637,8272,12316,45431,36200,10229,5445,5335,2974,10536,3883,11484,4884,4510,158,624,15482,26707,21,96,25,3616,2422,141,6939
1009,2943,1009.1886090974215,99837,86,39,121,38,56530,29281,0.8595110029347837,24,31,30163,30968,11325,6613,8279,12309,45431,36200,10256,5481,5334,2974,10519,3881,11479,4898,4510,159,629,15471,26679,21,96,25,3622,2437,143,6960
1010,2943,1010.0205257982096,99836,84,45,122,38,56537,29288,0.8596598421411115,31,30,30183,31009,11291,6588,8287,12288,45431,36200,10283,5517,5332,2974,10509,3882,11466,4913,4509,161,632,15453,26654,21,96,25,3638,2447,143,6981
1011,2943,1011.2670089479566,99836,82,47,122,38,56547,29296,0.8598401378260347,36,27,30244,31064,11240,6564,8274,12258,45431,36200,10309,5553,5330,2974,10495,3879,11466,4923,4509,163,635,15434,26629,21,96,25,3652,2459,145,7001
1012,2943,1012.0965507631819,99836,83,39,122,38,56558,29298,0.8599703513762571,30,33,30269,31096,11215,6553,8279,12239,45431,36200,10335,5588,5328,2974,10482,3879,11464,4932,4508,165,641,15414,26601,21,96,25,3670,2469,147,7020
1013,2943,1013.3396057276966,99836,83,40,122,38,56567,29307,0.8601506470611804,37,28,30322,31152,11153,6528,8281,12212,45431,36200,10361,5623,5328,2972,10470,3882,11456,4944,4507,165,648,15394,26575,21,96,25,3687,2480,148,7038
1014,2943,1014.1670082477705,99836,82,43,122,38,56575,29313,0.8602908770383428,43,25,30331,31177,11133,6508,8287,12207,45431,36200,10386,5658,5327,2970,10454,3886,11454,4952,4505,166,647,15382,26547,21,96,25,3695,2494,150,7065
1015,2943,1015.4073625711138,99836,79,44,122,38,56587,29318,0.860461156296326,44,26,30367,31230,11096,6483,8290,12177,45431,36200,10411,5692,5325,2970,10440,3884,11457,4960,4505,168,649,15367,26513,21,95,26,3704,2505,151,7096
1016,2943,1016.2334825194789,99836,79,47,122,38,56592,29325,0.8605813534196082,46,21,30413,31267,11051,6461,8287,12164,45431,36200,10435,5726,5325,2970,10428,3883,11446,4976,4505,168,652,15354,26491,21,95,26,3715,2515,151,7115
1017,2943,1017.0584609908927,99836,76,42,122,38,56600,29327,0.86068151768901,49,25,30435,31288,11024,6448,8292,12157,45431,36200,10459,5760,5325,2969,10415,3886,11440,4989,4503,168,657,15337,26463,21,95,26,3729,2524,153,7136
1018,2943,1018.2946691938572,99836,76,36,122,38,56614,29334,0.8608918626547538,43,25,30486,31346,10982,6425,8289,12128,45431,36200,10483,5794,5325,2968,10401,3886,11438,5003,4502,168,667,15319,26431,21,95,26,3743,2532,154,7157
1019,2943,1019.1176613563919,99836,77,41,122,38,56620,29340,0.861012059778036,46,24,30509,31376,10948,6408,8296,12111,45431,36200,10506,5827,5325,2965,10384,3889,11433,5009,4502,168,668,15309,26408,21,94,27,3752,2549,155,7178
1020,2943,1020.3508941864176,99836,81,46,122,38,56629,29349,0.8611923554629592,45,19,30533,31435,10913,6383,8304,12077,45431,36200,10529,5860,5324,2965,10369,3891,11428,5016,4500,169,667,15294,26388,21,94,27,3766,2563,159,7195
1021,2943,1021.0598376373175,99836,79,36,122,38,56637,29352,0.8613025361593013,47,23,30578,31472,10872,6377,8300,12052,45431,36200,10551,5893,5322,2964,10357,3892,11416,5035,4500,171,674,15279,26363,21,93,27,3777,2573,161,7211
1022,2943,1022.2902892592805,99836,73,27,122,38,56650,29356,0.8614728154172844,45,28,30622,31537,10836,6361,8300,12007,45431,36200,10573,5926,5321,2963,10343,3893,11419,5046,4499,172,680,15259,26337,21,93,27,3791,2581,163,7228
1023,2943,1023.1095719022645,99836,69,27,122,38,56655,29359,0.8615529468328058,49,27,30643,31568,10813,6342,8302,11996,45431,36200,10595,5958,5320,2962,10327,3894,11413,5055,4499,173,686,15251,26308,21,93,27,3798,2596,163,7250
1024,2943,1024.3371999118074,99836,72,30,122,38,56674,29366,0.8618133739332505,39,23,30717,31622,10769,6324,8279,11961,45431,36200,10616,5990,5320,2962,10318,3894,11406,5070,4498,173,692,15231,26285,21,93,27,3814,2602,164,7266
1025,2943,1025.1543250047366,99836,76,29,122,38,56686,29370,0.8619736367642934,35,23,30742,31660,10736,6302,8287,11946,45431,36200,10637,6022,5320,2961,10309,3896,11398,5083,4497,173,695,15220,26259,21,93,27,3821,2610,165,7288
1026,2943,1026.378410462109,99836,84,31,122,38,56698,29376,0.8621539324492167,35,19,30764,31712,10701,6282,8292,11916,45431,36200,10658,6053,5318,2961,10301,3896,11390,5093,4497,175,696,15208,26238,21,93,27,3832,2617,168,7305
1027,2943,1027.0060665330398,99836,84,36,122,38,56706,29382,0.8622941624263792,32,19,30777,31747,10678,6254,8305,11904,45431,36200,10678,6084,5318,2960,10295,3896,11382,5105,4497,175,697,15193,26217,21,93,27,3845,2622,170,7323
1028,2943,1028.3583097893006,99836,81,32,122,38,56713,29386,0.8624043431227213,38,19,30832,31803,10632,6235,8293,11871,45431,36200,10698,6115,5318,2959,10284,3898,11376,5117,4496,175,702,15178,26193,21,93,27,3857,2630,173,7339
1029,2943,1029.353143587464,99836,75,31,122,38,56722,29389,0.8625245402460034,39,19,30864,31861,10604,6203,8294,11846,45431,36200,10718,6146,5318,2958,10273,3901,11371,5131,4493,175,705,15163,26170,21,93,27,3865,2640,173,7359
1030,2943,1030.1003965818688,99836,79,31,122,38,56730,29391,0.8626247045154053,35,20,30864,31871,10595,6191,8303,11847,45431,36200,10737,6176,5318,2957,10264,3901,11360,5144,4493,175,707,15154,26149,21,92,28,3874,2648,173,7378
1031,2943,1031.055579257364,99836,71,35,122,38,56736,29398,0.8627549180656277,38,19,30913,31935,10561,6166,8293,11805,45431,36200,10756,6206,5318,2957,10253,3900,11361,5151,4493,175,712,15129,26131,21,92,28,3894,2657,175,7389
1032,2943,1032.0424758728457,99836,70,34,122,38,56742,29402,0.8628550823350295,43,18,30945,31963,10538,6151,8280,11794,45431,36200,10775,6236,5317,2955,10244,3903,11355,5159,4491,176,714,15120,26107,21,92,28,3902,2666,177,7409
1033,2943,1033.363210411656,99836,70,34,122,38,56758,29412,0.8631155094354742,46,17,31025,32056,10482,6111,8253,11742,45431,36200,10793,6266,5313,2955,10230,3901,11349,5173,4491,180,722,15103,26087,21,92,28,3917,2677,178,7419
1034,2943,1034.0602541106532,99836,65,37,122,38,56758,29416,0.8631555751432349,48,14,31019,32065,10471,6101,8273,11743,45431,36200,10811,6295,5313,2955,10217,3902,11345,5179,4490,180,724,15092,26068,21,92,28,3928,2688,179,7435
1035,2943,1035.1668606913836,99836,68,38,122,38,56771,29422,0.8633458872550983,48,14,31068,32143,10423,6073,8269,11692,45431,36200,10829,6324,5312,2954,10209,3900,11341,5189,4490,181,729,15078,26045,21,92,28,3940,2695,180,7452
1036,2943,1036.2226440410698,99836,71,31,122,38,56779,29425,0.8634560679514404,52,20,31104,32194,10376,6055,8273,11660,45431,36200,10847,6353,5311,2954,10200,3901,11333,5204,4489,182,732,15068,26025,21,92,28,3944,2703,182,7467
1037,2943,1037.176751373782,99836,65,31,122,38,56786,29429,0.8635662486477823,54,19,31129,32230,10353,6036,8275,11644,45431,36200,10864,6382,5310,2953,10189,3902,11329,5214,4489,183,734,15055,26005,21,92,28,3955,2710,186,7481
1038,2943,1038.1068776027068,99836,72,28,122,38,56799,29430,0.8637064786249449,49,25,31160,32267,10321,6016,8274,11624,45431,36200,10881,6410,5308,2951,10181,3905,11321,5223,4488,185,735,15043,25989,21,92,28,3967,2717,188,7494
1039,2943,1039.3144243685922,99836,72,26,122,38,56813,29434,0.8638867743098682,46,29,31211,32316,10291,5993,8256,11596,45431,36200,10898,6438,5304,2950,10172,3904,11315,5237,4488,189,740,15028,25971,21,92,28,3979,2723,189,7506
1040,2943,1040.1183155047113,99836,75,31,122,38,56822,29441,0.8640470371409111,45,26,31230,32346,10262,5981,8264,11576,45431,36200,10914,6466,5304,2949,10162,3904,11308,5249,4488,189,740,15018,25956,21,92,28,3989,2729,190,7520
1041,2943,1041.3229668631043,99836,77,39,122,38,56839,29450,0.8643074642413558,36,21,31285,32388,10224,5964,8254,11548,45431,36200,10930,6494,5301,2948,10147,3904,11306,5257,4487,192,743,15008,25938,21,92,28,3998,2741,191,7534
1042,2943,1042.1249505159922,99836,76,39,122,38,56848,29454,0.8644376777915782,35,20,31292,32418,10213,5951,8260,11532,45431,36200,10946,6521,5300,2948,10136,3904,11297,5269,4487,193,747,15002,25916,21,92,28,4003,2750,194,7549
1043,2943,1043.3271299899711,99836,70,30,122,38,56854,29458,0.86453784206098,39,21,31355,32466,10166,5945,8246,11498,45431,36200,10962,6548,5298,2948,10127,3905,11292,5282,4486,195,757,14993,25886,21,92,28,4008,2755,197,7566
1044,2943,1044.1274405573072,99836,64,30,122,38,56862,29461,0.864648022757322,38,22,31383,32495,10147,5930,8244,11483,45431,36200,10977,6575,5296,2946,10117,3906,11290,5291,4484,197,760,14980,25871,21,92,28,4020,2762,197,7578
1045,2943,1045.3266340457944,99836,64,25,122,38,56875,29467,0.8648383348691855,32,23,31406,32557,10131,5911,8243,11444,45431,36200,10992,6602,5295,2945,10106,3908,11293,5296,4483,198,770,14965,25842,21,92,28,4031,2769,199,7595
1046,2943,1046.1256001654508,99836,65,29,122,38,56881,29472,0.8649485155655274,31,19,31431,32578,10111,5898,8238,11436,45431,36200,11007,6628,5295,2945,10102,3907,11284,5308,4483,198,771,14955,25825,21,92,28,4041,2771,200,7610
1047,2943,1047.1202752823147,99836,60,30,122,38,56884,29474,0.8649985977002284,32,19,31454,32605,10092,5882,8238,11424,45431,36200,11022,6654,5295,2945,10088,3906,11282,5317,4483,198,772,14947,25810,21,92,28,4048,2780,201,7623
1048,2943,1048.2637116395895,99836,59,33,122,38,56894,29483,0.8651889098120918,37,17,31506,32694,10050,5847,8224,11369,45431,36200,11037,6680,5295,2945,10078,3906,11276,5330,4483,198,775,14934,25797,21,92,28,4057,2787,206,7628
1049,2943,1049.1858681517801,99836,59,35,122,38,56897,29486,0.865249008373733,38,15,31527,32722,10028,5837,8224,11351,45431,36200,11051,6706,5295,2945,10072,3906,11271,5337,4483,198,776,14923,25780,21,92,28,4066,2793,207,7643
1050,2943,1050.381420431326,99836,65,34,122,38,56913,29490,0.8654493369125366,29,17,31563,32776,10000,5817,8219,11316,45431,36200,11065,6731,5293,2945,10064,3904,11272,5344,4483,200,778,14907,25767,21,92,28,4078,2800,209,7651
1051,2943,1051.1079215947336,99836,61,36,122,38,56916,29494,0.8655194519011178,33,19,31585,32808,9977,5796,8220,11301,45431,36200,11079,6756,5293,2945,10054,3903,11269,5351,4483,200,782,14897,25747,21,92,28,4086,2809,209,7667
1052,2943,1052.0923620308147,99836,60,33,122,38,56921,29502,0.8656496654513401,38,15,31611,32853,9946,5783,8221,11276,45431,36200,11093,6781,5291,2945,10047,3905,11261,5364,4481,202,784,14889,25729,21,92,28,4091,2814,213,7679
1053,2943,1053.0306832971326,99836,61,34,122,38,56929,29508,0.8657898954285027,37,13,31653,32878,9909,5773,8216,11262,45431,36200,11106,6806,5290,2945,10037,3904,11258,5373,4481,203,785,14878,25714,21,92,28,4100,2821,215,7691
1054,2943,1054.0633939231068,99836,69,31,122,38,56946,29510,0.8659802075403662,30,15,31718,32943,9867,5750,8192,11221,45431,36200,11119,6831,5287,2945,10027,3905,11255,5378,4480,206,789,14868,25699,21,92,28,4109,2830,218,7699
1055,2943,1055.0301098600926,99836,67,30,122,38,56952,29513,0.8660703553828278,34,16,31744,32985,9838,5731,8193,11198,45431,36200,11132,6855,5286,2944,10016,3907,11255,5383,4479,207,792,14856,25682,21,92,28,4118,2839,218,7713
1056,2943,1056.31242573028,99836,66,32,122,38,56961,29518,0.8662105853599904,31,14,31782,33021,9809,5713,8188,11180,45431,36200,11145,6879,5285,2944,10006,3907,11254,5389,4477,208,793,14844,25668,21,92,28,4129,2847,219,7725
1057,2943,1057.1083668340962,99836,67,34,122,38,56969,29521,0.8663207660563323,27,14,31827,33065,9770,5701,8185,11146,45431,36200,11158,6903,5285,2943,10003,3907,11252,5394,4477,208,795,14829,25651,21,92,28,4143,2849,220,7739
1058,2943,1058.0329751780607,99836,69,35,122,38,56975,29524,0.866410913898794,24,16,31857,33100,9742,5684,8184,11125,45431,36200,11171,6927,5285,2943,9998,3908,11245,5402,4476,208,794,14823,25632,21,92,28,4148,2854,223,7756
1059,2943,1059.1947967118613,99836,65,33,122,38,56986,29526,0.8665411274490163,26,21,31921,33191,9708,5652,8156,11063,45431,36200,11183,6950,5283,2940,9988,3912,11239,5413,4475,210,798,14809,25620,21,92,28,4161,2860,223,7764
1060,2943,1060.373833494868,99836,62,35,122,38,56994,29532,0.8666813574261789,35,23,31955,33239,9675,5627,8149,11036,45431,36200,11195,6973,5282,2939,9976,3913,11238,5422,4475,211,801,14800,25606,21,92,28,4166,2868,223,7775
1061,2943,1061.1591065067976,99836,61,37,122,38,57000,29538,0.8668015545494611,34,19,31985,33264,9653,5620,8143,11020,45431,36200,11207,6996,5282,2939,9969,3913,11232,5432,4475,211,803,14788,25592,21,92,28,4177,2873,223,7786
1062,2943,1062.0329073832168,99836,57,35,122,38,57007,29541,0.8669017188188629,34,23,32031,33287,9620,5609,8134,11006,45431,36200,11219,7019,5279,2939,9964,3912,11234,5439,4475,214,807,14776,25570,21,92,28,4183,2876,223,7804
1063,2943,1063.2079826624367,99836,49,36,122,38,57011,29546,0.8669918666613246,40,22,32081,33333,9584,5591,8122,10978,45431,36200,11231,7042,5279,2938,9952,3914,11233,5447,4473,214,809,14766,25557,21,92,28,4190,2885,225,7813
1064,2943,1064.38117350262,99836,60,35,122,38,57027,29548,0.8671721623462478,32,24,32145,33390,9543,5571,8096,10940,45431,36200,11242,7064,5278,2938,9948,3915,11226,5457,4472,215,812,14756,25542,21,92,28,4197,2889,225,7825
1065,2943,1065.16196158311,99836,62,38,122,38,57035,29554,0.8673123923234104,33,22,32164,33425,9523,5560,8094,10915,45431,36200,11253,7086,5278,2938,9941,3915,11220,5467,4472,215,813,14744,25532,21,91,29,4207,2894,227,7832
1066,2943,1066.33189561722,99836,57,34,122,38,57045,29555,0.8674225730197523,30,27,32209,33479,9492,5545,8088,10875,45431,36200,11264,7108,5277,2937,9933,3917,11216,5478,4470,216,818,14732,25519,21,91,29,4217,2898,228,7839
1067,2943,1067.110960556549,99836,56,38,122,38,57050,29562,0.8675427701430346,28,27,32246,33513,9461,5523,8085,10859,45431,36200,11275,7130,5277,2936,9928,3917,11211,5487,4470,216,822,14722,25503,21,91,29,4227,2900,228,7851
1068,2943,1068.2780717945443,99836,51,40,122,38,57057,29571,0.8677030329740775,28,22,32292,33562,9427,5511,8078,10825,45431,36200,11286,7152,5276,2935,9920,3919,11210,5497,4469,217,825,14708,25488,21,91,29,4236,2904,229,7862
1069,2943,1069.0552266805416,99836,49,38,122,38,57063,29573,0.8677831643895989,27,21,32327,33594,9405,5501,8068,10806,45431,36200,11297,7173,5276,2933,9912,3921,11206,5507,4468,217,828,14701,25475,21,91,29,4241,2909,229,7872
1070,2943,1070.219570806079,99836,52,31,122,38,57075,29577,0.8679434272206419,25,23,32375,33649,9373,5487,8051,10770,45431,36200,11308,7194,5276,2932,9902,3921,11206,5517,4468,217,830,14689,25462,21,91,29,4245,2918,233,7879
1071,2943,1071.382271841865,99836,45,35,122,38,57076,29583,0.8680135422092231,30,22,32426,33704,9344,5462,8031,10737,45431,36200,11318,7215,5276,2929,9893,3924,11203,5523,4468,217,830,14681,25452,21,91,29,4253,2925,235,7886
1072,2943,1072.156321051711,99836,49,32,122,38,57082,29585,0.8680936736247445,26,24,32450,33737,9319,5452,8032,10715,45431,36200,11328,7236,5273,2929,9886,3924,11198,5529,4468,220,831,14673,25441,21,91,29,4260,2932,236,7895
1073,2943,1073.3162560208227,99836,52,36,122,38,57090,29592,0.8682439200288473,29,23,32502,33795,9273,5434,8020,10672,45431,36200,11338,7257,5273,2929,9879,3923,11191,5540,4468,220,833,14667,25430,21,90,30,4265,2937,237,7903
1074,2943,1074.088491509172,99836,55,34,122,38,57096,29594,0.8683240514443687,25,23,32532,33836,9244,5417,8020,10650,45431,36200,11348,7277,5273,2929,9873,3923,11187,5546,4467,220,836,14659,25417,21,90,30,4273,2943,237,7912
1075,2943,1075.2455019149786,99836,55,39,122,38,57102,29601,0.8684542649945911,25,21,32576,33880,9202,5401,8018,10619,45431,36200,11358,7297,5272,2928,9863,3924,11184,5552,4467,221,837,14646,25410,21,90,30,4284,2952,237,7918
1076,2943,1076.015994204662,99836,59,39,122,38,57109,29604,0.868554429263993,24,22,32599,33913,9180,5386,8014,10600,45431,36200,11368,7317,5272,2928,9861,3923,11178,5560,4467,221,840,14640,25393,21,90,30,4289,2954,238,7931
1077,2943,1077.021656787485,99836,50,43,122,38,57112,29610,0.8686445771064546,26,17,32622,33946,9163,5374,8015,10580,45431,36200,11378,7337,5271,2928,9851,3924,11178,5565,4466,222,846,14630,25376,21,90,30,4297,2961,238,7942
1078,2943,1078.2291834429984,99836,44,42,122,38,57115,29618,0.8687547578027965,39,18,32677,34023,9125,5354,7991,10523,45431,36200,11387,7357,5270,2928,9844,3925,11178,5568,4464,223,853,14618,25361,21,90,30,4309,2966,242,7946
1079,2943,1079.0937973621324,99836,45,41,122,38,57121,29621,0.8688449056452582,39,18,32716,34060,9090,5343,7986,10498,45431,36200,11396,7376,5270,2928,9840,3927,11173,5575,4463,223,856,14611,25348,20,90,30,4316,2968,243,7955
1080,2943,1080.1125833256417,99836,40,40,122,38,57126,29626,0.86894506991466,39,17,32762,34094,9062,5334,7973,10475,45431,36200,11405,7395,5270,2928,9835,3928,11168,5584,4462,223,861,14603,25332,20,90,30,4322,2972,247,7961
1081,2943,1081.141837843825,99836,40,36,122,38,57136,29629,0.8690752834648824,32,16,32806,34127,9032,5328,7966,10453,45431,36200,11414,7414,5269,2927,9831,3930,11162,5595,4461,224,866,14593,25319,20,89,31,4329,2974,249,7967
1082,2943,1082.332750012766,99836,42,34,122,38,57144,29635,0.869215513442045,31,14,32874,34195,8992,5307,7937,10410,45431,36200,11423,7433,5269,2925,9827,3932,11162,5601,4461,224,872,14585,25297,20,89,31,4334,2975,249,7983
1083,2943,1083.2184754264642,99836,40,35,122,38,57146,29637,0.8692555791498057,34,15,32878,34214,8978,5289,7946,10407,45431,36200,11432,7452,5269,2925,9824,3931,11160,5606,4461,224,873,14576,25284,20,89,31,4341,2978,249,7995
1084,2943,1084.0413001815389,99836,41,31,122,38,57154,29642,0.869385792700028,33,13,32912,34256,8951,5283,7939,10377,45431,36200,11441,7471,5268,2923,9819,3931,11158,5615,4461,225,878,14565,25271,20,89,31,4350,2980,249,8003
1085,2943,1085.3123370730552,99836,42,33,122,38,57162,29647,0.8695160062502504,35,14,32951,34306,8928,5261,7920,10346,45431,36200,11450,7489,5267,2922,9818,3931,11152,5622,4461,226,881,14561,25256,20,89,31,4354,2981,251,8013
1086,2943,1086.2327112937537,99836,42,31,122,38,57170,29649,0.8696161705196522,30,16,32995,34341,8898,5256,7911,10316,45431,36200,11458,7507,5266,2921,9812,3933,11148,5630,4460,227,885,14554,25245,20,89,31,4360,2984,251,8020
1087,2943,1087.1657357975002,99836,49,32,122,38,57181,29653,0.869766416923755,27,16,33031,34391,8873,5237,7896,10284,45431,36200,11466,7525,5266,2920,9808,3934,11143,5637,4460,227,887,14545,25235,20,89,31,4368,2987,253,8026
1088,2943,1088.1490482716447,99836,49,31,122,38,57188,29661,0.8699166633278577,25,14,33076,34432,8842,5225,7884,10258,45431,36200,11474,7543,5263,2919,9799,3937,11141,5645,4458,230,891,14540,25224,20,89,31,4371,2992,253,8033
1089,2943,1089.2096143071306,99836,44,28,122,38,57192,29665,0.8699967947433791,27,12,33107,34468,8824,5221,7874,10231,45431,36200,11482,7561,5262,2918,9795,3939,11135,5654,4457,231,897,14535,25206,20,89,31,4374,2995,255,8043
1090,2943,1090.16133910408,99836,44,32,122,38,57197,29669,0.8700869425858407,26,12,33148,34512,8799,5209,7859,10195,45431,36200,11490,7579,5262,2917,9789,3939,11132,5659,4457,231,899,14530,25193,20,89,31,4378,3001,255,8054
1091,2943,1091.2304586000641,99836,42,26,122,38,57204,29672,0.8701871068552426,26,22,33208,34557,8770,5200,7830,10155,45431,36200,11498,7596,5262,2916,9786,3940,11134,5665,4456,231,906,14521,25172,20,89,31,4381,3003,255,8068
1092,2943,1092.3641508213234,99836,39,28,122,38,57211,29679,0.8703273368324052,24,24,33253,34606,8747,5178,7813,10124,45431,36200,11506,7613,5261,2916,9778,3940,11133,5672,4456,232,910,14518,25153,20,89,31,4382,3007,257,8081
1093,2943,1093.1191032269319,99836,37,26,122,38,57217,29683,0.870427501101807,25,25,33278,34637,8731,5169,7805,10103,45431,36200,11514,7630,5260,2916,9772,3939,11130,5680,4455,233,913,14514,25138,20,89,31,4385,3012,258,8091
1094,2943,1094.2503819953386,99835,37,32,122,39,57226,29691,0.8706065007261983,25,21,33320,34687,8702,5144,7792,10075,45431,36200,11522,7647,5258,2915,9765,3940,11127,5685,4455,234,916,14508,25126,20,89,31,4389,3019,260,8098
