,indexID,time,N,Inf_L,Inf_H,Dead_L,Dead_H,cum_cases_L,cum_cases_H,cum_sum_per_N,Exposed_L,Exposed_H,Sus_L,Sus_H,Rec_nat_L,Rec_nat_H,Rec_vax_L,Rec_vax_H,vaccinatedH,vaccinatedL,boostedH,boostedL,count_Naive,count_Delta,count_Delta_vaccine,count_two,count_three,count_four,count_Omicron,count_Omicron_star,count_Omicron_star_vaccine,count_Omicron_vaccine,count_Vaccine,count_WT,count_WT_vaccine,count_WT_vaccine_boost,count_Omicron_vaccine_boost,count_Delta_vaccine_boost,count_Omicron_star_vaccine_boost,count_Vaccine_boost
0,2673,1.0121894915557057,99998,4,10,0,0,5,10,0.0001500030000600012,20,16,49974,49973,1,0,0,0,0,0,0,0,99997,0,0,0,0,0,0,0,0,0,0,1,0,0,0,0,0,0
1,2673,2.219213533652745,99998,8,13,0,0,10,13,0.00023000460009200185,16,13,49973,49973,2,0,0,0,0,0,0,0,99996,0,0,0,0,0,0,0,0,0,0,2,0,0,0,0,0,0
2,2673,3.023253662692301,99998,10,13,0,0,13,14,0.00027000540010800215,13,14,49973,49971,3,1,0,0,0,0,0,0,99994,0,0,0,0,0,0,0,0,0,0,4,0,0,0,0,0,0
3,2673,4.005891648088006,99998,9,15,0,0,15,19,0.0003400068001360027,14,10,49970,49970,6,4,0,0,0,0,0,0,99988,0,0,0,0,0,0,0,0,0,0,10,0,0,0,0,0,0
4,2673,5.0516952838234035,99998,9,15,0,0,17,21,0.00038000760015200304,12,8,49970,49970,8,6,0,0,0,0,0,0,99984,0,0,0,0,0,0,0,0,0,0,14,0,0,0,0,0,0
5,2673,6.004496095751151,99998,8,17,0,0,17,24,0.0004100082001640033,15,7,49967,49968,9,7,0,0,0,0,0,0,99982,0,0,0,0,0,0,0,0,0,0,16,0,0,0,0,0,0
6,2673,7.034639586323748,99998,11,15,0,0,22,25,0.00047000940018800374,10,6,49967,49968,11,10,0,0,0,0,0,0,99977,0,0,0,0,0,0,0,0,0,0,21,0,0,0,0,0,0
7,2673,8.005344133892104,99998,11,11,0,0,25,25,0.000500010000200004,7,7,49967,49967,14,14,0,0,0,0,0,0,99970,0,0,0,0,0,0,0,0,0,0,28,0,0,0,0,0,0
8,2673,9.03904732284948,99998,13,12,0,0,29,29,0.0005800116002320047,7,6,49963,49964,16,17,0,0,0,0,0,0,99965,0,0,0,0,0,0,0,0,0,0,33,0,0,0,0,0,0
9,2673,10.015244008557229,99998,13,11,0,0,33,31,0.0006400128002560051,6,5,49960,49963,20,20,0,0,0,0,0,0,99958,0,0,0,0,0,0,0,0,0,0,40,0,0,0,0,0,0
10,2673,11.098833216573375,99998,10,9,0,0,33,31,0.0006400128002560051,7,6,49959,49962,23,22,0,0,0,0,0,0,99953,0,0,0,0,0,0,0,0,0,0,45,0,0,0,0,0,0
11,2673,12.062869197359374,99998,11,9,0,0,35,32,0.0006700134002680054,10,8,49954,49959,24,23,0,0,0,0,0,0,99951,0,0,0,0,0,0,0,0,0,0,47,0,0,0,0,0,0
12,2673,13.266019548835626,99998,12,7,0,0,36,32,0.0006800136002720054,11,8,49953,49960,23,24,0,0,0,0,0,0,99949,0,0,0,0,0,0,0,0,0,0,49,0,0,0,0,0,0
13,2673,14.05213470355436,99998,14,7,0,0,40,33,0.0007300146002920058,8,7,49952,49960,25,25,0,0,0,0,0,0,99946,0,0,0,0,0,0,0,0,0,0,52,0,0,0,0,0,0
14,2673,15.193276096516422,99998,13,8,0,0,42,35,0.0007700154003080061,7,7,49951,49958,28,26,0,0,0,0,0,0,99942,0,0,0,0,0,0,0,0,0,0,56,0,0,0,0,0,0
15,2673,16.061396611873622,99998,9,5,0,0,43,36,0.0007900158003160063,7,6,49950,49958,33,30,0,0,0,0,0,0,99933,0,0,0,0,0,0,0,0,0,0,65,0,0,0,0,0,0
16,2673,17.28708260442621,99998,10,4,0,0,45,37,0.0008200164003280065,5,5,49951,49958,33,32,0,0,0,0,0,0,99930,0,0,0,0,0,0,0,0,0,0,68,0,0,0,0,0,0
17,2673,18.04882985743695,99998,13,6,0,0,48,40,0.000880017600352007,3,3,49950,49957,33,33,0,0,0,0,0,0,99929,0,0,0,0,0,0,0,0,0,0,69,0,0,0,0,0,0
18,2673,19.175489155884673,99998,13,6,0,0,49,40,0.0008900178003560072,5,5,49947,49955,34,33,0,0,0,0,0,0,99928,0,0,0,0,0,0,0,0,0,0,70,0,0,0,0,0,0
19,2673,20.061473849577848,99998,11,5,0,0,50,40,0.0009000180003600072,6,5,49946,49955,36,34,0,0,0,0,0,0,99924,0,0,0,0,0,0,0,0,0,0,74,0,0,0,0,0,0
20,2673,21.113607596680062,99998,9,4,0,0,51,42,0.0009300186003720074,8,4,49943,49955,39,36,0,0,0,0,0,0,99918,0,0,0,0,0,0,0,0,0,0,80,0,0,0,0,0,0
21,2673,22.20863113414496,99998,10,5,0,0,53,43,0.0009600192003840077,7,5,49942,49953,40,36,0,0,0,0,0,0,99917,0,0,0,0,0,0,0,0,0,0,81,0,0,0,0,0,0
22,2673,23.04778166707872,99998,11,5,0,0,55,45,0.001000020000400008,6,6,49941,49950,41,38,0,0,0,0,0,0,99914,0,0,0,0,0,0,0,0,0,0,84,0,0,0,0,0,0
23,2673,24.194808290199646,99998,10,4,0,0,55,45,0.001000020000400008,10,6,49937,49951,42,38,0,0,0,0,0,0,99912,0,0,0,0,0,0,0,0,0,0,86,0,0,0,0,0,0
24,2673,25.02970102441792,99998,10,6,0,0,56,47,0.0010300206004120083,9,5,49937,49951,43,37,0,0,0,0,0,0,99911,0,0,0,0,0,0,0,0,0,0,87,0,0,0,0,0,0
25,2673,26.280185665620063,99998,11,7,0,0,58,49,0.0010700214004280085,9,4,49936,49950,43,38,0,0,0,0,0,0,99909,0,0,0,0,0,0,0,0,0,0,89,0,0,0,0,0,0
26,2673,27.17334815507081,99998,13,7,0,0,60,50,0.001100022000440009,8,3,49935,49950,43,39,0,0,0,0,0,0,99908,0,0,0,0,0,0,0,0,0,0,90,0,0,0,0,0,0
27,2673,28.058402574979556,99998,11,8,0,0,60,51,0.0011100222004440088,12,5,49931,49948,45,38,0,0,0,0,0,0,99906,0,0,0,0,0,0,0,0,0,0,92,0,0,0,0,0,0
28,2673,29.233009494729423,99998,13,6,0,0,63,51,0.001140022800456009,11,6,49929,49947,46,40,0,0,0,0,0,0,99903,0,0,0,0,0,0,0,0,0,0,95,0,0,0,0,0,0
29,2673,30.001277458583385,99998,12,8,0,0,64,53,0.0011700234004680093,11,5,49929,49946,47,40,0,0,0,0,0,0,99901,0,0,0,0,0,0,0,0,0,0,97,0,0,0,0,0,0
30,2673,31.136765239912283,99998,12,10,0,0,67,55,0.0012200244004880098,10,4,49927,49945,50,40,0,0,0,0,0,0,99898,0,0,0,0,0,0,0,0,0,0,100,0,0,0,0,0,0
31,2673,32.14244482533721,99998,11,11,0,0,71,57,0.0012800256005120103,8,2,49925,49945,55,41,0,0,0,0,0,0,99892,0,0,0,0,0,0,0,0,0,0,106,0,0,0,0,0,0
32,2673,33.04969037179242,99998,11,11,0,0,72,57,0.0012900258005160102,8,2,49925,49945,55,41,0,0,0,0,0,0,99891,0,0,0,0,0,0,0,0,0,0,107,0,0,0,0,0,0
33,2673,34.03902587938535,99998,9,9,0,0,73,57,0.0013000260005200104,9,2,49923,49945,58,43,0,0,0,0,0,0,99886,0,0,0,0,0,0,0,0,0,0,112,0,0,0,0,0,0
34,2673,35.04836792838034,99998,8,8,0,0,74,59,0.0013300266005320106,9,2,49922,49943,60,46,0,0,0,0,0,0,99881,0,0,0,0,0,0,0,0,0,0,117,0,0,0,0,0,0
35,2673,36.32762996110713,99998,6,6,0,0,75,60,0.0013500270005400107,8,3,49923,49942,62,48,0,0,0,0,0,0,99875,0,0,0,0,0,0,0,0,0,0,123,0,0,0,0,0,0
36,2673,37.020662225648366,99998,9,5,0,0,78,60,0.001380027600552011,6,5,49922,49940,62,49,0,0,0,0,0,0,99874,0,0,0,0,0,0,0,0,0,0,124,0,0,0,0,0,0
37,2673,38.238458572708616,99998,5,7,0,0,79,62,0.0014100282005640114,6,3,49921,49940,67,49,0,0,0,0,0,0,99869,0,0,0,0,0,0,0,0,0,0,129,0,0,0,0,0,0
38,2673,39.03603824393836,99998,5,5,0,0,80,62,0.0014200284005680113,5,3,49921,49940,68,51,0,0,0,0,0,0,99866,0,0,0,0,0,0,0,0,0,0,132,0,0,0,0,0,0
39,2673,40.09876016648757,99998,5,4,0,0,81,63,0.0014400288005760116,5,2,49920,49940,69,53,0,0,0,0,0,0,99863,0,0,0,0,0,0,0,0,0,0,135,0,0,0,0,0,0
40,2673,41.31536384917331,99998,6,4,0,0,84,63,0.0014700294005880118,2,2,49922,49940,69,53,0,0,0,0,0,0,99861,0,0,0,0,0,0,0,0,0,0,137,0,0,0,0,0,0
41,2673,42.1894184522528,99998,5,4,0,0,84,63,0.0014700294005880118,2,2,49922,49940,70,53,0,0,0,0,0,0,99860,0,0,0,0,0,0,0,0,0,0,138,0,0,0,0,0,0
42,2673,43.28907241685398,99998,4,4,0,0,85,64,0.001490029800596012,1,2,49923,49940,71,53,0,0,0,0,0,0,99857,0,0,0,0,0,0,0,0,0,0,141,0,0,0,0,0,0
43,2673,44.192694891652984,99998,5,2,0,0,86,64,0.001500030000600012,1,2,49923,49940,70,55,0,0,0,0,0,0,99855,0,0,0,0,0,0,0,0,0,0,143,0,0,0,0,0,0
44,2673,45.18804116432765,99998,6,2,0,0,87,64,0.001510030200604012,0,3,49923,49939,70,55,0,0,0,0,0,0,99855,0,0,0,0,0,0,0,0,0,0,143,0,0,0,0,0,0
45,2673,46.205918688884466,99998,6,3,0,0,87,65,0.0015200304006080122,1,2,49922,49939,70,55,0,0,0,0,0,0,99855,0,0,0,0,0,0,0,0,0,0,143,0,0,0,0,0,0
46,2673,47.17846700011684,99998,7,4,0,0,88,66,0.0015400308006160122,1,1,49921,49940,70,54,0,0,0,0,0,0,99855,0,0,0,0,0,0,0,0,0,0,143,0,0,0,0,0,0
47,2673,48.11870410144094,99998,8,4,0,0,89,67,0.0015600312006240125,2,1,49919,49939,70,55,0,0,0,0,0,0,99854,0,0,0,0,0,0,0,0,0,0,144,0,0,0,0,0,0
48,2673,49.19582546274382,99998,7,2,0,0,90,67,0.0015700314006280125,3,2,49917,49938,72,57,0,0,0,0,0,0,99850,0,0,0,0,0,0,0,0,0,0,148,0,0,0,0,0,0
49,2673,50.17996385092086,99998,7,3,0,0,90,68,0.0015800316006320126,4,2,49916,49937,72,57,0,0,0,0,0,0,99850,0,0,0,0,0,0,0,0,0,0,148,0,0,0,0,0,0
50,2673,51.26077790101928,99998,7,3,0,0,92,68,0.0016000320006400127,3,2,49915,49937,74,57,0,0,0,0,0,0,99848,0,0,0,0,0,0,0,0,0,0,150,0,0,0,0,0,0
51,2673,52.320151661894315,99998,4,3,0,0,92,68,0.0016000320006400127,3,2,49915,49937,77,57,0,0,0,0,0,0,99845,0,0,0,0,0,0,0,0,0,0,153,0,0,0,0,0,0
52,2673,53.271299301550236,99998,4,4,0,0,93,69,0.001620032400648013,2,3,49915,49935,78,57,0,0,0,0,0,0,99844,0,0,0,0,0,0,0,0,0,0,154,0,0,0,0,0,0
53,2673,54.205605585821566,99998,4,4,0,0,93,69,0.001620032400648013,2,4,49915,49935,78,56,0,0,0,0,0,0,99844,0,0,0,0,0,0,0,0,0,0,154,0,0,0,0,0,0
54,2673,55.215871391561976,99998,4,5,0,0,94,71,0.0016500330006600132,2,2,49914,49935,79,57,0,0,0,0,0,0,99842,0,0,0,0,0,0,0,0,0,0,156,0,0,0,0,0,0
55,2673,56.058802517386745,99998,4,6,0,0,94,72,0.0016600332006640132,2,4,49914,49932,79,57,0,0,0,0,0,0,99842,0,0,0,0,0,0,0,0,0,0,156,0,0,0,0,0,0
56,2673,57.2842221852546,99998,3,7,0,0,94,73,0.0016700334006680133,2,3,49914,49932,80,57,0,0,0,0,0,0,99841,0,0,0,0,0,0,0,0,0,0,157,0,0,0,0,0,0
57,2673,58.06925130599524,99998,3,7,0,0,95,75,0.0017000340006800136,1,2,49914,49931,81,59,0,0,0,0,0,0,99838,0,0,0,0,0,0,0,0,0,0,160,0,0,0,0,0,0
58,2673,59.0005233380943,99998,2,6,0,0,95,75,0.0017000340006800136,2,2,49913,49931,82,60,0,0,0,0,0,0,99836,0,0,0,0,0,0,0,0,0,0,162,0,0,0,0,0,0
59,2673,60.312051782675525,99998,1,4,0,0,95,75,0.0017000340006800136,3,2,49912,49932,83,61,0,0,0,0,0,0,99833,0,0,0,0,0,0,0,0,0,0,165,0,0,0,0,0,0
60,2673,61.33023676497332,99998,2,4,0,0,96,75,0.0017100342006840137,2,2,49913,49932,82,61,0,0,0,0,0,0,99833,0,0,0,0,0,0,0,0,0,0,165,0,0,0,0,0,0
61,2673,62.134860862797915,99998,1,3,0,0,96,75,0.0017100342006840137,3,2,49912,49932,83,62,0,0,0,0,0,0,99831,0,0,0,0,0,0,0,0,0,0,167,0,0,0,0,0,0
62,2673,63.153058310023106,99998,1,3,0,0,96,75,0.0017100342006840137,3,2,49912,49932,83,62,0,0,0,0,0,0,99831,0,0,0,0,0,0,0,0,0,0,167,0,0,0,0,0,0
63,2673,64.1932308554778,99998,1,1,0,0,97,75,0.0017200344006880139,2,2,49912,49932,84,64,0,0,0,0,0,0,99828,0,0,0,0,0,0,0,0,0,0,170,0,0,0,0,0,0
64,2673,65.21144946318665,99998,1,1,0,0,97,75,0.0017200344006880139,2,2,49912,49932,84,64,0,0,0,0,0,0,99828,0,0,0,0,0,0,0,0,0,0,170,0,0,0,0,0,0
65,2673,66.22966807089551,99998,1,1,0,0,97,75,0.0017200344006880139,2,2,49912,49932,84,64,0,0,0,0,0,0,99828,0,0,0,0,0,0,0,0,0,0,170,0,0,0,0,0,0
66,2673,67.0478625120165,99998,3,3,0,0,99,77,0.001760035200704014,0,0,49912,49932,84,64,0,0,0,0,0,0,99828,0,0,0,0,0,0,0,0,0,0,170,0,0,0,0,0,0
67,2673,68.06607925860317,99998,4,3,0,0,100,77,0.0017700354007080142,1,0,49910,49932,84,64,0,0,0,0,0,0,99828,0,0,0,0,0,0,0,0,0,0,170,0,0,0,0,0,0
68,2673,69.10627416332069,99998,3,3,0,0,100,77,0.0017700354007080142,2,0,49909,49933,85,63,0,0,0,0,0,0,99827,0,0,0,0,0,0,0,0,0,0,171,0,0,0,0,0,0
69,2673,70.12453249495407,99998,2,2,0,0,100,77,0.0017700354007080142,3,0,49908,49933,86,64,0,0,0,0,0,0,99825,0,0,0,0,0,0,0,0,0,0,173,0,0,0,0,0,0
70,2673,71.28114393479417,99998,3,1,0,0,101,77,0.0017800356007120143,2,0,49908,49934,86,64,0,0,0,0,0,0,99824,0,0,0,0,0,0,0,0,0,0,174,0,0,0,0,0,0
71,2673,72.00900199104285,99998,3,0,0,0,101,77,0.0017800356007120143,2,0,49910,49934,84,65,0,0,0,0,0,0,99823,0,0,0,0,0,0,0,0,0,0,175,0,0,0,0,0,0
72,2673,73.02725324871862,99998,3,0,0,0,101,77,0.0017800356007120143,2,0,49910,49934,84,65,0,0,0,0,0,0,99823,0,0,0,0,0,0,0,0,0,0,175,0,0,0,0,0,0
73,2673,74.01035314889698,99998,5,0,0,0,103,77,0.0018000360007200144,1,0,49909,49934,84,65,0,0,0,0,0,0,99823,0,0,0,0,0,0,0,0,0,0,175,0,0,0,0,0,0
74,2673,75.02860876874381,99998,5,0,0,0,103,77,0.0018000360007200144,1,0,49909,49934,84,65,0,0,0,0,0,0,99823,0,0,0,0,0,0,0,0,0,0,175,0,0,0,0,0,0
75,2673,76.28398452153228,99998,5,0,0,0,104,77,0.0018100362007240146,0,0,49909,49935,85,64,0,0,0,0,0,0,99822,0,0,0,0,0,0,0,0,0,0,176,0,0,0,0,0,0
76,2673,77.30225701525487,99998,5,0,0,0,104,77,0.0018100362007240146,1,0,49909,49935,84,64,0,0,0,0,0,0,99822,0,0,0,0,0,0,0,0,0,0,176,0,0,0,0,0,0
77,2673,78.15009192533779,99998,5,0,0,0,105,77,0.0018200364007280145,0,1,49909,49934,85,64,0,0,0,0,0,0,99821,0,0,0,0,0,0,0,0,0,0,177,0,0,0,0,0,0
78,2673,79.24305273728541,99998,3,0,0,0,105,77,0.0018200364007280145,0,1,49909,49934,87,64,0,0,0,0,0,0,99819,0,0,0,0,0,0,0,0,0,0,179,0,0,0,0,0,0
79,2673,80.06193135648488,99998,3,1,0,0,105,78,0.0018300366007320146,0,1,49911,49933,85,64,0,0,0,0,0,0,99819,0,0,0,0,0,0,0,0,0,0,179,0,0,0,0,0,0
80,2673,81.13449625940491,99998,1,1,0,0,105,78,0.0018300366007320146,0,1,49911,49933,87,64,0,0,0,0,0,0,99817,0,0,0,0,0,0,0,0,0,0,181,0,0,0,0,0,0
81,2673,82.15275927444432,99998,1,1,0,0,105,78,0.0018300366007320146,0,1,49911,49934,87,63,0,0,0,0,0,0,99817,0,0,0,0,0,0,0,0,0,0,181,0,0,0,0,0,0
82,2673,83.17102224756705,99998,1,1,0,0,105,78,0.0018300366007320146,1,1,49910,49935,87,62,0,0,0,0,0,0,99817,0,0,0,0,0,0,0,0,0,0,181,0,0,0,0,0,0
83,2673,84.18929576415175,99998,1,1,0,0,105,78,0.0018300366007320146,1,1,49910,49936,87,61,0,0,0,0,0,0,99817,0,0,0,0,0,0,0,0,0,0,181,0,0,0,0,0,0
84,2673,85.20756925279143,99998,0,0,0,0,105,78,0.0018300366007320146,1,1,49910,49936,88,62,0,0,0,0,0,0,99815,0,0,0,0,0,0,0,0,0,0,183,0,0,0,0,0,0
85,2673,86.1461267601166,99998,1,1,0,0,106,79,0.0018500370007400147,0,0,49910,49936,88,62,0,0,0,0,0,0,99815,0,0,0,0,0,0,0,0,0,0,183,0,0,0,0,0,0
86,2673,87.16441441133387,99998,1,1,0,0,106,79,0.0018500370007400147,0,1,49910,49935,88,62,0,0,0,0,0,0,99815,0,0,0,0,0,0,0,0,0,0,183,0,0,0,0,0,0
87,2673,88.18269922112515,99998,1,1,0,0,106,79,0.0018500370007400147,0,1,49911,49935,87,62,0,0,0,0,0,0,99815,0,0,0,0,0,0,0,0,0,0,183,0,0,0,0,0,0
88,2673,89.20096898093676,99998,0,0,0,0,106,79,0.0018500370007400147,1,1,49910,49936,88,62,0,0,0,0,0,0,99813,0,0,0,0,0,0,0,0,0,0,185,0,0,0,0,0,0
89,2673,90.16458454717268,99998,0,0,0,0,106,79,0.0018500370007400147,1,1,49910,49936,88,62,0,0,0,0,0,0,99813,0,0,0,0,0,0,0,0,0,0,185,0,0,0,0,0,0
90,2673,91.05363462884658,99998,1,1,0,0,107,80,0.001870037400748015,0,0,49910,49936,88,62,0,0,0,0,0,0,99813,0,0,0,0,0,0,0,0,0,0,185,0,0,0,0,0,0
91,2673,92.07192228006384,99998,1,1,0,0,107,80,0.001870037400748015,0,0,49910,49936,88,62,0,0,0,0,0,0,99813,0,0,0,0,0,0,0,0,0,0,185,0,0,0,0,0,0
92,2673,93.30948875881207,99998,0,0,0,0,107,80,0.001870037400748015,0,0,49911,49937,88,62,0,0,0,0,0,0,99811,0,0,0,0,0,0,0,0,0,0,187,0,0,0,0,0,0
93,2673,94.32776596656362,99998,0,0,0,0,107,80,0.001870037400748015,0,0,49912,49937,87,62,0,0,0,0,0,0,99811,0,0,0,0,0,0,0,0,0,0,187,0,0,0,0,0,0
94,2673,95.00660835239663,99998,0,0,0,0,107,80,0.001870037400748015,0,0,49912,49937,87,62,0,0,0,0,0,0,99811,0,0,0,0,0,0,0,0,0,0,187,0,0,0,0,0,0
95,2673,96.02487193114614,99998,0,0,0,0,107,80,0.001870037400748015,0,0,49913,49937,86,62,0,0,0,0,0,0,99811,0,0,0,0,0,0,0,0,0,0,187,0,0,0,0,0,0
96,2673,97.04311506721173,99998,0,0,0,0,107,80,0.001870037400748015,0,0,49913,49937,86,62,0,0,0,0,0,0,99811,0,0,0,0,0,0,0,0,0,0,187,0,0,0,0,0,0
97,2673,98.06135820327732,99998,0,0,0,0,107,80,0.001870037400748015,0,0,49913,49937,86,62,0,0,0,0,0,0,99811,0,0,0,0,0,0,0,0,0,0,187,0,0,0,0,0,0
98,2673,99.07960133934291,99998,0,0,0,0,107,80,0.001870037400748015,0,0,49914,49938,85,61,0,0,0,0,0,0,99811,0,0,0,0,0,0,0,0,0,0,187,0,0,0,0,0,0
99,2673,100.09782399162957,99998,0,0,0,0,107,80,0.001870037400748015,0,0,49914,49938,85,61,0,0,0,0,0,0,99811,0,0,0,0,0,0,0,0,0,0,187,0,0,0,0,0,0
100,2673,101.11604662994483,99998,0,0,0,0,107,80,0.001870037400748015,0,0,49914,49939,85,60,0,0,0,0,0,0,99811,0,0,0,0,0,0,0,0,0,0,187,0,0,0,0,0,0
101,2673,102.13426922634594,99998,0,0,0,0,107,80,0.001870037400748015,0,0,49914,49940,85,59,0,0,0,0,0,0,99811,0,0,0,0,0,0,0,0,0,0,187,0,0,0,0,0,0
102,2673,103.15249179480426,99998,0,0,0,0,107,80,0.001870037400748015,0,0,49915,49940,84,59,0,0,0,0,0,0,99811,0,0,0,0,0,0,0,0,0,0,187,0,0,0,0,0,0
103,2673,104.17069392221939,99998,0,0,0,0,107,80,0.001870037400748015,0,0,49915,49940,84,59,0,0,0,0,0,0,99811,0,0,0,0,0,0,0,0,0,0,187,0,0,0,0,0,0
104,2673,105.18889604963451,99998,0,0,0,0,107,80,0.001870037400748015,0,0,49915,49940,84,59,0,0,0,0,0,0,99811,0,0,0,0,0,0,0,0,0,0,187,0,0,0,0,0,0
105,2673,106.20709817704963,99998,0,0,0,0,107,80,0.001870037400748015,0,0,49915,49940,84,59,0,0,0,0,0,0,99811,0,0,0,0,0,0,0,0,0,0,187,0,0,0,0,0,0
106,2673,107.22530030446475,99998,0,0,0,0,107,80,0.001870037400748015,0,0,49915,49940,84,59,0,0,0,0,0,0,99811,0,0,0,0,0,0,0,0,0,0,187,0,0,0,0,0,0
107,2673,108.24350243187988,99998,0,0,0,0,107,80,0.001870037400748015,0,0,49915,49940,84,59,0,0,0,0,0,0,99811,0,0,0,0,0,0,0,0,0,0,187,0,0,0,0,0,0
108,2673,109.26169774588693,99998,0,0,0,0,107,80,0.001870037400748015,0,0,49917,49940,82,59,0,0,0,0,0,0,99811,0,0,0,0,0,0,0,0,0,0,187,0,0,0,0,0,0
109,2673,110.27985899367265,99998,0,0,0,0,107,80,0.001870037400748015,0,0,49917,49940,82,59,0,0,0,0,0,0,99811,0,0,0,0,0,0,0,0,0,0,187,0,0,0,0,0,0
110,2673,111.29802022748781,99998,0,0,0,0,107,80,0.001870037400748015,0,0,49917,49941,82,58,0,0,0,0,0,0,99811,0,0,0,0,0,0,0,0,0,0,187,0,0,0,0,0,0
111,2673,112.31618143336188,99998,0,0,0,0,107,80,0.001870037400748015,0,0,49917,49941,82,58,0,0,0,0,0,0,99811,0,0,0,0,0,0,0,0,0,0,187,0,0,0,0,0,0
112,2673,113.33434263923594,99998,0,0,0,0,107,80,0.001870037400748015,0,0,49917,49941,82,58,0,0,0,0,0,0,99811,0,0,0,0,0,0,0,0,0,0,187,0,0,0,0,0,0
113,2673,114.01311677648532,99998,0,0,0,0,107,80,0.001870037400748015,0,0,49917,49941,82,58,0,0,0,0,0,0,99811,0,0,0,0,0,0,0,0,0,0,187,0,0,0,0,0,0
114,2673,115.03127116949756,99998,0,0,0,0,107,80,0.001870037400748015,0,0,49919,49941,80,58,0,0,0,0,0,0,99811,0,0,0,0,0,0,0,0,0,0,187,0,0,0,0,0,0
115,2673,116.04939149901955,99998,0,0,0,0,107,80,0.001870037400748015,0,0,49919,49941,80,58,0,0,0,0,0,0,99811,0,0,0,0,0,0,0,0,0,0,187,0,0,0,0,0,0
116,2673,117.06751182854154,99998,0,0,0,0,107,80,0.001870037400748015,0,0,49919,49941,80,58,0,0,0,0,0,0,99811,0,0,0,0,0,0,0,0,0,0,187,0,0,0,0,0,0
117,2673,118.08563215806353,99998,0,0,0,0,107,80,0.001870037400748015,0,0,49919,49941,80,58,0,0,0,0,0,0,99811,0,0,0,0,0,0,0,0,0,0,187,0,0,0,0,0,0
118,2673,119.10374567526961,99998,0,0,0,0,107,80,0.001870037400748015,0,0,49920,49941,79,58,0,0,0,0,0,0,99811,0,0,0,0,0,0,0,0,0,0,187,0,0,0,0,0,0
119,2673,120.12184556784385,99998,0,0,0,0,107,80,0.001870037400748015,0,0,49921,49941,78,58,0,0,0,0,0,0,99811,0,0,0,0,0,0,0,0,0,0,187,0,0,0,0,0,0
120,2673,121.1399250242891,99998,0,0,0,0,107,80,0.001870037400748015,0,0,49921,49942,78,57,0,0,0,0,0,0,99811,0,0,0,0,0,0,0,0,0,0,187,0,0,0,0,0,0
121,2673,122.15800443882607,99998,0,0,0,0,107,80,0.001870037400748015,0,0,49921,49942,78,57,0,0,0,0,0,0,99811,0,0,0,0,0,0,0,0,0,0,187,0,0,0,0,0,0
122,2673,123.17608385336304,99998,0,0,0,0,107,80,0.001870037400748015,0,0,49921,49942,78,57,0,0,0,0,0,0,99811,0,0,0,0,0,0,0,0,0,0,187,0,0,0,0,0,0
123,2673,124.19416326790001,99998,0,0,0,0,107,80,0.001870037400748015,0,0,49923,49942,76,57,0,0,0,0,0,0,99811,0,0,0,0,0,0,0,0,0,0,187,0,0,0,0,0,0
124,2673,125.2122154359035,99998,0,0,0,0,107,80,0.001870037400748015,0,0,49923,49942,76,57,0,0,0,0,0,0,99811,0,0,0,0,0,0,0,0,0,0,187,0,0,0,0,0,0
125,2673,126.23025398064026,99998,0,0,0,0,107,80,0.001870037400748015,0,0,49923,49943,76,56,0,0,0,0,0,0,99811,0,0,0,0,0,0,0,0,0,0,187,0,0,0,0,0,0
126,2673,127.24829249743927,99998,0,0,0,0,107,80,0.001870037400748015,0,0,49923,49943,76,56,0,0,0,0,0,0,99811,0,0,0,0,0,0,0,0,0,0,187,0,0,0,0,0,0
127,2673,128.26632418904563,99998,0,0,0,0,107,80,0.001870037400748015,0,0,49925,49943,74,56,0,0,0,0,0,0,99811,0,0,0,0,0,0,0,0,0,0,187,0,0,0,0,0,0
128,2673,129.2843286363027,99998,0,0,0,0,107,80,0.001870037400748015,0,0,49925,49943,74,56,0,0,0,0,0,0,99811,0,0,0,0,0,0,0,0,0,0,187,0,0,0,0,0,0
129,2673,130.30232627260884,99998,0,0,0,0,107,80,0.001870037400748015,0,0,49925,49943,74,56,0,0,0,0,0,0,99811,0,0,0,0,0,0,0,0,0,0,187,0,0,0,0,0,0
130,2673,131.320323908915,99998,0,0,0,0,107,80,0.001870037400748015,0,0,49925,49943,74,56,0,0,0,0,0,0,99811,0,0,0,0,0,0,0,0,0,0,187,0,0,0,0,0,0
131,2673,132.33832154522113,99998,0,0,0,0,107,80,0.001870037400748015,0,0,49925,49943,74,56,0,0,0,0,0,0,99811,0,0,0,0,0,0,0,0,0,0,187,0,0,0,0,0,0
132,2673,133.0169866360919,99998,0,0,0,0,107,80,0.001870037400748015,0,0,49925,49944,74,55,0,0,0,0,0,0,99811,0,0,0,0,0,0,0,0,0,0,187,0,0,0,0,0,0
133,2673,134.03498424446144,99998,0,0,0,0,107,80,0.001870037400748015,0,0,49925,49945,74,54,0,0,0,0,0,0,99811,0,0,0,0,0,0,0,0,0,0,187,0,0,0,0,0,0
134,2673,135.052981810926,99998,0,0,0,0,107,80,0.001870037400748015,0,0,49925,49945,74,54,0,0,0,0,0,0,99811,0,0,0,0,0,0,0,0,0,0,187,0,0,0,0,0,0
135,2673,136.07097936342225,99998,0,0,0,0,107,80,0.001870037400748015,0,0,49925,49946,74,53,0,0,0,0,0,0,99811,0,0,0,0,0,0,0,0,0,0,187,0,0,0,0,0,0
136,2673,137.08897007730468,99998,0,0,0,0,107,80,0.001870037400748015,0,0,49927,49946,72,53,0,0,0,0,0,0,99811,0,0,0,0,0,0,0,0,0,0,187,0,0,0,0,0,0
137,2673,138.10693353505556,99998,0,0,0,0,107,80,0.001870037400748015,0,0,49927,49946,72,53,0,0,0,0,0,0,99811,0,0,0,0,0,0,0,0,0,0,187,0,0,0,0,0,0
138,2673,139.12489018240203,99998,0,0,0,0,107,80,0.001870037400748015,0,0,49927,49946,72,53,0,0,0,0,0,0,99811,0,0,0,0,0,0,0,0,0,0,187,0,0,0,0,0,0
139,2673,140.1428468297485,99998,0,0,0,0,107,80,0.001870037400748015,0,0,49927,49946,72,53,0,0,0,0,0,0,99811,0,0,0,0,0,0,0,0,0,0,187,0,0,0,0,0,0
140,2673,141.16080347709496,99998,0,0,0,0,107,80,0.001870037400748015,0,0,49928,49946,71,53,0,0,0,0,0,0,99811,0,0,0,0,0,0,0,0,0,0,187,0,0,0,0,0,0
141,2673,142.17873969404664,99998,0,0,0,0,107,80,0.001870037400748015,0,0,49928,49946,71,53,0,0,0,0,0,0,99811,0,0,0,0,0,0,0,0,0,0,187,0,0,0,0,0,0
142,2673,143.19666908717232,99998,0,0,0,0,107,80,0.001870037400748015,0,0,49929,49947,70,52,0,0,0,0,0,0,99811,0,0,0,0,0,0,0,0,0,0,187,0,0,0,0,0,0
143,2673,144.214584832646,99998,0,0,0,0,107,80,0.001870037400748015,0,0,49929,49947,70,52,0,0,0,0,0,0,99811,0,0,0,0,0,0,0,0,0,0,187,0,0,0,0,0,0
144,2673,145.2325005781197,99998,0,0,0,0,107,80,0.001870037400748015,0,0,49930,49947,69,52,0,0,0,0,0,0,99811,0,0,0,0,0,0,0,0,0,0,187,0,0,0,0,0,0
145,2673,146.25040270442193,99998,0,0,0,0,107,80,0.001870037400748015,0,0,49930,49947,69,52,0,0,0,0,0,0,99811,0,0,0,0,0,0,0,0,0,0,187,0,0,0,0,0,0
146,2673,147.26829121182544,99998,0,0,0,0,107,80,0.001870037400748015,0,0,49932,49947,67,52,0,0,0,0,0,0,99811,0,0,0,0,0,0,0,0,0,0,187,0,0,0,0,0,0
147,2673,148.28614567348228,99998,0,0,0,0,107,80,0.001870037400748015,0,0,49932,49947,67,52,0,0,0,0,0,0,99811,0,0,0,0,0,0,0,0,0,0,187,0,0,0,0,0,0
148,2673,149.30400013513912,99998,0,0,0,0,107,80,0.001870037400748015,0,0,49932,49947,67,52,0,0,0,0,0,0,99811,0,0,0,0,0,0,0,0,0,0,187,0,0,0,0,0,0
149,2673,150.32185459679596,99998,0,0,0,0,107,80,0.001870037400748015,0,0,49932,49947,67,52,0,0,0,0,0,0,99811,0,0,0,0,0,0,0,0,0,0,187,0,0,0,0,0,0
150,2673,151.00042423790052,99998,0,0,0,0,107,80,0.001870037400748015,0,0,49932,49947,67,52,0,0,0,0,0,0,99811,0,0,0,0,0,0,0,0,0,0,187,0,0,0,0,0,0
151,2673,152.01827869955736,99998,0,0,0,0,107,80,0.001870037400748015,0,0,49932,49947,67,52,0,0,0,0,0,0,99811,0,0,0,0,0,0,0,0,0,0,187,0,0,0,0,0,0
152,2673,153.0361331612142,99998,0,0,0,0,107,80,0.001870037400748015,0,0,49932,49947,67,52,0,0,0,0,0,0,99811,0,0,0,0,0,0,0,0,0,0,187,0,0,0,0,0,0
153,2673,154.05398762287103,99998,0,0,0,0,107,80,0.001870037400748015,0,0,49932,49947,67,52,0,0,0,0,0,0,99811,0,0,0,0,0,0,0,0,0,0,187,0,0,0,0,0,0
154,2673,155.0718420705615,99998,0,0,0,0,107,80,0.001870037400748015,0,0,49932,49948,67,51,0,0,0,0,0,0,99811,0,0,0,0,0,0,0,0,0,0,187,0,0,0,0,0,0
155,2673,156.08969649031923,99998,0,0,0,0,107,80,0.001870037400748015,0,0,49932,49948,67,51,0,0,0,0,0,0,99811,0,0,0,0,0,0,0,0,0,0,187,0,0,0,0,0,0
156,2673,157.10755091007695,99998,0,0,0,0,107,80,0.001870037400748015,0,0,49932,49948,67,51,0,0,0,0,0,0,99811,0,0,0,0,0,0,0,0,0,0,187,0,0,0,0,0,0
157,2673,158.12540532983468,99998,0,0,0,0,107,80,0.001870037400748015,0,0,49933,49948,66,51,0,0,0,0,0,0,99811,0,0,0,0,0,0,0,0,0,0,187,0,0,0,0,0,0
158,2673,159.14324613205793,99998,0,0,0,0,107,80,0.001870037400748015,0,0,49933,49948,66,51,0,0,0,0,0,0,99811,0,0,0,0,0,0,0,0,0,0,187,0,0,0,0,0,0
159,2673,160.16108012551393,99998,0,0,0,0,107,80,0.001870037400748015,0,0,49933,49948,66,51,0,0,0,0,0,0,99811,0,0,0,0,0,0,0,0,0,0,187,0,0,0,0,0,0
160,2673,161.17891411896994,99998,0,0,0,0,107,80,0.001870037400748015,0,0,49933,49948,66,51,0,0,0,0,0,0,99811,0,0,0,0,0,0,0,0,0,0,187,0,0,0,0,0,0
161,2673,162.19674811242595,99998,0,0,0,0,107,80,0.001870037400748015,0,0,49933,49949,66,50,0,0,0,0,0,0,99811,0,0,0,0,0,0,0,0,0,0,187,0,0,0,0,0,0
162,2673,163.21458206398378,99998,0,0,0,0,107,80,0.001870037400748015,0,0,49934,49950,65,49,0,0,0,0,0,0,99811,0,0,0,0,0,0,0,0,0,0,187,0,0,0,0,0,0
163,2673,164.23239554816155,99998,0,0,0,0,107,80,0.001870037400748015,0,0,49934,49950,65,49,0,0,0,0,0,0,99811,0,0,0,0,0,0,0,0,0,0,187,0,0,0,0,0,0
164,2673,165.2502090323393,99998,0,0,0,0,107,80,0.001870037400748015,0,0,49934,49950,65,49,0,0,0,0,0,0,99811,0,0,0,0,0,0,0,0,0,0,187,0,0,0,0,0,0
165,2673,166.26802250255128,99998,0,0,0,0,107,80,0.001870037400748015,0,0,49934,49951,65,48,0,0,0,0,0,0,99811,0,0,0,0,0,0,0,0,0,0,187,0,0,0,0,0,0
166,2673,167.28583594483163,99998,0,0,0,0,107,80,0.001870037400748015,0,0,49934,49952,65,47,0,0,0,0,0,0,99811,0,0,0,0,0,0,0,0,0,0,187,0,0,0,0,0,0
167,2673,168.30364934521467,99998,0,0,0,0,107,80,0.001870037400748015,0,0,49934,49952,65,47,0,0,0,0,0,0,99811,0,0,0,0,0,0,0,0,0,0,187,0,0,0,0,0,0
168,2673,169.3214627455977,99998,0,0,0,0,107,80,0.001870037400748015,0,0,49934,49952,65,47,0,0,0,0,0,0,99811,0,0,0,0,0,0,0,0,0,0,187,0,0,0,0,0,0
169,2673,170.00000501251972,99998,0,0,0,0,107,80,0.001870037400748015,0,0,49934,49952,65,47,0,0,0,0,0,0,99811,0,0,0,0,0,0,0,0,0,0,187,0,0,0,0,0,0
170,2673,171.01781841290276,99998,0,0,0,0,107,80,0.001870037400748015,0,0,49934,49953,65,46,0,0,0,0,0,0,99811,0,0,0,0,0,0,0,0,0,0,187,0,0,0,0,0,0
171,2673,172.03563178535418,99998,0,0,0,0,107,80,0.001870037400748015,0,0,49934,49953,65,46,0,0,0,0,0,0,99811,0,0,0,0,0,0,0,0,0,0,187,0,0,0,0,0,0
172,2673,173.0534451438398,99998,0,0,0,0,107,80,0.001870037400748015,0,0,49934,49953,65,46,0,0,0,0,0,0,99811,0,0,0,0,0,0,0,0,0,0,187,0,0,0,0,0,0
173,2673,174.07125850232543,99998,0,0,0,0,107,80,0.001870037400748015,0,0,49934,49953,65,46,0,0,0,0,0,0,99811,0,0,0,0,0,0,0,0,0,0,187,0,0,0,0,0,0
174,2673,175.08907186081106,99998,0,0,0,0,107,80,0.001870037400748015,0,0,49935,49953,64,46,0,0,0,0,0,0,99811,0,0,0,0,0,0,0,0,0,0,187,0,0,0,0,0,0
175,2673,176.1068715888903,99998,0,0,0,0,107,80,0.001870037400748015,0,0,49935,49954,64,45,0,0,0,0,0,0,99811,0,0,0,0,0,0,0,0,0,0,187,0,0,0,0,0,0
176,2673,177.12466448081807,99998,0,0,0,0,107,80,0.001870037400748015,0,0,49935,49954,64,45,0,0,0,0,0,0,99811,0,0,0,0,0,0,0,0,0,0,187,0,0,0,0,0,0
177,2673,178.14245737274584,99998,0,0,0,0,107,80,0.001870037400748015,0,0,49935,49954,64,45,0,0,0,0,0,0,99811,0,0,0,0,0,0,0,0,0,0,187,0,0,0,0,0,0
178,2673,179.1602502646736,99998,0,0,0,0,107,80,0.001870037400748015,0,0,49935,49954,64,45,0,0,0,0,0,0,99811,0,0,0,0,0,0,0,0,0,0,187,0,0,0,0,0,0
179,2673,180.17804315660138,99998,0,0,0,0,107,80,0.001870037400748015,0,0,49935,49955,64,44,0,0,0,0,0,0,99811,0,0,0,0,0,0,0,0,0,0,187,0,0,0,0,0,0
180,2673,181.19583602059816,99998,0,0,0,0,107,80,0.001870037400748015,0,0,49935,49955,64,44,0,0,0,0,0,0,99811,0,0,0,0,0,0,0,0,0,0,187,0,0,0,0,0,0
181,2673,182.21362887062946,99998,0,0,0,0,107,80,0.001870037400748015,0,0,49935,49955,64,44,0,0,0,0,0,0,99811,0,0,0,0,0,0,0,0,0,0,187,0,0,0,0,0,0
182,2673,183.23142172066076,99998,0,0,0,0,107,80,0.001870037400748015,0,0,49935,49956,64,43,0,0,0,0,0,0,99811,0,0,0,0,0,0,0,0,0,0,187,0,0,0,0,0,0
183,2673,184.24921454276102,99998,0,0,0,0,107,80,0.001870037400748015,0,0,49935,49956,64,43,0,0,0,0,0,0,99811,0,0,0,0,0,0,0,0,0,0,187,0,0,0,0,0,0
184,2673,185.26700735089577,99998,0,0,0,0,107,80,0.001870037400748015,0,0,49936,49956,63,43,0,0,0,0,0,0,99811,0,0,0,0,0,0,0,0,0,0,187,0,0,0,0,0,0
185,2673,186.2847797351898,99998,0,0,0,0,107,80,0.001870037400748015,0,0,49936,49956,63,43,0,0,0,0,0,0,99811,0,0,0,0,0,0,0,0,0,0,187,0,0,0,0,0,0
186,2673,187.30255211948383,99998,0,0,0,0,107,80,0.001870037400748015,0,0,49936,49956,63,43,0,0,0,0,0,0,99811,0,0,0,0,0,0,0,0,0,0,187,0,0,0,0,0,0
187,2673,188.32032450377787,99998,0,0,0,0,107,80,0.001870037400748015,0,0,49936,49957,63,42,0,0,0,0,0,0,99811,0,0,0,0,0,0,0,0,0,0,187,0,0,0,0,0,0
188,2673,189.33809683221097,99998,0,0,0,0,107,80,0.001870037400748015,0,0,49936,49958,63,41,0,0,0,0,0,0,99811,0,0,0,0,0,0,0,0,0,0,187,0,0,0,0,0,0
189,2673,190.01661169921272,99998,0,0,0,0,107,80,0.001870037400748015,0,0,49937,49958,62,41,0,0,0,0,0,0,99811,0,0,0,0,0,0,0,0,0,0,187,0,0,0,0,0,0
190,2673,191.0343635766943,99998,0,0,0,0,107,80,0.001870037400748015,0,0,49937,49958,62,41,0,0,0,0,0,0,99811,0,0,0,0,0,0,0,0,0,0,187,0,0,0,0,0,0
191,2673,192.05211545417586,99998,0,0,0,0,107,80,0.001870037400748015,0,0,49937,49958,62,41,0,0,0,0,0,0,99811,0,0,0,0,0,0,0,0,0,0,187,0,0,0,0,0,0
192,2673,193.06986733165743,99998,0,0,0,0,107,80,0.001870037400748015,0,0,49937,49958,62,41,0,0,0,0,0,0,99811,0,0,0,0,0,0,0,0,0,0,187,0,0,0,0,0,0
193,2673,194.087619209139,99998,0,0,0,0,107,80,0.001870037400748015,0,0,49937,49958,62,41,0,0,0,0,0,0,99811,0,0,0,0,0,0,0,0,0,0,187,0,0,0,0,0,0
194,2673,195.10537108662058,99998,0,0,0,0,107,80,0.001870037400748015,0,0,49937,49958,62,41,0,0,0,0,0,0,99811,0,0,0,0,0,0,0,0,0,0,187,0,0,0,0,0,0
195,2673,196.1231161567011,99998,0,0,0,0,107,80,0.001870037400748015,0,0,49938,49958,61,41,0,0,0,0,0,0,99811,0,0,0,0,0,0,0,0,0,0,187,0,0,0,0,0,0
196,2673,197.14084761197947,99998,0,0,0,0,107,80,0.001870037400748015,0,0,49938,49958,61,41,0,0,0,0,0,0,99811,0,0,0,0,0,0,0,0,0,0,187,0,0,0,0,0,0
197,2673,198.15857906725785,99998,0,0,0,0,107,80,0.001870037400748015,0,0,49939,49958,60,41,0,0,0,0,0,0,99811,0,0,0,0,0,0,0,0,0,0,187,0,0,0,0,0,0
198,2673,199.17629010115098,99998,0,0,0,0,107,80,0.001870037400748015,0,0,49941,49958,58,41,0,0,0,0,0,0,99811,0,0,0,0,0,0,0,0,0,0,187,0,0,0,0,0,0
199,2673,200.19396708789188,99998,0,0,0,0,107,80,0.001870037400748015,0,0,49942,49960,57,39,0,0,0,0,0,0,99811,0,0,0,0,0,0,0,0,0,0,187,0,0,0,0,0,0
200,2673,201.21161679271825,99998,0,0,0,0,107,80,0.001870037400748015,0,0,49942,49960,57,39,0,0,0,0,0,0,99811,0,0,0,0,0,0,0,0,0,0,187,0,0,0,0,0,0
201,2673,202.22926648358106,99998,0,0,0,0,107,80,0.001870037400748015,0,0,49942,49960,57,39,0,0,0,0,0,0,99811,0,0,0,0,0,0,0,0,0,0,187,0,0,0,0,0,0
202,2673,203.24691617444387,99998,0,0,0,0,107,80,0.001870037400748015,0,0,49942,49960,57,39,0,0,0,0,0,0,99811,0,0,0,0,0,0,0,0,0,0,187,0,0,0,0,0,0
203,2673,204.26456586530668,99998,0,0,0,0,107,80,0.001870037400748015,0,0,49942,49960,57,39,0,0,0,0,0,0,99811,0,0,0,0,0,0,0,0,0,0,187,0,0,0,0,0,0
204,2673,205.2822155561695,99998,0,0,0,0,107,80,0.001870037400748015,0,0,49942,49960,57,39,0,0,0,0,0,0,99811,0,0,0,0,0,0,0,0,0,0,187,0,0,0,0,0,0
205,2673,206.2998652470323,99998,0,0,0,0,107,80,0.001870037400748015,0,0,49942,49960,57,39,0,0,0,0,0,0,99811,0,0,0,0,0,0,0,0,0,0,187,0,0,0,0,0,0
206,2673,207.3175149378951,99998,0,0,0,0,107,80,0.001870037400748015,0,0,49942,49960,57,39,0,0,0,0,0,0,99811,0,0,0,0,0,0,0,0,0,0,187,0,0,0,0,0,0
207,2673,208.33516462875792,99998,0,0,0,0,107,80,0.001870037400748015,0,0,49943,49960,56,39,0,0,0,0,0,0,99811,0,0,0,0,0,0,0,0,0,0,187,0,0,0,0,0,0
208,2673,209.0135909499623,99998,0,0,0,0,107,80,0.001870037400748015,0,0,49943,49960,56,39,0,0,0,0,0,0,99811,0,0,0,0,0,0,0,0,0,0,187,0,0,0,0,0,0
209,2673,210.0312202227126,99998,0,0,0,0,107,80,0.001870037400748015,0,0,49943,49960,56,39,0,0,0,0,0,0,99811,0,0,0,0,0,0,0,0,0,0,187,0,0,0,0,0,0
210,2673,211.0488494954629,99998,0,0,0,0,107,80,0.001870037400748015,0,0,49943,49960,56,39,0,0,0,0,0,0,99811,0,0,0,0,0,0,0,0,0,0,187,0,0,0,0,0,0
211,2673,212.0664787682132,99998,0,0,0,0,107,80,0.001870037400748015,0,0,49944,49960,55,39,0,0,0,0,0,0,99811,0,0,0,0,0,0,0,0,0,0,187,0,0,0,0,0,0
212,2673,213.08408762366858,99998,0,0,0,0,107,80,0.001870037400748015,0,0,49944,49960,55,39,0,0,0,0,0,0,99811,0,0,0,0,0,0,0,0,0,0,187,0,0,0,0,0,0
213,2673,214.10169646516098,99998,0,0,0,0,107,80,0.001870037400748015,0,0,49944,49961,55,38,0,0,0,0,0,0,99811,0,0,0,0,0,0,0,0,0,0,187,0,0,0,0,0,0
214,2673,215.1193052787274,99998,0,0,0,0,107,80,0.001870037400748015,0,0,49944,49961,55,38,0,0,0,0,0,0,99811,0,0,0,0,0,0,0,0,0,0,187,0,0,0,0,0,0
215,2673,216.13691409229384,99998,0,0,0,0,107,80,0.001870037400748015,0,0,49945,49962,54,37,0,0,0,0,0,0,99811,0,0,0,0,0,0,0,0,0,0,187,0,0,0,0,0,0
216,2673,217.15450926695056,99998,0,0,0,0,107,80,0.001870037400748015,0,0,49945,49962,54,37,0,0,0,0,0,0,99811,0,0,0,0,0,0,0,0,0,0,187,0,0,0,0,0,0
217,2673,218.17209762215242,99998,0,0,0,0,107,80,0.001870037400748015,0,0,49945,49963,54,36,0,0,0,0,0,0,99811,0,0,0,0,0,0,0,0,0,0,187,0,0,0,0,0,0
218,2673,219.1896859354661,99998,0,0,0,0,107,80,0.001870037400748015,0,0,49945,49963,54,36,0,0,0,0,0,0,99811,0,0,0,0,0,0,0,0,0,0,187,0,0,0,0,0,0
219,2673,220.20727424877975,99998,0,0,0,0,107,80,0.001870037400748015,0,0,49946,49963,53,36,0,0,0,0,0,0,99811,0,0,0,0,0,0,0,0,0,0,187,0,0,0,0,0,0
220,2673,221.2248421467087,99998,0,0,0,0,107,80,0.001870037400748015,0,0,49947,49963,52,36,0,0,0,0,0,0,99811,0,0,0,0,0,0,0,0,0,0,187,0,0,0,0,0,0
221,2673,222.24238962952546,99998,0,0,0,0,107,80,0.001870037400748015,0,0,49947,49963,52,36,0,0,0,0,0,0,99811,0,0,0,0,0,0,0,0,0,0,187,0,0,0,0,0,0
222,2673,223.25993711234221,99998,0,0,0,0,107,80,0.001870037400748015,0,0,49947,49963,52,36,0,0,0,0,0,0,99811,0,0,0,0,0,0,0,0,0,0,187,0,0,0,0,0,0
223,2673,224.27748459515897,99998,0,0,0,0,107,80,0.001870037400748015,0,0,49947,49963,52,36,0,0,0,0,0,0,99811,0,0,0,0,0,0,0,0,0,0,187,0,0,0,0,0,0
224,2673,225.29503207797572,99998,0,0,0,0,107,80,0.001870037400748015,0,0,49947,49963,52,36,0,0,0,0,0,0,99811,0,0,0,0,0,0,0,0,0,0,187,0,0,0,0,0,0
225,2673,226.31257956079247,99998,0,0,0,0,107,80,0.001870037400748015,0,0,49947,49963,52,36,0,0,0,0,0,0,99811,0,0,0,0,0,0,0,0,0,0,187,0,0,0,0,0,0
226,2673,227.33012704360922,99998,0,0,0,0,107,80,0.001870037400748015,0,0,49947,49963,52,36,0,0,0,0,0,0,99811,0,0,0,0,0,0,0,0,0,0,187,0,0,0,0,0,0
227,2673,228.00849203215373,99998,0,0,0,0,107,80,0.001870037400748015,0,0,49947,49963,52,36,0,0,0,0,0,0,99811,0,0,0,0,0,0,0,0,0,0,187,0,0,0,0,0,0
228,2673,229.02603951497048,99998,0,0,0,0,107,80,0.001870037400748015,0,0,49947,49963,52,36,0,0,0,0,0,0,99811,0,0,0,0,0,0,0,0,0,0,187,0,0,0,0,0,0
229,2673,230.04358699778723,99998,0,0,0,0,107,80,0.001870037400748015,0,0,49948,49963,51,36,0,0,0,0,0,0,99811,0,0,0,0,0,0,0,0,0,0,187,0,0,0,0,0,0
230,2673,231.06112087125575,99998,0,0,0,0,107,80,0.001870037400748015,0,0,49948,49963,51,36,0,0,0,0,0,0,99811,0,0,0,0,0,0,0,0,0,0,187,0,0,0,0,0,0
231,2673,232.07864794005016,99998,0,0,0,0,107,80,0.001870037400748015,0,0,49948,49963,51,36,0,0,0,0,0,0,99811,0,0,0,0,0,0,0,0,0,0,187,0,0,0,0,0,0
232,2673,233.09617500884457,99998,0,0,0,0,107,80,0.001870037400748015,0,0,49948,49963,51,36,0,0,0,0,0,0,99811,0,0,0,0,0,0,0,0,0,0,187,0,0,0,0,0,0
233,2673,234.11370207763898,99998,0,0,0,0,107,80,0.001870037400748015,0,0,49949,49964,50,35,0,0,0,0,0,0,99811,0,0,0,0,0,0,0,0,0,0,187,0,0,0,0,0,0
234,2673,235.1312018872148,99998,0,0,0,0,107,80,0.001870037400748015,0,0,49950,49964,49,35,0,0,0,0,0,0,99811,0,0,0,0,0,0,0,0,0,0,187,0,0,0,0,0,0
235,2673,236.1486880885328,99998,0,0,0,0,107,80,0.001870037400748015,0,0,49950,49964,49,35,0,0,0,0,0,0,99811,0,0,0,0,0,0,0,0,0,0,187,0,0,0,0,0,0
236,2673,237.1661742898508,99998,0,0,0,0,107,80,0.001870037400748015,0,0,49950,49964,49,35,0,0,0,0,0,0,99811,0,0,0,0,0,0,0,0,0,0,187,0,0,0,0,0,0
237,2673,238.1836604911688,99998,0,0,0,0,107,80,0.001870037400748015,0,0,49950,49964,49,35,0,0,0,0,0,0,99811,0,0,0,0,0,0,0,0,0,0,187,0,0,0,0,0,0
238,2673,239.20114669248682,99998,0,0,0,0,107,80,0.001870037400748015,0,0,49950,49964,49,35,0,0,0,0,0,0,99811,0,0,0,0,0,0,0,0,0,0,187,0,0,0,0,0,0
239,2673,240.21863289380482,99998,0,0,0,0,107,80,0.001870037400748015,0,0,49950,49964,49,35,0,0,0,0,0,0,99811,0,0,0,0,0,0,0,0,0,0,187,0,0,0,0,0,0
240,2673,241.23611909512283,99998,0,0,0,0,107,80,0.001870037400748015,0,0,49950,49964,49,35,0,0,0,0,0,0,99811,0,0,0,0,0,0,0,0,0,0,187,0,0,0,0,0,0
241,2673,242.25360529644084,99998,0,0,0,0,107,80,0.001870037400748015,0,0,49950,49965,49,34,0,0,0,0,0,0,99811,0,0,0,0,0,0,0,0,0,0,187,0,0,0,0,0,0
242,2673,243.27109146983622,99998,0,0,0,0,107,80,0.001870037400748015,0,0,49951,49965,48,34,0,0,0,0,0,0,99811,0,0,0,0,0,0,0,0,0,0,187,0,0,0,0,0,0
243,2673,244.2885640215579,99998,0,0,0,0,107,80,0.001870037400748015,0,0,49951,49965,48,34,0,0,0,0,0,0,99811,0,0,0,0,0,0,0,0,0,0,187,0,0,0,0,0,0
244,2673,245.3060297694234,99998,0,0,0,0,107,80,0.001870037400748015,0,0,49952,49965,47,34,0,0,0,0,0,0,99811,0,0,0,0,0,0,0,0,0,0,187,0,0,0,0,0,0
245,2673,246.32348191012127,99998,0,0,0,0,107,80,0.001870037400748015,0,0,49952,49965,47,34,0,0,0,0,0,0,99811,0,0,0,0,0,0,0,0,0,0,187,0,0,0,0,0,0
246,2673,247.00177880153066,99998,0,0,0,0,107,80,0.001870037400748015,0,0,49952,49965,47,34,0,0,0,0,0,0,99811,0,0,0,0,0,0,0,0,0,0,187,0,0,0,0,0,0
247,2673,248.01922413864474,99998,0,0,0,0,107,80,0.001870037400748015,0,0,49952,49965,47,34,0,0,0,0,0,0,99811,0,0,0,0,0,0,0,0,0,0,187,0,0,0,0,0,0
248,2673,249.03666947575883,99998,0,0,0,0,107,80,0.001870037400748015,0,0,49953,49965,46,34,0,0,0,0,0,0,99811,0,0,0,0,0,0,0,0,0,0,187,0,0,0,0,0,0
249,2673,250.05410120625015,99998,0,0,0,0,107,80,0.001870037400748015,0,0,49953,49965,46,34,0,0,0,0,0,0,99811,0,0,0,0,0,0,0,0,0,0,187,0,0,0,0,0,0
250,2673,251.0715261334301,99998,0,0,0,0,107,80,0.001870037400748015,0,0,49953,49965,46,34,0,0,0,0,0,0,99811,0,0,0,0,0,0,0,0,0,0,187,0,0,0,0,0,0
251,2673,252.08895106061004,99998,0,0,0,0,107,80,0.001870037400748015,0,0,49953,49965,46,34,0,0,0,0,0,0,99811,0,0,0,0,0,0,0,0,0,0,187,0,0,0,0,0,0
252,2673,253.10637598779,99998,0,0,0,0,107,80,0.001870037400748015,0,0,49953,49965,46,34,0,0,0,0,0,0,99811,0,0,0,0,0,0,0,0,0,0,187,0,0,0,0,0,0
253,2673,254.12380091496993,99998,0,0,0,0,107,80,0.001870037400748015,0,0,49953,49965,46,34,0,0,0,0,0,0,99811,0,0,0,0,0,0,0,0,0,0,187,0,0,0,0,0,0
254,2673,255.14122584214988,99998,0,0,0,0,107,80,0.001870037400748015,0,0,49953,49965,46,34,0,0,0,0,0,0,99811,0,0,0,0,0,0,0,0,0,0,187,0,0,0,0,0,0
255,2673,256.1586439662908,99998,0,0,0,0,107,80,0.001870037400748015,0,0,49954,49965,45,34,0,0,0,0,0,0,99811,0,0,0,0,0,0,0,0,0,0,187,0,0,0,0,0,0
256,2673,257.1760484843537,99998,0,0,0,0,107,80,0.001870037400748015,0,0,49954,49965,45,34,0,0,0,0,0,0,99811,0,0,0,0,0,0,0,0,0,0,187,0,0,0,0,0,0
257,2673,258.1934530024166,99998,0,0,0,0,107,80,0.001870037400748015,0,0,49954,49965,45,34,0,0,0,0,0,0,99811,0,0,0,0,0,0,0,0,0,0,187,0,0,0,0,0,0
258,2673,259.2108507177129,99998,0,0,0,0,107,80,0.001870037400748015,0,0,49956,49966,43,33,0,0,0,0,0,0,99811,0,0,0,0,0,0,0,0,0,0,187,0,0,0,0,0,0
259,2673,260.2282143920739,99998,0,0,0,0,107,80,0.001870037400748015,0,0,49956,49966,43,33,0,0,0,0,0,0,99811,0,0,0,0,0,0,0,0,0,0,187,0,0,0,0,0,0
260,2673,261.24557805247525,99998,0,0,0,0,107,80,0.001870037400748015,0,0,49956,49966,43,33,0,0,0,0,0,0,99811,0,0,0,0,0,0,0,0,0,0,187,0,0,0,0,0,0
261,2673,262.2629417128766,99998,0,0,0,0,107,80,0.001870037400748015,0,0,49957,49966,42,33,0,0,0,0,0,0,99811,0,0,0,0,0,0,0,0,0,0,187,0,0,0,0,0,0
262,2673,263.28029176883456,99998,0,0,0,0,107,80,0.001870037400748015,0,0,49957,49967,42,32,0,0,0,0,0,0,99811,0,0,0,0,0,0,0,0,0,0,187,0,0,0,0,0,0
263,2673,264.2976349946521,99998,0,0,0,0,107,80,0.001870037400748015,0,0,49957,49967,42,32,0,0,0,0,0,0,99811,0,0,0,0,0,0,0,0,0,0,187,0,0,0,0,0,0
264,2673,265.3149782065104,99998,0,0,0,0,107,80,0.001870037400748015,0,0,49957,49967,42,32,0,0,0,0,0,0,99811,0,0,0,0,0,0,0,0,0,0,187,0,0,0,0,0,0
265,2673,266.3323214183686,99998,0,0,0,0,107,80,0.001870037400748015,0,0,49957,49967,42,32,0,0,0,0,0,0,99811,0,0,0,0,0,0,0,0,0,0,187,0,0,0,0,0,0
266,2673,267.0105502262741,99998,0,0,0,0,107,80,0.001870037400748015,0,0,49957,49967,42,32,0,0,0,0,0,0,99811,0,0,0,0,0,0,0,0,0,0,187,0,0,0,0,0,0
267,2673,268.02789343813237,99998,0,0,0,0,107,80,0.001870037400748015,0,0,49957,49967,42,32,0,0,0,0,0,0,99811,0,0,0,0,0,0,0,0,0,0,187,0,0,0,0,0,0
268,2673,269.0452366499906,99998,0,0,0,0,107,80,0.001870037400748015,0,0,49957,49967,42,32,0,0,0,0,0,0,99811,0,0,0,0,0,0,0,0,0,0,187,0,0,0,0,0,0
269,2673,270.06257986184886,99998,0,0,0,0,107,80,0.001870037400748015,0,0,49958,49967,41,32,0,0,0,0,0,0,99811,0,0,0,0,0,0,0,0,0,0,187,0,0,0,0,0,0
270,2673,271.0799026678598,99998,0,0,0,0,107,80,0.001870037400748015,0,0,49958,49967,41,32,0,0,0,0,0,0,99811,0,0,0,0,0,0,0,0,0,0,187,0,0,0,0,0,0
271,2673,272.09722547387076,99998,0,0,0,0,107,80,0.001870037400748015,0,0,49958,49967,41,32,0,0,0,0,0,0,99811,0,0,0,0,0,0,0,0,0,0,187,0,0,0,0,0,0
272,2673,273.1145482798817,99998,0,0,0,0,107,80,0.001870037400748015,0,0,49958,49967,41,32,0,0,0,0,0,0,99811,0,0,0,0,0,0,0,0,0,0,187,0,0,0,0,0,0
273,2673,274.13187108589267,99998,0,0,0,0,107,80,0.001870037400748015,0,0,49958,49967,41,32,0,0,0,0,0,0,99811,0,0,0,0,0,0,0,0,0,0,187,0,0,0,0,0,0
274,2673,275.1491938919036,99998,0,0,0,0,107,80,0.001870037400748015,0,0,49959,49967,40,32,0,0,0,0,0,0,99811,0,0,0,0,0,0,0,0,0,0,187,0,0,0,0,0,0
275,2673,276.16649629315657,99998,0,0,0,0,107,80,0.001870037400748015,0,0,49960,49967,39,32,0,0,0,0,0,0,99811,0,0,0,0,0,0,0,0,0,0,187,0,0,0,0,0,0
276,2673,277.1837782899238,99998,0,0,0,0,107,80,0.001870037400748015,0,0,49960,49967,39,32,0,0,0,0,0,0,99811,0,0,0,0,0,0,0,0,0,0,187,0,0,0,0,0,0
277,2673,278.201060286691,99998,0,0,0,0,107,80,0.001870037400748015,0,0,49960,49967,39,32,0,0,0,0,0,0,99811,0,0,0,0,0,0,0,0,0,0,187,0,0,0,0,0,0
278,2673,279.21834228345824,99998,0,0,0,0,107,80,0.001870037400748015,0,0,49960,49967,39,32,0,0,0,0,0,0,99811,0,0,0,0,0,0,0,0,0,0,187,0,0,0,0,0,0
279,2673,280.23562428022547,99998,0,0,0,0,107,80,0.001870037400748015,0,0,49960,49967,39,32,0,0,0,0,0,0,99811,0,0,0,0,0,0,0,0,0,0,187,0,0,0,0,0,0
280,2673,281.2529062769927,99998,0,0,0,0,107,80,0.001870037400748015,0,0,49960,49967,39,32,0,0,0,0,0,0,99811,0,0,0,0,0,0,0,0,0,0,187,0,0,0,0,0,0
281,2673,282.2701882737599,99998,0,0,0,0,107,80,0.001870037400748015,0,0,49960,49967,39,32,0,0,0,0,0,0,99811,0,0,0,0,0,0,0,0,0,0,187,0,0,0,0,0,0
282,2673,283.28747027052714,99998,0,0,0,0,107,80,0.001870037400748015,0,0,49960,49967,39,32,0,0,0,0,0,0,99811,0,0,0,0,0,0,0,0,0,0,187,0,0,0,0,0,0
283,2673,284.30475226729436,99998,0,0,0,0,107,80,0.001870037400748015,0,0,49960,49967,39,32,0,0,0,0,0,0,99811,0,0,0,0,0,0,0,0,0,0,187,0,0,0,0,0,0
284,2673,285.3220342640616,99998,0,0,0,0,107,80,0.001870037400748015,0,0,49960,49967,39,32,0,0,0,0,0,0,99811,0,0,0,0,0,0,0,0,0,0,187,0,0,0,0,0,0
285,2673,286.0002222619064,99998,0,0,0,0,107,80,0.001870037400748015,0,0,49960,49967,39,32,0,0,0,0,0,0,99811,0,0,0,0,0,0,0,0,0,0,187,0,0,0,0,0,0
286,2673,287.0175042586736,99998,0,0,0,0,107,80,0.001870037400748015,0,0,49960,49967,39,32,0,0,0,0,0,0,99811,0,0,0,0,0,0,0,0,0,0,187,0,0,0,0,0,0
287,2673,288.03478625544085,99998,0,0,0,0,107,80,0.001870037400748015,0,0,49960,49967,39,32,0,0,0,0,0,0,99811,0,0,0,0,0,0,0,0,0,0,187,0,0,0,0,0,0
288,2673,289.0520682522081,99998,0,0,0,0,107,80,0.001870037400748015,0,0,49960,49967,39,32,0,0,0,0,0,0,99811,0,0,0,0,0,0,0,0,0,0,187,0,0,0,0,0,0
289,2673,290.0693502489753,99998,0,0,0,0,107,80,0.001870037400748015,0,0,49960,49967,39,32,0,0,0,0,0,0,99811,0,0,0,0,0,0,0,0,0,0,187,0,0,0,0,0,0
290,2673,291.0866322457425,99998,0,0,0,0,107,80,0.001870037400748015,0,0,49960,49967,39,32,0,0,0,0,0,0,99811,0,0,0,0,0,0,0,0,0,0,187,0,0,0,0,0,0
291,2673,292.10391424250975,99998,0,0,0,0,107,80,0.001870037400748015,0,0,49960,49967,39,32,0,0,0,0,0,0,99811,0,0,0,0,0,0,0,0,0,0,187,0,0,0,0,0,0
292,2673,293.12119623927697,99998,0,0,0,0,107,80,0.001870037400748015,0,0,49960,49967,39,32,0,0,0,0,0,0,99811,0,0,0,0,0,0,0,0,0,0,187,0,0,0,0,0,0
293,2673,294.13847822208567,99998,0,0,0,0,107,80,0.001870037400748015,0,0,49960,49968,39,31,0,0,0,0,0,0,99811,0,0,0,0,0,0,0,0,0,0,187,0,0,0,0,0,0
294,2673,295.1557601769773,99998,0,0,0,0,107,80,0.001870037400748015,0,0,49960,49968,39,31,0,0,0,0,0,0,99811,0,0,0,0,0,0,0,0,0,0,187,0,0,0,0,0,0
295,2673,296.17304213186895,99998,0,0,0,0,107,80,0.001870037400748015,0,0,49961,49969,38,30,0,0,0,0,0,0,99811,0,0,0,0,0,0,0,0,0,0,187,0,0,0,0,0,0
296,2673,297.19030365572087,99998,0,0,0,0,107,80,0.001870037400748015,0,0,49962,49969,37,30,0,0,0,0,0,0,99811,0,0,0,0,0,0,0,0,0,0,187,0,0,0,0,0,0
297,2673,298.2075447627638,99998,0,0,0,0,107,80,0.001870037400748015,0,0,49962,49969,37,30,0,0,0,0,0,0,99811,0,0,0,0,0,0,0,0,0,0,187,0,0,0,0,0,0
298,2673,299.22478586980674,99998,0,0,0,0,107,80,0.001870037400748015,0,0,49962,49969,37,30,0,0,0,0,0,0,99811,0,0,0,0,0,0,0,0,0,0,187,0,0,0,0,0,0
299,2673,300.2420269768497,99998,0,0,0,0,107,80,0.001870037400748015,0,0,49962,49969,37,30,0,0,0,0,0,0,99811,0,0,0,0,0,0,0,0,0,0,187,0,0,0,0,0,0
300,2673,301.2592680838926,99998,0,0,0,0,107,80,0.001870037400748015,0,0,49962,49969,37,30,0,0,0,0,0,0,99811,0,0,0,0,0,0,0,0,0,0,187,0,0,0,0,0,0
301,2673,302.2765091769776,99998,0,0,0,0,107,80,0.001870037400748015,0,0,49962,49970,37,29,0,0,0,0,0,0,99811,0,0,0,0,0,0,0,0,0,0,187,0,0,0,0,0,0
302,2673,303.2937502281887,99998,0,0,0,0,107,80,0.001870037400748015,0,0,49962,49971,37,28,0,0,0,0,0,0,99811,0,0,0,0,0,0,0,0,0,0,187,0,0,0,0,0,0
303,2673,304.31099125148387,99998,0,0,0,0,107,80,0.001870037400748015,0,0,49962,49971,37,28,0,0,0,0,0,0,99811,0,0,0,0,0,0,0,0,0,0,187,0,0,0,0,0,0
304,2673,305.32823227477905,99998,0,0,0,0,107,80,0.001870037400748015,0,0,49962,49971,37,28,0,0,0,0,0,0,99811,0,0,0,0,0,0,0,0,0,0,187,0,0,0,0,0,0
305,2673,306.00639295697584,99998,0,0,0,0,107,80,0.001870037400748015,0,0,49962,49971,37,28,0,0,0,0,0,0,99811,0,0,0,0,0,0,0,0,0,0,187,0,0,0,0,0,0
306,2673,307.02363398027103,99998,0,0,0,0,107,80,0.001870037400748015,0,0,49962,49971,37,28,0,0,0,0,0,0,99811,0,0,0,0,0,0,0,0,0,0,187,0,0,0,0,0,0
307,2673,308.0408750035662,99998,0,0,0,0,107,80,0.001870037400748015,0,0,49963,49971,36,28,0,0,0,0,0,0,99811,0,0,0,0,0,0,0,0,0,0,187,0,0,0,0,0,0
308,2673,309.05810242568816,99998,0,0,0,0,107,80,0.001870037400748015,0,0,49963,49971,36,28,0,0,0,0,0,0,99811,0,0,0,0,0,0,0,0,0,0,187,0,0,0,0,0,0
309,2673,310.0753230472235,99998,0,0,0,0,107,80,0.001870037400748015,0,0,49963,49971,36,28,0,0,0,0,0,0,99811,0,0,0,0,0,0,0,0,0,0,187,0,0,0,0,0,0
310,2673,311.0925436687588,99998,0,0,0,0,107,80,0.001870037400748015,0,0,49964,49971,35,28,0,0,0,0,0,0,99811,0,0,0,0,0,0,0,0,0,0,187,0,0,0,0,0,0
311,2673,312.10974388935097,99998,0,0,0,0,107,80,0.001870037400748015,0,0,49964,49971,35,28,0,0,0,0,0,0,99811,0,0,0,0,0,0,0,0,0,0,187,0,0,0,0,0,0
312,2673,313.1269441099431,99998,0,0,0,0,107,80,0.001870037400748015,0,0,49964,49971,35,28,0,0,0,0,0,0,99811,0,0,0,0,0,0,0,0,0,0,187,0,0,0,0,0,0
313,2673,314.14414433053525,99998,0,0,0,0,107,80,0.001870037400748015,0,0,49964,49972,35,27,0,0,0,0,0,0,99811,0,0,0,0,0,0,0,0,0,0,187,0,0,0,0,0,0
314,2673,315.1613444952978,99998,0,0,0,0,107,80,0.001870037400748015,0,0,49964,49973,35,26,0,0,0,0,0,0,99811,0,0,0,0,0,0,0,0,0,0,187,0,0,0,0,0,0
315,2673,316.1785446321454,99998,0,0,0,0,107,80,0.001870037400748015,0,0,49964,49973,35,26,0,0,0,0,0,0,99811,0,0,0,0,0,0,0,0,0,0,187,0,0,0,0,0,0
316,2673,317.19574476899305,99998,0,0,0,0,107,80,0.001870037400748015,0,0,49964,49973,35,26,0,0,0,0,0,0,99811,0,0,0,0,0,0,0,0,0,0,187,0,0,0,0,0,0
317,2673,318.2129381057991,99998,0,0,0,0,107,80,0.001870037400748015,0,0,49965,49973,34,26,0,0,0,0,0,0,99811,0,0,0,0,0,0,0,0,0,0,187,0,0,0,0,0,0
318,2673,319.2301178425219,99998,0,0,0,0,107,80,0.001870037400748015,0,0,49965,49973,34,26,0,0,0,0,0,0,99811,0,0,0,0,0,0,0,0,0,0,187,0,0,0,0,0,0
319,2673,320.24729757924473,99998,0,0,0,0,107,80,0.001870037400748015,0,0,49964,49972,34,26,1,1,1,1,0,0,99809,0,0,0,0,0,0,0,0,0,2,187,0,0,0,0,0,0
320,2673,321.12221881390775,99998,0,0,0,0,107,80,0.001870037400748015,0,0,49963,49971,34,26,2,2,2,2,0,0,99807,0,0,0,0,0,0,0,0,0,4,187,0,0,0,0,0,0
321,2673,322.08764219559663,99998,0,0,0,0,107,80,0.001870037400748015,0,0,49962,49970,34,26,3,3,3,3,0,0,99805,0,0,0,0,0,0,0,0,0,6,187,0,0,0,0,0,0
322,2673,323.1213873474049,99998,0,0,0,0,107,80,0.001870037400748015,0,0,49961,49969,34,26,4,4,4,4,0,0,99803,0,0,0,0,0,0,0,0,0,8,187,0,0,0,0,0,0
323,2673,324.0479682660723,99998,0,0,0,0,107,80,0.001870037400748015,0,0,49960,49969,34,25,5,5,5,5,0,0,99801,0,0,0,0,0,0,0,0,0,10,187,0,0,0,0,0,0
324,2673,325.01940544518834,99998,0,0,0,0,107,80,0.001870037400748015,0,0,49959,49968,34,25,6,6,6,6,0,0,99799,0,0,0,0,0,0,0,0,0,12,187,0,0,0,0,0,0
325,2673,326.078878370658,99998,0,0,0,0,107,80,0.001870037400748015,0,0,49958,49966,34,25,7,8,8,7,0,0,99796,0,0,0,0,0,0,0,0,0,15,187,0,0,0,0,0,0
326,2673,327.0456316337089,99998,0,0,0,0,107,80,0.001870037400748015,0,0,49957,49965,34,24,8,10,10,8,0,0,99793,0,0,0,0,0,0,0,0,0,18,187,0,0,0,0,0,0
327,2673,328.0054970410548,99998,0,0,0,0,107,80,0.001870037400748015,0,0,49956,49963,34,24,9,12,12,9,0,0,99790,0,0,0,0,0,0,0,0,0,21,187,0,0,0,0,0,0
328,2673,329.10131328933255,99998,0,0,0,0,107,80,0.001870037400748015,0,0,49955,49960,34,24,10,15,15,10,0,0,99786,0,0,0,0,0,0,0,0,0,25,187,0,0,0,0,0,0
329,2673,330.01903658739445,99998,0,0,0,0,107,80,0.001870037400748015,0,0,49954,49957,34,24,11,18,18,11,0,0,99782,0,0,0,0,0,0,0,0,0,29,187,0,0,0,0,0,0
330,2673,331.07909768337026,99998,0,0,0,0,107,80,0.001870037400748015,0,0,49953,49953,34,24,12,22,22,12,0,0,99777,0,0,0,0,0,0,0,0,0,34,187,0,0,0,0,0,0
331,2673,332.07547303923064,99998,0,0,0,0,107,80,0.001870037400748015,0,0,49952,49948,34,24,13,27,27,13,0,0,99771,0,0,0,0,0,0,0,0,0,40,187,0,0,0,0,0,0
332,2673,333.0727233907426,99998,0,0,0,0,107,80,0.001870037400748015,0,0,49951,49943,34,24,14,32,32,14,0,0,99765,0,0,0,0,0,0,0,0,0,46,187,0,0,0,0,0,0
333,2673,334.18808276585213,99998,0,0,0,0,107,80,0.001870037400748015,0,0,49951,49937,33,24,15,38,38,15,0,0,99758,0,0,0,0,0,0,0,0,0,53,187,0,0,0,0,0,0
334,2673,335.1275766503489,99998,0,0,0,0,107,80,0.001870037400748015,0,0,49951,49930,32,24,16,45,45,16,0,0,99750,0,0,0,0,0,0,0,0,0,61,187,0,0,0,0,0,0
335,2673,336.01316845415926,99998,0,0,0,0,107,80,0.001870037400748015,0,0,49950,49922,32,24,17,53,53,17,0,0,99741,0,0,0,0,0,0,0,0,0,70,187,0,0,0,0,0,0
336,2673,337.02336643307024,99998,0,0,0,0,107,80,0.001870037400748015,0,0,49950,49913,31,24,18,62,62,18,0,0,99731,0,0,0,0,0,0,0,0,0,80,187,0,0,0,0,0,0
337,2673,338.0213400091603,99998,0,0,0,0,107,80,0.001870037400748015,0,0,49949,49904,31,24,19,71,72,19,0,0,99720,0,0,0,0,0,0,0,0,0,91,187,0,0,0,0,0,0
338,2673,339.02864341108517,99998,0,0,0,0,107,80,0.001870037400748015,0,0,49948,49893,31,24,20,82,83,20,0,0,99708,0,0,0,0,0,0,0,0,0,103,187,0,0,0,0,0,0
339,2673,340.0339796372436,99998,0,0,0,0,107,80,0.001870037400748015,0,0,49947,49881,31,24,21,94,95,21,0,0,99695,0,0,0,0,0,0,0,0,0,116,187,0,0,0,0,0,0
340,2673,341.1131413423822,99998,0,0,0,0,107,80,0.001870037400748015,0,0,49946,49868,31,24,22,107,108,22,0,0,99681,0,0,0,0,0,0,0,0,0,130,187,0,0,0,0,0,0
341,2673,342.1307062328513,99998,0,0,0,0,107,80,0.001870037400748015,0,0,49944,49854,31,24,24,121,122,24,0,0,99665,0,0,0,0,0,0,0,0,0,146,187,0,0,0,0,0,0
342,2673,343.14830570833,99998,0,0,0,0,107,80,0.001870037400748015,0,0,49942,49840,31,23,26,136,137,26,0,0,99648,0,0,0,0,0,0,0,0,0,163,187,0,0,0,0,0,0
343,2673,344.1659466047573,99998,0,0,0,0,107,80,0.001870037400748015,0,0,49941,49823,30,23,28,153,154,28,0,0,99629,0,0,0,0,0,0,0,0,0,182,187,0,0,0,0,0,0
344,2673,345.18361540995664,99998,0,0,0,0,107,80,0.001870037400748015,0,0,49939,49805,30,23,30,171,172,30,0,0,99609,0,0,0,0,0,0,0,0,0,202,187,0,0,0,0,0,0
345,2673,346.20131898863195,99998,0,0,0,0,107,80,0.001870037400748015,0,0,49937,49785,30,23,32,191,192,32,0,0,99587,0,0,0,0,0,0,0,0,0,224,187,0,0,0,0,0,0
346,2673,347.219064220009,99998,0,0,0,0,107,80,0.001870037400748015,0,0,49936,49764,30,23,33,212,213,34,0,0,99564,0,0,0,0,0,0,0,0,0,247,187,0,0,0,0,0,0
347,2673,348.2368375472839,99998,0,0,0,0,107,80,0.001870037400748015,0,0,49933,49741,30,23,36,235,236,37,0,0,99538,0,0,0,0,0,0,0,0,0,273,187,0,0,0,0,0,0
348,2673,349.2546594676297,99998,0,0,0,0,107,80,0.001870037400748015,0,0,49930,49719,30,23,39,257,260,40,0,0,99511,0,0,0,0,0,0,0,0,0,300,187,0,0,0,0,0,0
349,2673,350.2725436031461,99998,0,0,0,0,107,80,0.001870037400748015,0,0,49928,49693,30,23,41,283,286,43,0,0,99482,0,0,0,0,0,0,0,0,0,329,187,0,0,0,0,0,0
350,2673,351.29047642471266,99998,0,0,0,0,107,80,0.001870037400748015,0,0,49925,49667,30,22,44,310,314,46,0,0,99451,0,0,0,0,0,0,0,0,0,360,187,0,0,0,0,0,0
351,2673,352.30846480424003,99998,0,0,0,0,107,80,0.001870037400748015,0,0,49921,49639,30,21,48,339,343,50,0,0,99418,0,0,0,0,0,0,0,0,0,393,187,0,0,0,0,0,0
352,2673,353.32652925215444,99998,0,0,0,0,107,80,0.001870037400748015,0,0,49918,49611,29,21,52,367,374,54,0,0,99383,0,0,0,0,0,0,0,0,0,428,187,0,0,0,0,0,0
353,2673,354.0052781137789,99998,0,0,0,0,107,80,0.001870037400748015,0,0,49914,49578,29,21,56,400,407,58,0,0,99346,0,0,0,0,0,0,0,0,0,465,187,0,0,0,0,0,0
354,2673,355.02348814065186,99998,0,0,0,0,107,80,0.001870037400748015,0,0,49909,49547,29,21,61,431,442,63,0,0,99306,0,0,0,0,0,0,0,0,0,505,187,0,0,0,0,0,0
355,2673,356.0417948524492,99998,0,0,0,0,107,80,0.001870037400748015,0,0,49906,49510,29,21,64,468,479,68,0,0,99264,0,0,0,0,0,0,0,0,0,547,187,0,0,0,0,0,0
356,2673,357.0601643965754,99998,0,0,0,0,107,80,0.001870037400748015,0,0,49901,49473,29,21,69,505,518,73,0,0,99220,0,0,0,0,0,0,0,0,0,591,187,0,0,0,0,0,0
357,2673,358.0786377091328,99998,0,0,0,0,107,80,0.001870037400748015,0,0,49895,49433,29,21,75,545,559,79,0,0,99173,0,0,0,0,0,0,0,0,0,638,187,0,0,0,0,0,0
358,2673,359.0972285887045,99998,0,0,0,0,107,80,0.001870037400748015,0,0,49889,49396,29,21,81,582,602,85,0,0,99124,0,0,0,0,0,0,0,0,0,687,187,0,0,0,0,0,0
359,2673,360.1159437693677,99998,0,0,0,0,107,80,0.001870037400748015,0,0,49884,49353,29,21,86,625,647,91,0,0,99073,0,0,0,0,0,0,0,0,0,738,187,0,0,0,0,0,0
360,2673,361.134769818126,99998,0,0,0,0,107,80,0.001870037400748015,0,0,49877,49309,29,21,93,669,695,98,0,0,99018,0,0,0,0,0,0,0,0,0,793,187,0,0,0,0,0,0
361,2673,362.15372732975607,99998,0,0,0,0,107,80,0.001870037400748015,0,0,49870,49260,29,21,100,718,745,105,0,0,98961,0,0,0,0,0,0,0,0,0,850,187,0,0,0,0,0,0
362,2673,363.1728301818052,99998,0,0,0,0,107,80,0.001870037400748015,0,0,49864,49210,27,21,108,768,797,113,0,0,98902,0,0,0,0,0,0,0,0,0,909,186,1,0,0,0,0,0
363,2673,364.1920511358601,99998,0,0,0,0,107,80,0.001870037400748015,0,0,49856,49161,27,21,116,817,852,121,0,0,98839,0,0,0,0,0,0,0,0,0,972,186,1,0,0,0,0,0
364,2673,365.21143801929657,99998,0,0,0,0,107,80,0.001870037400748015,0,0,49847,49105,27,21,125,873,909,130,0,0,98773,0,0,0,0,0,0,0,0,0,1038,186,1,0,0,0,0,0
365,2673,366.231004773691,99998,0,0,0,0,107,80,0.001870037400748015,0,0,49838,49048,27,21,134,930,968,139,0,0,98705,0,0,0,0,0,0,0,0,0,1106,186,1,0,0,0,0,0
366,2673,367.2507583639788,99998,0,0,0,0,107,80,0.001870037400748015,0,0,49830,48991,27,21,142,987,1030,149,0,0,98633,0,0,0,0,0,0,0,0,0,1178,186,1,0,0,0,0,0
367,2673,368.2706715255513,99998,0,0,0,0,107,80,0.001870037400748015,0,0,49820,48929,26,21,153,1049,1094,160,0,0,98558,0,0,0,0,0,0,0,0,0,1253,186,1,0,0,0,0,0
368,2673,369.2907855539231,99998,0,0,0,0,107,80,0.001870037400748015,0,0,49810,48866,26,21,163,1112,1161,171,0,0,98480,0,0,0,0,0,0,0,0,0,1331,186,1,0,0,0,0,0
369,2673,370.3111073781744,99998,0,0,0,0,107,80,0.001870037400748015,0,0,49798,48799,26,21,175,1179,1231,183,0,0,98398,0,0,0,0,0,0,0,0,0,1413,186,1,0,0,0,0,0
370,2673,371.33167148883535,99998,0,0,0,0,107,80,0.001870037400748015,0,0,49786,48730,26,21,187,1248,1303,195,0,0,98314,0,0,0,0,0,0,0,0,0,1497,186,1,0,0,0,0,0
371,2673,372.012186102807,99998,0,0,0,0,107,80,0.001870037400748015,0,0,49773,48660,26,21,200,1318,1378,208,0,0,98226,0,0,0,0,0,0,0,0,0,1585,186,1,0,0,0,0,0
372,2673,373.0332627830319,99998,0,0,0,0,107,80,0.001870037400748015,0,0,49759,48584,26,21,214,1394,1456,222,0,0,98134,0,0,0,0,0,0,0,0,0,1677,186,1,0,0,0,0,0
373,2673,374.05462357108433,99998,0,0,0,0,107,80,0.001870037400748015,0,0,49745,48512,26,21,228,1466,1536,236,0,0,98040,0,0,0,0,0,0,0,0,0,1771,186,1,0,0,0,0,0
374,2673,375.0762754097311,99998,0,0,0,0,107,80,0.001870037400748015,0,0,49730,48432,26,20,243,1547,1619,251,0,0,97942,0,0,0,0,0,0,0,0,0,1869,186,1,0,0,0,0,0
375,2673,376.1235571972636,99998,0,0,0,0,107,80,0.001870037400748015,0,0,49717,48356,26,20,256,1623,1705,267,0,0,97840,0,0,0,0,0,0,0,0,0,1971,186,1,0,0,0,0,0
376,2673,377.03447234935646,99998,0,0,0,0,107,80,0.001870037400748015,0,0,49700,48269,26,20,273,1710,1794,284,0,0,97734,0,0,0,0,0,0,0,0,0,2077,186,1,0,0,0,0,0
377,2673,378.004988960866,99998,0,0,0,0,107,80,0.001870037400748015,0,0,49682,48183,26,20,291,1796,1885,302,0,0,97625,0,0,0,0,0,0,0,0,0,2186,186,1,0,0,0,0,0
378,2673,379.0781914471154,99998,0,0,0,0,107,80,0.001870037400748015,0,0,49665,48100,26,20,308,1879,1979,320,0,0,97513,0,0,0,0,0,0,0,0,0,2298,186,1,0,0,0,0,0
379,2673,380.00566265436834,99998,0,0,0,0,107,80,0.001870037400748015,0,0,49647,48008,26,20,326,1971,2076,339,0,0,97397,0,0,0,0,0,0,0,0,0,2414,186,1,0,0,0,0,0
380,2673,381.0399333824022,99998,0,0,0,0,107,80,0.001870037400748015,0,0,49628,47918,26,20,345,2061,2176,359,0,0,97277,0,0,0,0,0,0,0,0,0,2534,186,1,0,0,0,0,0
381,2673,382.23849312191544,99998,0,0,0,0,107,80,0.001870037400748015,0,0,49607,47824,26,20,366,2155,2279,380,0,0,97153,0,0,0,0,0,0,0,0,0,2658,186,1,0,0,0,0,0
382,2673,383.2864135048114,99998,0,0,0,0,107,80,0.001870037400748015,0,0,49587,47723,26,20,386,2256,2385,402,0,0,97025,0,0,0,0,0,0,0,0,0,2786,186,1,0,0,0,0,0
383,2673,384.27871867827815,99998,0,0,0,0,107,80,0.001870037400748015,0,0,49565,47623,26,20,408,2356,2494,425,0,0,96893,0,0,0,0,0,0,0,0,0,2918,186,1,0,0,0,0,0
384,2673,385.1001625264564,99998,0,0,0,0,107,80,0.001870037400748015,0,0,49545,47517,26,20,428,2462,2606,449,0,0,96758,0,0,0,0,0,0,0,0,0,3053,185,2,0,0,0,0,0
385,2673,386.01618551013996,99998,0,0,0,0,107,80,0.001870037400748015,0,0,49520,47404,26,20,453,2575,2721,474,0,0,96618,0,0,0,0,0,0,0,0,0,3193,185,2,0,0,0,0,0
386,2673,387.03999914565463,99998,0,0,0,0,107,80,0.001870037400748015,0,0,49495,47298,26,19,478,2682,2839,500,0,0,96475,0,0,0,0,0,0,0,0,0,3336,184,3,0,0,0,0,0
387,2673,388.07051243728444,99998,0,0,0,0,107,80,0.001870037400748015,0,0,49470,47183,26,19,503,2797,2960,527,0,0,96327,0,0,0,0,0,0,0,0,0,3484,184,3,0,0,0,0,0
388,2673,389.00457281713324,99998,0,0,0,0,107,80,0.001870037400748015,0,0,49443,47073,25,19,531,2907,3084,555,0,0,96175,0,0,0,0,0,0,0,0,0,3636,184,3,0,0,0,0,0
389,2673,390.1013502472795,99998,0,0,0,0,107,80,0.001870037400748015,0,0,49418,46954,25,19,556,3026,3211,584,0,0,96019,0,0,0,0,0,0,0,0,0,3792,184,3,0,0,0,0,0
390,2673,391.05560348691347,99998,0,0,0,0,107,80,0.001870037400748015,0,0,49388,46830,25,19,586,3150,3341,614,0,0,95859,0,0,0,0,0,0,0,0,0,3952,184,3,0,0,0,0,0
391,2673,392.09202127534917,99998,0,0,0,0,107,80,0.001870037400748015,0,0,49358,46707,25,19,616,3273,3474,645,0,0,95695,0,0,0,0,0,0,0,0,0,4116,184,3,0,0,0,0,0
392,2673,393.29717004332184,99998,0,0,0,0,107,80,0.001870037400748015,0,0,49330,46590,25,19,644,3390,3610,678,0,0,95527,0,0,0,0,0,0,0,0,0,4284,183,4,0,0,0,0,0
393,2673,394.16844708202376,99998,0,0,0,0,107,80,0.001870037400748015,0,0,49301,46465,23,19,675,3515,3749,712,0,0,95354,0,0,0,0,0,0,0,0,0,4457,183,4,0,0,0,0,0
394,2673,395.006007844894,99998,0,0,0,0,107,80,0.001870037400748015,0,0,49266,46329,23,19,710,3651,3891,747,0,0,95177,0,0,0,0,0,0,0,0,0,4634,183,4,0,0,0,0,0
395,2673,396.0205299442211,99998,0,0,0,0,107,80,0.001870037400748015,0,0,49230,46195,23,19,746,3785,4036,783,0,0,94996,0,0,0,0,0,0,0,0,0,4815,183,4,0,0,0,0,0
396,2673,397.01719973999354,99998,0,0,0,0,107,80,0.001870037400748015,0,0,49192,46057,23,19,784,3923,4184,821,0,0,94810,0,0,0,0,0,0,0,0,0,5001,183,4,0,0,0,0,0
397,2673,398.0097998226613,99998,0,0,0,0,107,80,0.001870037400748015,0,0,49159,45918,23,19,817,4062,4335,860,0,0,94621,0,0,0,0,0,0,0,0,0,5190,182,5,0,0,0,0,0
398,2673,399.07589811626076,99998,0,0,0,0,107,80,0.001870037400748015,0,0,49123,45783,23,19,853,4197,4489,900,0,0,94427,0,0,0,0,0,0,0,0,0,5384,182,5,0,0,0,0,0
399,2673,400.0242111147466,99998,0,0,0,0,107,80,0.001870037400748015,0,0,49083,45639,23,19,893,4341,4645,942,0,0,94229,0,0,0,0,0,0,0,0,0,5582,182,5,0,0,0,0,0
400,2673,401.23255264441417,99998,0,0,0,0,107,80,0.001870037400748015,0,0,49046,45501,23,19,930,4479,4804,985,0,0,94028,0,0,0,0,0,0,0,0,0,5783,181,6,0,0,0,0,0
401,2673,402.05691075660496,99998,0,0,0,0,107,80,0.001870037400748015,0,0,49003,45350,23,19,973,4630,4966,1030,0,0,93821,0,0,0,0,0,0,0,0,0,5990,181,6,0,0,0,0,0
402,2673,403.0948423681807,99998,0,0,0,0,107,80,0.001870037400748015,0,0,48962,45197,23,19,1014,4783,5131,1076,0,0,93610,0,0,0,0,0,0,0,0,0,6201,181,6,0,0,0,0,0
403,2673,404.0303833988556,99998,0,0,0,0,107,80,0.001870037400748015,0,0,48919,45041,23,19,1057,4939,5299,1123,0,0,93395,0,0,0,0,0,0,0,0,0,6416,181,6,0,0,0,0,0
404,2673,405.319146059493,99998,0,0,0,0,107,80,0.001870037400748015,0,0,48874,44895,23,19,1102,5085,5470,1172,0,0,93175,0,0,0,0,0,0,0,0,0,6636,181,6,0,0,0,0,0
405,2673,406.0850765384627,99998,0,0,0,0,107,80,0.001870037400748015,0,0,48828,44734,23,19,1148,5246,5644,1222,0,0,92951,0,0,0,0,0,0,0,0,0,6860,181,6,0,0,0,0,0
406,2673,407.0958789159227,99998,0,0,0,0,107,80,0.001870037400748015,0,0,48778,44573,23,19,1198,5407,5820,1274,0,0,92723,0,0,0,0,0,0,0,0,0,7088,181,6,0,0,0,0,0
407,2673,408.0148186798144,99998,0,0,0,0,107,80,0.001870037400748015,0,0,48730,44411,22,19,1247,5569,5999,1328,0,0,92491,0,0,0,0,0,0,0,0,0,7320,180,7,0,0,0,0,0
408,2673,409.00631176460644,99998,0,0,0,0,107,80,0.001870037400748015,0,0,48679,44254,22,19,1298,5726,6181,1383,0,0,92254,0,0,0,0,0,0,0,0,0,7557,180,7,0,0,0,0,0
409,2673,410.2493926339994,99998,0,0,0,0,107,80,0.001870037400748015,0,0,48625,44084,22,19,1352,5896,6365,1440,0,0,92013,0,0,0,0,0,0,0,0,0,7798,180,7,0,0,0,0,0
410,2673,411.10771857013344,99998,0,0,0,0,107,80,0.001870037400748015,0,0,48570,43915,22,19,1407,6065,6552,1498,0,0,91769,0,0,0,0,0,0,0,0,0,8042,179,8,0,0,0,0,0
411,2673,412.02634730590796,99998,0,0,0,0,107,80,0.001870037400748015,0,0,48514,43751,22,18,1463,6230,6741,1558,0,0,91521,0,0,0,0,0,0,0,0,0,8290,178,9,0,0,0,0,0
412,2673,413.03025548980963,99998,0,0,0,0,107,80,0.001870037400748015,0,0,48456,43578,22,18,1521,6403,6933,1620,0,0,91267,0,0,0,0,0,0,0,0,0,8544,178,9,0,0,0,0,0
413,2673,414.1106968402701,99998,0,0,0,0,107,80,0.001870037400748015,0,0,48398,43412,22,18,1579,6569,7127,1683,0,0,91011,0,0,0,0,0,0,0,0,0,8800,177,10,0,0,0,0,0
414,2673,415.12996486890165,99998,0,0,0,0,107,80,0.001870037400748015,0,0,48338,43247,22,18,1639,6734,7324,1748,0,0,90749,0,0,0,0,0,0,0,0,0,9062,177,10,0,0,0,0,0
415,2673,416.01458035396655,99998,0,0,0,0,107,80,0.001870037400748015,0,0,48274,43064,22,18,1703,6917,7523,1815,0,0,90484,0,0,0,0,0,0,0,0,0,9327,176,11,0,0,0,0,0
416,2673,417.01971299546165,99998,0,0,0,0,107,80,0.001870037400748015,0,0,48207,42875,22,18,1770,7106,7725,1884,0,0,90213,0,0,0,0,0,0,0,0,0,9598,176,11,0,0,0,0,0
417,2673,418.06774088764644,99998,0,0,0,0,107,80,0.001870037400748015,0,0,48142,42695,22,18,1835,7286,7929,1954,0,0,89939,0,0,0,0,0,0,0,0,0,9872,176,11,0,0,0,0,0
418,2673,419.03284463501575,99998,0,0,0,0,107,80,0.001870037400748015,0,0,48080,42516,21,18,1898,7465,8135,2026,0,0,89662,0,0,0,0,0,0,0,0,0,10149,175,12,0,0,0,0,0
419,2673,420.15425971621465,99998,0,0,0,0,107,80,0.001870037400748015,25,25,47987,42313,21,18,1966,7643,8343,2100,0,0,89381,0,0,0,0,0,0,0,0,0,10430,174,13,0,0,0,0,0
420,2673,421.0014354197768,99998,6,6,0,0,113,86,0.0019900398007960157,19,19,47920,42128,21,18,2033,7828,8554,2176,0,0,89095,0,0,0,0,0,0,0,0,0,10716,173,14,0,0,0,0,0
421,2673,422.0721564411269,99998,10,12,0,0,117,93,0.0021000420008400167,19,16,47852,41936,21,19,2097,8016,8767,2254,0,0,88803,1,0,0,0,0,0,0,0,0,11007,173,14,0,0,0,0,0
422,2673,423.0512504347354,99998,10,12,0,0,119,94,0.002130042600852017,20,15,47777,41753,23,19,2169,8200,8982,2333,0,0,88508,3,1,0,0,0,0,0,0,0,11299,172,15,0,0,0,0,0
423,2673,424.0219489703047,99998,10,15,0,0,121,99,0.002200044000880018,21,12,47705,41556,25,21,2238,8395,9199,2414,0,0,88208,6,2,0,0,0,0,0,0,0,11595,171,16,0,0,0,0,0
424,2673,425.19242486597574,99998,14,15,0,0,126,102,0.002280045600912018,18,9,47628,41380,26,24,2313,8571,9418,2497,0,0,87902,10,2,0,0,0,0,0,0,0,11897,171,16,0,0,0,0,0
425,2673,426.03080767198924,99998,16,14,0,0,130,104,0.0023400468009360186,14,7,47547,41170,28,27,2394,8781,9639,2582,0,0,87592,14,3,0,0,0,0,0,0,0,12202,171,16,0,0,0,0,0
426,2673,427.00030613546585,99998,20,12,0,0,136,107,0.0024300486009720193,15,4,47460,40976,30,31,2474,8976,9861,2669,0,0,87278,19,5,0,0,0,0,0,0,0,12509,171,16,0,0,0,0,0
427,2673,428.03560032745344,99998,21,9,0,0,138,108,0.0024600492009840195,19,7,47377,40782,31,34,2551,9167,10085,2758,0,0,86962,22,7,0,0,0,0,0,0,0,12820,171,16,0,0,0,0,0
428,2673,429.1724934550652,99998,16,7,0,0,139,108,0.00247004940098802,19,8,47290,40593,37,36,2637,9355,10311,2849,0,0,86638,29,7,1,0,0,0,0,0,0,13137,170,16,0,0,0,0,0
429,2673,430.14363792499046,99998,17,9,0,0,143,111,0.0025400508010160203,18,7,47198,40384,40,37,2726,9562,10539,2942,0,0,86314,33,7,1,0,0,0,0,0,0,13457,169,17,0,0,0,0,0
430,2673,431.02915620974767,99998,16,10,0,0,145,114,0.002590051801036021,20,7,47109,40180,43,39,2811,9763,10768,3037,0,0,85986,38,7,1,0,0,0,0,0,0,13780,168,18,0,0,0,0,0
431,2673,432.04843495603876,99998,17,10,0,0,149,115,0.002640052801056021,18,10,47018,39968,46,40,2900,9971,10999,3133,0,0,85657,40,9,1,0,0,0,0,0,0,14105,168,18,0,0,0,0,0
432,2673,433.2915952717673,99998,25,9,0,0,159,117,0.002760055201104022,12,11,46927,39783,48,43,2987,10153,11231,3231,0,0,85323,44,10,1,0,0,0,0,0,0,14434,168,18,0,0,0,0,0
433,2673,434.00279005422806,99998,29,11,0,0,165,120,0.002850057001140023,9,8,46836,39568,50,43,3075,10369,11465,3331,0,0,84986,47,10,1,0,0,0,0,0,0,14768,168,18,0,0,0,0,0
434,2673,435.0805642668527,99998,28,11,0,0,168,122,0.002900058001160023,9,8,46741,39364,54,44,3167,10572,11700,3433,0,0,84646,51,12,1,0,0,0,0,0,0,15102,167,19,0,0,0,0,0
435,2673,436.08968727475303,99998,22,13,0,0,171,124,0.0029500590011800236,13,10,46645,39166,63,44,3256,10766,11936,3537,0,0,84297,60,12,1,0,0,0,0,0,0,15442,167,19,0,0,0,0,0
436,2673,437.02068161907533,99998,23,17,0,0,176,129,0.0030500610012200243,12,8,46547,38962,67,45,3350,10967,12173,3643,0,0,83951,63,14,1,0,0,0,0,0,0,15783,167,19,0,0,0,0,0
437,2673,438.13131856566326,99997,20,15,1,0,178,132,0.0031000930027900836,13,9,46450,38763,71,48,3444,11164,12411,3751,0,0,83599,69,17,1,0,0,0,0,0,0,16125,166,20,0,0,0,0,0
438,2673,439.04367985697746,99997,22,17,1,0,182,134,0.0031600948028440855,14,11,46349,38551,73,48,3540,11372,12651,3861,0,0,83247,71,17,1,0,0,0,0,0,0,16475,166,20,0,0,0,0,0
439,2673,440.1759885837147,99997,23,15,1,0,186,136,0.003220096602898087,17,12,46237,38356,76,50,3645,11566,12892,3973,0,0,82890,76,19,1,0,0,0,0,0,0,16825,165,21,0,0,0,0,0
440,2673,441.1643621283686,99997,21,19,1,0,188,141,0.0032900987029610886,25,7,46126,38152,78,51,3748,11770,13134,4087,0,0,82531,80,20,1,0,0,0,0,0,0,17179,164,22,0,0,0,0,0
441,2673,442.0085951611369,99997,28,18,1,0,195,143,0.0033801014030420914,22,7,46017,37935,78,54,3853,11985,13376,4203,0,0,82173,80,23,1,0,0,0,0,0,0,17534,164,22,0,0,0,0,0
442,2673,443.0873734691217,99997,31,14,1,0,204,143,0.0034701041031230937,22,11,45919,37740,83,56,3943,12178,13619,4321,0,0,81805,87,26,1,0,0,0,0,0,0,17892,164,22,0,0,0,0,0
443,2673,444.07911237257605,99997,28,11,1,0,205,144,0.0034901047031410943,30,13,45810,37519,86,60,4044,12396,13863,4441,0,0,81435,93,28,1,0,0,0,0,0,0,18254,164,22,0,0,0,0,0
444,2673,445.2024678290743,99997,34,13,1,0,217,149,0.0036601098032940987,20,9,45705,37310,92,62,4147,12605,14108,4563,0,0,81060,101,29,1,0,0,0,0,0,0,18620,164,22,0,0,0,0,0
445,2673,446.27631702937583,99997,34,15,1,0,222,153,0.003750112503375101,18,10,45593,37100,97,64,4256,12810,14353,4687,0,0,80686,107,30,1,0,0,0,0,0,0,18987,163,23,0,0,0,0,0
446,2673,447.13905761691024,99997,36,13,1,0,227,155,0.003820114603438103,26,10,45474,36902,98,67,4364,13007,14599,4813,0,0,80311,112,32,1,0,0,0,0,0,0,19355,161,25,0,0,0,0,0
447,2673,448.29964430702216,99997,32,12,1,0,229,156,0.003850115503465104,29,14,45353,36699,104,67,4480,13207,14846,4941,0,0,79929,119,33,1,0,0,0,0,0,0,19729,161,25,0,0,0,0,0
448,2673,449.13275089118326,99997,29,12,1,0,231,159,0.0039001170035101052,34,17,45230,36476,109,69,4596,13425,15093,5070,0,0,79548,124,36,1,0,0,0,0,0,0,20102,161,25,0,0,0,0,0
449,2673,450.06633415269545,99997,34,16,1,0,241,165,0.004060121803654109,33,13,45107,36257,114,71,4710,13642,15341,5201,0,0,79163,130,37,1,0,0,0,0,0,0,20480,161,25,0,0,0,0,0
450,2673,451.032672488899,99997,36,15,1,0,251,167,0.004180125403762113,30,14,44979,36054,121,73,4832,13843,15589,5334,0,0,78774,139,39,1,0,0,0,0,0,0,20858,160,26,0,0,0,0,0
451,2673,452.2248930297971,99997,43,19,1,0,262,173,0.004350130503915118,23,8,44854,35852,125,74,4953,14046,15837,5469,0,0,78386,145,39,1,0,0,0,0,0,0,21240,159,27,0,0,0,0,0
452,2673,453.0940934350382,99997,43,18,1,0,266,174,0.004400132003960119,32,11,44720,35665,129,75,5074,14230,16085,5606,0,0,77999,149,41,1,0,0,0,0,0,0,21621,157,29,0,0,0,0,0
453,2673,454.0169923440826,99997,43,20,1,0,272,177,0.004490134704041121,37,11,44591,35468,135,75,5192,14425,16334,5745,0,0,77607,154,43,1,0,0,0,0,0,0,22006,156,30,0,0,0,0,0
454,2673,455.00546880451077,99997,48,21,1,0,283,179,0.004620138604158125,45,14,44454,35275,140,76,5311,14613,16583,5885,0,0,77213,160,44,1,0,0,0,0,0,0,22393,155,31,0,0,0,0,0
455,2673,456.02808304953544,99997,48,17,1,0,289,181,0.004700141004230127,42,18,44315,35054,144,80,5449,14830,16832,6027,0,0,76816,167,49,1,0,0,0,0,0,0,22778,154,32,0,0,0,0,0
456,2673,457.21917156387514,99997,53,17,1,0,299,184,0.004830144904347131,50,21,44184,34866,146,82,5565,15013,17081,6171,0,0,76418,172,52,1,0,0,0,0,0,0,23168,154,32,0,0,0,0,0
457,2673,458.0476584306002,99997,56,21,1,0,315,192,0.005070152104563137,45,22,44038,34668,157,84,5702,15204,17330,6317,0,0,76012,185,56,1,0,0,0,0,0,0,23557,152,34,0,0,0,0,0
458,2673,459.28227381791936,99997,56,19,1,0,323,194,0.0051701551046531395,51,27,43890,34477,162,86,5839,15390,17579,6465,0,0,75606,194,59,1,0,0,0,0,0,0,23951,152,34,0,0,0,0,0
459,2673,460.37662281821036,99997,62,22,1,0,336,201,0.005370161104833145,48,26,43755,34282,168,90,5965,15579,17828,6614,0,0,75201,201,63,1,0,0,0,0,0,0,24345,152,34,0,0,0,0,0
460,2673,461.2460454543726,99997,65,28,1,0,345,209,0.00554016620498615,48,25,43607,34067,173,92,6105,15787,18076,6765,0,0,74796,208,64,1,0,0,0,0,0,0,24742,151,35,0,0,0,0,0
461,2673,462.11837754098104,99997,75,29,1,0,361,216,0.005770173105193155,46,24,43462,33866,177,94,6238,15986,18324,6918,0,0,74390,213,70,2,0,0,0,0,0,0,25137,150,35,0,0,0,0,0
462,2673,463.4318394285831,99997,71,30,1,0,377,221,0.005980179405382161,44,24,43322,33681,193,97,6368,16167,18572,7072,0,0,73970,231,76,2,0,0,0,0,0,0,25533,150,35,0,0,0,0,0
463,2673,464.3098253929115,99997,71,38,1,0,383,229,0.006120183605508165,43,20,43177,33454,199,96,6508,16391,18819,7228,0,0,73565,235,78,2,0,0,0,0,0,0,25932,148,37,0,0,0,0,0
464,2673,465.00799481503105,99997,63,36,1,0,389,232,0.006210186305589168,46,18,43031,33244,210,101,6648,16600,19066,7385,0,0,73147,250,82,2,0,0,0,0,0,0,26331,147,38,0,0,0,0,0
465,2673,466.4193840352524,99997,65,34,1,0,410,237,0.006470194105823174,39,21,42891,33070,228,108,6775,16766,19313,7544,0,0,72724,268,90,2,0,0,0,0,0,0,26728,146,39,0,0,0,0,0
466,2673,467.0569191524653,99997,69,29,1,0,420,238,0.006580197405922177,39,22,42739,32874,234,113,6917,16961,19559,7704,0,0,72309,277,93,2,0,0,0,0,0,0,27131,146,39,0,0,0,0,0
467,2673,468.3927622601205,99997,63,32,1,0,431,244,0.006750202506075182,47,30,42592,32684,250,116,7046,17137,19805,7866,0,0,71884,295,95,2,0,0,0,0,0,0,27536,145,40,0,0,0,0,0
468,2673,469.2857909148623,99997,64,35,1,0,443,250,0.006930207906237187,51,30,42436,32487,261,118,7186,17329,20050,8029,0,0,71465,306,98,2,0,0,0,0,0,0,27941,145,40,0,0,0,0,0
469,2673,470.1820862150939,99997,66,36,1,0,449,258,0.007070212106363191,49,28,42294,32300,262,123,7327,17512,20294,8194,0,0,71055,309,106,2,0,0,0,0,0,0,28340,143,42,0,0,0,0,0
470,2673,471.0814440155572,99997,63,38,1,0,458,264,0.007220216606498195,49,27,42143,32114,272,126,7471,17694,20538,8360,0,0,70631,323,108,2,0,0,0,0,0,0,28748,143,42,0,0,0,0,0
471,2673,472.435971123157,99997,73,35,1,0,479,268,0.007470224106723202,47,35,41997,31948,281,130,7600,17851,20781,8528,0,0,70211,333,116,2,0,0,0,0,0,0,29150,142,43,0,0,0,0,0
472,2673,473.3415712077651,99997,79,35,1,0,490,271,0.007610228306849206,50,39,41844,31747,284,132,7741,18046,21023,8697,0,0,69796,337,120,2,0,0,0,0,0,0,29557,142,43,0,0,0,0,0
473,2673,474.2504655168251,99996,78,41,1,1,501,281,0.007820312812512501,50,37,41687,31562,296,133,7887,18225,21264,8867,0,0,69373,348,124,2,0,0,0,0,0,0,29964,142,43,0,0,0,0,0
474,2673,475.1626691140166,99996,74,40,1,1,510,286,0.007960318412736509,52,35,41537,31372,308,138,8027,18413,21505,9038,0,0,68947,362,129,2,0,0,0,0,0,0,30371,142,43,0,0,0,0,0
475,2673,476.07822795918213,99996,79,43,1,1,519,293,0.00812032481299252,55,33,41378,31188,308,141,8178,18593,21745,9211,0,0,68532,366,133,2,0,0,0,0,0,0,30778,140,45,0,0,0,0,0
476,2673,477.4575484992583,99996,79,50,1,1,536,306,0.008420336813472538,61,33,41217,31022,324,145,8317,18748,21984,9385,0,0,68103,383,139,2,0,0,0,0,0,0,31184,139,46,0,0,0,0,0
477,2673,478.3799685131644,99996,87,49,1,1,551,309,0.008600344013760551,56,39,41053,30835,328,146,8474,18929,22222,9560,0,0,67687,386,147,2,0,0,0,0,0,0,31589,139,46,0,0,0,0,0
478,2673,479.3059850606181,99996,86,57,1,1,563,320,0.008830353214128565,59,38,40891,30662,336,148,8626,19093,22459,9736,0,0,67265,397,152,2,0,0,0,0,0,0,31995,137,48,0,0,0,0,0
479,2673,480.23564417745644,99996,86,59,1,1,578,334,0.009120364814592583,60,33,40731,30487,349,159,8772,19260,22695,9913,0,0,66835,414,162,2,0,0,0,0,0,0,32398,137,48,0,0,0,0,0
480,2673,481.1689152527519,99995,92,69,2,1,593,347,0.009400470023501174,65,30,40571,30292,356,162,8913,19445,22930,10091,0,0,66415,422,165,2,0,0,0,0,0,0,32806,135,50,0,0,0,0,0
481,2673,482.10590219521407,99995,89,64,2,1,605,352,0.009570478523926196,73,31,40404,30126,370,169,9061,19608,23164,10270,0,0,65987,437,173,3,0,0,0,0,0,0,33210,134,51,0,0,0,0,0
482,2673,483.04664848106876,99995,92,67,2,1,621,363,0.00984049202460123,71,30,40242,29943,380,177,9212,19781,23397,10450,0,0,65560,451,180,3,0,0,0,0,0,0,33616,134,51,0,0,0,0,0
483,2673,484.46424793747855,99995,93,63,2,1,644,376,0.010200510025501276,69,35,40088,29787,401,190,9346,19923,23629,10631,0,0,65124,475,195,3,0,0,0,0,0,0,34013,133,52,0,0,0,0,0
484,2673,485.4123259384094,99995,96,71,2,1,659,389,0.01048052402620131,69,33,39924,29619,407,194,9501,20081,23859,10813,0,0,64703,485,202,3,0,0,0,0,0,0,34417,132,53,0,0,0,0,0
485,2673,486.3642504999659,99995,95,61,2,1,672,393,0.010650532526626332,69,36,39772,29442,415,203,9646,20256,24088,10996,0,0,64281,497,218,3,0,0,0,0,0,0,34811,130,55,0,0,0,0,0
486,2673,487.3199371460764,99995,90,54,2,1,687,399,0.010860543027151358,65,38,39613,29282,431,215,9798,20409,24316,11179,0,0,63847,520,228,3,0,0,0,0,0,0,35212,130,55,0,0,0,0,0
487,2673,488.27943625915674,99995,98,63,2,1,708,411,0.0111905595279764,52,31,39452,29131,443,216,9952,20557,24543,11363,0,0,63430,527,237,3,0,0,0,0,0,0,35613,129,56,0,0,0,0,0
488,2673,489.24293824932016,99995,99,62,2,1,720,419,0.011390569528476424,53,30,39290,28967,452,223,10103,20716,24769,11548,0,0,63010,537,247,3,0,0,0,0,0,0,36013,128,57,0,0,0,0,0
489,2673,490.2103607906342,99995,99,64,2,1,729,427,0.011560578028901446,62,27,39128,28806,461,227,10247,20874,24993,11734,0,0,62592,547,252,3,0,0,0,0,0,0,36416,126,59,0,0,0,0,0
490,2673,491.181812613765,99995,108,60,2,1,744,432,0.01176058802940147,66,30,38971,28634,460,236,10392,21038,25216,11920,0,0,62180,550,264,3,0,0,0,0,0,0,36813,126,59,0,0,0,0,0
491,2673,492.15711001825565,99995,102,60,2,1,756,436,0.01192059602980149,70,32,38804,28468,478,236,10543,21202,25438,12107,0,0,61762,560,274,3,1,0,0,0,0,0,37210,125,60,0,0,0,0,0
492,2673,493.13646030232354,99995,106,55,2,1,773,439,0.012120606030301516,67,34,38648,28314,483,241,10693,21354,25658,12294,0,0,61349,566,289,3,1,0,0,0,0,0,37602,125,60,0,0,0,0,0
493,2673,494.1198951448585,99995,111,52,2,1,793,446,0.01239061953097655,68,32,38472,28171,495,248,10851,21495,25877,12482,0,0,60924,584,296,3,1,0,0,0,0,0,38002,125,60,0,0,0,0,0
494,2673,495.10769988192317,99995,109,55,2,1,803,457,0.012600630031501575,72,28,38313,28037,504,251,10999,21627,26095,12670,0,0,60506,598,302,3,1,0,0,0,0,0,38400,123,62,0,0,0,0,0
495,2673,496.0996427779921,99995,108,58,2,1,817,465,0.012820641032051603,75,26,38154,27888,515,254,11145,21772,26311,12859,0,0,60089,611,309,3,1,0,0,0,0,0,38797,122,63,0,0,0,0,0
496,2673,497.0956468927976,99994,106,57,3,1,834,471,0.013050783046982819,74,29,37987,27762,531,256,11298,21894,26526,13048,0,0,59670,626,319,3,1,0,0,0,0,0,39190,121,64,0,0,0,0,0
497,2673,498.0960220159941,99994,118,59,3,1,857,480,0.013370802248134889,72,35,37811,27619,536,260,11459,22025,26739,13237,0,0,59262,632,331,3,1,0,0,0,0,0,39580,121,64,0,0,0,0,0
498,2673,499.1009532823629,99993,115,61,4,1,873,489,0.013620953466742672,75,33,37652,27469,547,266,11606,22169,26951,13427,0,0,58850,641,347,3,1,0,0,0,0,0,39966,121,64,0,0,0,0,0
499,2673,500.11015372951624,99993,124,66,4,1,898,501,0.0139909793685558,66,34,37486,27311,559,269,11760,22318,27162,13617,0,0,58442,649,362,3,1,0,0,0,0,0,40351,120,65,0,0,0,0,0
500,2673,501.123725596429,99993,121,63,4,1,916,505,0.014210994769633875,70,43,37318,27175,577,274,11909,22443,27371,13807,0,0,58029,665,374,3,1,0,0,0,0,0,40736,118,67,0,0,0,0,0
501,2673,502.1418556369347,99993,119,58,4,1,929,515,0.014441010870760954,75,46,37160,27044,588,287,12053,22563,27579,13997,0,0,57612,684,385,3,1,0,0,0,0,0,41123,118,67,0,0,0,0,0
502,2673,503.1644161592443,99993,116,61,4,1,946,522,0.014681027671937035,74,45,37002,26914,602,289,12201,22689,27785,14188,0,0,57202,697,396,3,1,0,0,0,0,0,41509,118,67,0,0,0,0,0
503,2673,504.1912246783315,99993,125,61,4,1,967,532,0.014991049373456142,73,50,36841,26779,606,297,12350,22811,27990,14379,0,0,56806,699,416,3,1,0,0,0,0,0,41883,116,69,0,0,0,0,0
504,2673,505.22252357090696,99993,128,64,4,1,985,542,0.015271068974828238,79,51,36683,26630,616,299,12489,22954,28193,14570,0,0,56403,708,429,3,1,0,0,0,0,0,42264,116,69,0,0,0,0,0
505,2673,506.25821205870994,99993,129,74,4,1,1007,561,0.01568109767683738,73,42,36513,26482,633,308,12647,23092,28395,14761,0,0,55992,726,441,3,1,0,0,0,0,0,42645,116,69,0,0,0,0,0
506,2673,507.2985719231723,99993,133,73,4,1,1033,575,0.016081125678797516,68,40,36357,26356,648,320,12789,23209,28595,14952,0,0,55583,745,459,3,1,0,0,0,0,0,43017,115,70,0,0,0,0,0
507,2673,508.34355937395486,99993,129,71,4,1,1053,583,0.01636114528016961,70,42,36196,26229,667,327,12933,23329,28794,15143,0,0,55178,761,477,3,1,0,0,0,0,0,43388,114,71,0,0,0,0,0
508,2673,509.3930378142102,99992,129,81,5,1,1070,604,0.01674133930714457,77,31,36035,26107,677,335,13076,23444,28991,15334,0,0,54772,778,485,4,1,0,0,0,0,0,43767,113,72,0,0,0,0,0
509,2673,510.4472205389877,99992,130,75,5,1,1087,611,0.016981358508680693,75,30,35889,25993,691,343,13209,23557,29187,15524,0,0,54372,792,500,4,1,0,0,0,0,0,44138,113,72,0,0,0,0,0
510,2673,511.5058557168168,99992,131,80,5,1,1108,620,0.017281382510600848,77,29,35742,25874,705,344,13339,23671,29381,15714,0,0,53979,802,514,4,1,0,0,0,0,0,44507,112,73,0,0,0,0,0
511,2673,512.0361199184598,99992,124,82,5,1,1114,625,0.017391391311304905,77,29,35576,25722,712,345,13505,23820,29574,15904,0,0,53593,807,525,4,1,0,0,0,0,0,44877,110,75,0,0,0,0,0
512,2673,513.104083692878,99992,126,85,5,1,1134,633,0.017671413713097047,81,35,35414,25624,724,347,13649,23907,29765,16094,0,0,53198,821,534,4,1,0,0,0,0,0,45249,110,75,0,0,0,0,0
513,2673,514.1768068450796,99992,130,75,5,1,1154,639,0.01793143451476118,86,42,35252,25513,729,359,13797,24009,29955,16284,0,0,52804,836,551,4,1,0,0,0,0,0,45611,109,76,0,0,0,0,0
514,2673,515.2543564149729,99992,125,77,5,1,1167,647,0.018141451316105287,88,46,35103,25399,742,356,13936,24120,30143,16473,0,0,52417,848,563,4,1,0,0,0,0,0,45974,107,78,0,0,0,0,0
515,2673,516.3364291922137,99992,138,75,5,1,1195,661,0.018561484918793503,87,38,34947,25301,753,364,14069,24220,30330,16662,0,0,52034,857,585,4,1,0,0,0,0,0,46326,105,80,0,0,0,0,0
516,2673,517.4233074300706,99992,150,73,5,1,1224,670,0.018941515321225698,83,40,34800,25213,764,372,14197,24300,30515,16851,0,0,51652,865,605,4,1,0,0,0,0,0,46680,105,80,0,0,0,0,0
517,2673,518.5147746471132,99992,147,68,5,1,1242,677,0.019191535322825828,78,44,34655,25136,780,382,14334,24368,30698,17039,0,0,51265,881,620,5,1,0,0,0,0,0,47035,104,81,0,0,0,0,0
518,2673,519.0615261106537,99992,141,65,5,1,1248,680,0.019281542523401873,79,50,34485,24992,788,383,14501,24508,30880,17227,0,0,50892,885,634,5,1,0,0,0,0,0,47390,103,82,0,0,0,0,0
519,2673,520.1630231796994,99992,139,71,5,1,1269,693,0.019621569725578047,86,46,34354,24891,803,385,14612,24605,31060,17414,0,0,50511,899,650,5,1,0,0,0,0,0,47741,103,82,0,0,0,0,0
520,2673,521.2690312692259,99992,144,77,5,1,1293,707,0.02000160012801024,83,43,34199,24809,816,388,14752,24681,31239,17601,0,0,50135,910,666,5,1,0,0,0,0,0,48090,102,83,0,0,0,0,0
521,2673,522.379669231097,99992,152,70,5,1,1316,713,0.02029162332986639,76,49,34067,24707,819,396,14880,24776,31416,17787,0,0,49761,922,681,4,3,0,0,0,0,0,48437,102,82,0,0,0,0,0
522,2673,523.4949034863048,99992,146,73,5,1,1336,729,0.020651652132170573,73,45,33927,24623,836,407,15012,24850,31592,17973,0,0,49382,940,702,4,3,0,0,0,0,0,48777,101,83,0,0,0,0,0
523,2673,524.0533272016613,99992,149,72,5,1,1349,735,0.02084166733338667,70,44,33773,24503,837,414,15165,24965,31766,18158,0,0,49022,941,718,4,3,0,0,0,0,0,49120,101,83,0,0,0,0,0
524,2673,525.1783216577493,99991,139,74,6,1,1369,746,0.021151903671330418,77,41,33634,24425,859,416,15284,25042,31939,18343,0,0,48648,956,739,5,3,0,0,0,0,0,49456,101,83,0,0,0,0,0
525,2673,526.3077276632914,99991,149,74,6,1,1390,759,0.02149193427408467,84,37,33506,24355,860,428,15394,25104,32110,18527,0,0,48284,965,751,6,4,0,0,0,0,0,49798,100,83,0,0,0,0,0
526,2673,527.441559453072,99991,154,65,6,1,1413,767,0.021801962176595895,89,35,33373,24294,870,441,15507,25163,32280,18710,0,0,47914,983,768,6,4,0,0,0,0,0,50133,99,84,0,0,0,0,0
527,2673,528.0093243412953,99991,154,67,6,1,1426,774,0.02200198017821604,89,34,33213,24172,876,443,15661,25282,32448,18893,0,0,47561,986,783,6,4,0,0,0,0,0,50468,98,85,0,0,0,0,0
528,2673,529.1529903974055,99991,146,68,6,1,1440,785,0.02225200268024122,95,38,33078,24104,886,452,15788,25336,32615,19075,0,0,47204,994,805,6,5,0,0,0,0,0,50794,98,85,0,0,0,0,0
529,2673,530.3014559683052,99991,157,65,6,1,1477,791,0.022682041383724535,84,40,32947,24035,903,455,15902,25403,32780,19256,0,0,46846,1007,827,6,5,0,0,0,0,0,51117,97,86,0,0,0,0,0
530,2673,531.4544365268663,99991,154,58,6,1,1501,800,0.023012071086397776,71,45,32823,23968,921,467,16024,25460,32944,19436,0,0,46496,1013,862,6,6,0,0,0,0,0,51425,97,86,0,0,0,0,0
531,2673,532.0318245351492,99991,152,59,6,1,1512,808,0.023202088187936915,73,44,32665,23864,930,471,16173,25560,33106,19616,0,0,46148,1022,873,4,8,0,0,0,0,0,51753,96,87,0,0,0,0,0
532,2673,533.1949109605707,99991,150,68,6,1,1536,827,0.02363212689142023,81,32,32541,23791,947,477,16274,25630,33267,19795,0,0,45791,1039,890,4,9,0,0,0,0,0,52075,96,87,0,0,0,0,0
533,2673,534.3626233379599,99991,160,55,6,1,1570,835,0.024052164694822534,72,33,32394,23733,963,495,16404,25682,33426,19973,0,0,45438,1055,919,4,9,0,0,0,0,0,52383,96,87,0,0,0,0,0
534,2673,535.5353411275183,99991,140,56,6,1,1588,847,0.024352191697252754,71,28,32277,23673,993,502,16512,25739,33584,20150,0,0,45085,1072,946,6,10,0,0,0,0,0,52690,95,87,0,0,0,0,0
535,2673,536.1225814965443,99991,139,55,6,1,1597,851,0.024482203398305848,72,26,32141,23570,997,498,16644,25849,33740,20326,0,0,44753,1072,961,6,10,0,0,0,0,0,53007,95,87,0,0,0,0,0
536,2673,537.3053074218246,99991,134,56,6,1,1615,856,0.024712224100169017,69,29,32037,23511,1010,498,16743,25904,33895,20501,0,0,44413,1084,976,6,10,0,0,0,0,0,53320,93,89,0,0,0,0,0
537,2673,538.491944279735,99991,128,55,6,1,1636,861,0.024972247502275204,66,37,31921,23465,1032,499,16846,25942,34048,20675,0,0,44070,1101,990,6,11,0,0,0,0,0,53631,92,90,0,0,0,0,0
538,2673,539.0859518637313,99991,129,57,6,1,1645,867,0.025122261003490316,70,35,31773,23365,1036,503,16985,26038,34200,20848,0,0,43739,1107,994,6,12,0,0,0,0,0,53951,92,90,0,0,0,0,0
539,2673,540.2822905937694,99991,143,50,6,1,1677,873,0.02550229520656859,54,35,31664,23323,1042,511,17090,26079,34350,21020,0,0,43406,1118,1011,7,13,0,0,0,0,0,54255,91,90,0,0,0,0,0
540,2673,541.4829016341369,99991,142,52,6,1,1704,883,0.02587232850956586,52,34,31568,23260,1064,518,17167,26134,34499,21192,0,0,43066,1137,1028,7,13,0,0,0,0,0,54559,91,90,0,0,0,0,0
541,2673,542.083747068825,99991,141,55,6,1,1711,891,0.02602234201078097,57,31,31438,23157,1058,522,17299,26233,34647,21363,0,0,42751,1135,1043,6,14,0,0,0,0,0,54861,90,91,0,0,0,0,0
542,2673,543.2931934535766,99991,139,56,6,1,1733,904,0.026372373513616227,52,35,31340,23103,1074,526,17388,26278,34793,21533,0,0,42422,1150,1062,6,15,0,0,0,0,0,55155,88,93,0,0,0,0,0
543,2673,544.506297279273,99991,143,64,6,1,1753,918,0.026712404116370474,53,39,31210,23071,1080,529,17507,26295,34938,21702,0,0,42104,1154,1080,6,15,0,0,0,0,0,55451,88,93,0,0,0,0,0
544,2673,545.1137681749585,99991,136,64,6,1,1759,924,0.026832414917342562,63,40,31063,22987,1087,534,17644,26373,35081,21870,0,0,41789,1158,1095,6,15,0,0,0,0,0,55747,88,93,0,0,0,0,0
545,2673,546.3373682752598,99991,129,62,6,1,1773,932,0.027052434719124722,67,43,30970,22946,1088,540,17739,26407,35223,22036,0,0,41474,1166,1118,6,15,0,0,0,0,0,56031,87,94,0,0,0,0,0
546,2673,547.5651038487699,99991,125,62,6,1,1793,947,0.027402466221959975,68,38,30884,22929,1102,549,17814,26420,35363,22201,0,0,41155,1181,1142,6,15,0,0,0,0,0,56311,86,95,0,0,0,0,0
547,2673,548.1793584938425,99991,120,66,6,1,1803,955,0.027582482423418108,65,36,30759,22844,1112,551,17937,26501,35502,22365,0,0,40847,1187,1155,6,15,0,0,0,0,0,56600,85,96,0,0,0,0,0
548,2673,549.4156294221715,99991,124,70,6,1,1820,968,0.027882509425848325,68,32,30663,22808,1117,551,18021,26537,35640,22528,0,0,40547,1186,1178,6,15,0,0,0,0,0,56878,85,96,0,0,0,0,0
549,2673,550.0343313913872,99991,125,60,6,1,1828,970,0.0279825184266584,70,35,30535,22720,1118,560,18145,26623,35776,22690,0,0,40249,1186,1195,6,16,0,0,0,0,0,57158,85,96,0,0,0,0,0
550,2673,551.2795662769203,99991,114,60,6,1,1852,983,0.02835255172965567,70,34,30452,22700,1144,566,18213,26638,35911,22851,0,0,39933,1208,1221,6,16,0,0,0,0,0,57426,83,98,0,0,0,0,0
551,2673,552.5287581099877,99991,111,62,6,1,1873,997,0.028702583232490923,75,29,30370,22687,1156,574,18281,26646,36045,23011,0,0,39628,1220,1245,6,16,0,0,0,0,0,57695,82,99,0,0,0,0,0
552,2673,553.1536948926768,99991,112,60,6,1,1882,1001,0.02883259493354402,77,28,30244,22605,1159,577,18401,26728,36177,23170,0,0,39335,1223,1256,6,16,0,0,0,0,0,57974,81,100,0,0,0,0,0
553,2673,554.4110966121141,99991,122,56,6,1,1907,1009,0.02916262463621726,68,28,30158,22588,1162,588,18483,26738,36308,23328,0,0,39042,1227,1279,6,16,0,0,0,0,0,58240,81,100,0,0,0,0,0
554,2673,555.0406177001523,99991,124,55,6,1,1918,1016,0.02934264083767539,68,23,30047,22514,1162,591,18592,26815,36438,23485,0,0,38753,1229,1294,6,16,0,0,0,0,0,58512,81,100,0,0,0,0,0
555,2673,556.3065668046603,99991,125,44,6,1,1936,1021,0.02957266153953856,70,25,29962,22488,1162,599,18674,26842,36566,23641,0,0,38464,1234,1322,6,16,0,0,0,0,0,58768,81,100,0,0,0,0,0
556,2673,557.5761174355865,99991,127,49,6,1,1960,1029,0.029892690342130792,63,27,29871,22476,1176,597,18756,26849,36693,23795,0,0,38176,1240,1339,7,16,0,0,0,0,0,59032,81,100,0,0,0,0,0
557,2673,558.2114014677877,99991,134,49,6,1,1974,1031,0.03005270474342691,56,28,29763,22399,1173,597,18867,26925,36819,23948,0,0,37901,1237,1351,7,16,0,0,0,0,0,59298,80,101,0,0,0,0,0
558,2673,559.4895276896929,99991,131,45,6,1,1992,1040,0.030322729045614106,58,24,29679,22405,1186,606,18939,26918,36944,24100,0,0,37607,1254,1368,7,16,0,0,0,0,0,59558,80,101,0,0,0,0,0
559,2673,560.1290068312987,99991,126,43,6,1,1996,1043,0.030392735346181157,62,25,29563,22330,1190,607,19052,26993,37067,24251,0,0,37332,1255,1381,7,16,0,0,0,0,0,59819,80,101,0,0,0,0,0
560,2673,561.4156778878482,99989,116,45,7,2,2012,1057,0.030693376271389853,64,24,29503,22328,1206,613,19103,26987,37189,24401,0,0,37048,1266,1406,7,16,0,0,0,0,0,60065,80,101,0,0,0,0,0
561,2673,562.05941767496,99989,112,42,7,2,2016,1059,0.030753382872115934,68,24,29393,22275,1209,616,19210,27040,37310,24550,0,0,36777,1267,1418,7,16,0,0,0,0,0,60323,80,101,0,0,0,0,0
562,2673,563.3537716920165,99989,113,40,7,2,2036,1064,0.031003410375141264,62,32,29345,22283,1212,620,19260,27022,37430,24697,0,0,36508,1269,1442,7,16,0,0,0,0,0,60566,80,101,0,0,0,0,0
563,2673,564.001093117363,99989,108,43,7,2,2045,1070,0.031153426876956464,69,33,29239,22225,1221,619,19355,27077,37548,24843,0,0,36241,1273,1453,7,17,0,0,0,0,0,60817,79,102,0,0,0,0,0
564,2673,565.3023789129965,99988,111,39,7,3,2078,1078,0.03156378765451854,60,30,29180,22228,1245,627,19396,27072,37665,24988,0,0,35967,1284,1479,9,17,0,0,0,0,0,61051,78,103,0,0,0,0,0
565,2673,566.6064008978209,99988,120,45,7,3,2102,1092,0.0319438332599912,53,24,29124,22231,1250,629,19445,27067,37781,25132,0,0,35703,1288,1498,9,17,0,0,0,0,0,61292,78,103,0,0,0,0,0
566,2673,567.258582625205,99988,121,46,7,3,2111,1101,0.03212385486258351,56,19,29019,22183,1253,634,19543,27114,37896,25275,0,0,35444,1289,1513,9,17,0,0,0,0,0,61535,78,103,0,0,0,0,0
567,2673,568.3257828427226,99988,118,44,7,3,2115,1103,0.032183862063447616,63,18,28931,22131,1255,636,19625,27167,38010,25416,0,0,35187,1291,1522,9,17,0,0,0,0,0,61781,78,103,0,0,0,0,0
568,2673,569.1201275677631,99988,113,47,7,3,2123,1110,0.032333880065607876,67,17,28831,22085,1257,635,19724,27212,38123,25556,0,0,34935,1290,1540,9,17,0,0,0,0,0,62016,78,103,0,0,0,0,0
569,2673,570.1920281222598,99988,121,37,7,3,2154,1115,0.03269392327079249,63,23,28793,22124,1269,647,19746,27165,38234,25695,0,0,34677,1299,1567,9,18,0,0,0,0,0,62237,77,104,0,0,0,0,0
570,2673,571.5135729397005,99988,117,37,7,3,2164,1124,0.032883946073528826,65,18,28722,22095,1280,648,19808,27198,38344,25833,0,0,34422,1307,1582,8,19,0,0,0,0,0,62469,77,104,0,0,0,0,0
571,2673,572.161942201506,99988,127,38,7,3,2187,1131,0.03318398207784934,57,19,28649,22092,1285,645,19874,27202,38453,25970,0,0,34177,1305,1601,9,19,0,0,0,0,0,62696,77,104,0,0,0,0,0
572,2673,573.3881985549756,99988,129,40,7,3,2195,1134,0.03329399527943353,61,20,28531,22039,1288,645,19983,27252,38561,26106,0,0,33935,1304,1609,9,19,0,0,0,0,0,62931,76,105,0,0,0,0,0
573,2673,574.3992741030379,99988,123,39,7,3,2216,1142,0.033584030083610036,65,21,28476,22053,1311,648,20017,27235,38668,26240,0,0,33682,1318,1630,8,21,0,0,0,0,0,63149,75,105,0,0,0,0,0
574,2673,575.4748357567526,99988,145,34,7,3,2249,1147,0.03396407568908269,52,25,28451,22067,1311,653,20033,27217,38774,26373,0,0,33442,1319,1650,8,21,0,0,0,0,0,63368,75,105,0,0,0,0,0
575,2673,576.1429938402779,99988,136,33,7,3,2258,1149,0.03407408889066688,52,30,28365,22012,1317,653,20122,27268,38879,26505,0,0,33202,1323,1667,8,21,0,0,0,0,0,63587,74,106,0,0,0,0,0
576,2673,577.4846475141437,99988,122,38,7,3,2273,1160,0.03433412009441133,54,32,28344,22038,1334,650,20138,27238,38983,26636,0,0,32961,1328,1693,9,22,0,0,0,0,0,63795,74,106,0,0,0,0,0
577,2673,578.1553601000581,99988,120,38,7,3,2284,1163,0.034474136896427574,52,32,28258,22000,1337,651,20225,27275,39086,26766,0,0,32731,1325,1712,9,22,0,0,0,0,0,64009,74,106,0,0,0,0,0
578,2673,579.5023094051865,99988,116,43,7,3,2304,1174,0.03478417410089211,53,25,28204,22023,1353,655,20266,27250,39187,26894,0,0,32492,1335,1729,9,22,1,0,0,0,0,64220,74,106,0,0,0,0,0
579,2673,580.1762317310166,99988,113,45,7,3,2310,1177,0.034874184902188264,62,27,28117,21988,1352,653,20348,27283,39287,27021,0,0,32275,1325,1749,9,22,1,0,0,0,0,64427,74,106,0,0,0,0,0
580,2673,581.5299371436747,99988,114,50,7,3,2326,1192,0.0351842221066528,65,20,28101,22016,1355,659,20357,27251,39386,27147,0,0,32045,1330,1769,9,22,1,0,0,0,0,64632,74,106,0,0,0,0,0
581,2673,582.2065140618614,99988,118,48,7,3,2336,1193,0.03529423530823699,60,19,27998,21941,1353,661,20463,27327,39484,27272,0,0,31826,1326,1780,10,22,1,0,0,0,0,64843,73,107,0,0,0,0,0
582,2673,583.1705905175056,99988,124,46,7,3,2355,1201,0.03556426771212545,52,17,27946,21939,1354,666,20516,27328,39581,27396,0,0,31603,1329,1798,9,24,1,0,0,0,0,65044,73,107,0,0,0,0,0
583,2673,584.0114376690864,99987,130,45,8,3,2371,1205,0.035764649404422574,48,19,27876,21919,1358,669,20579,27344,39677,27519,0,0,31383,1329,1812,9,24,1,0,0,0,0,65249,73,107,0,0,0,0,0
584,2673,585.3173417965562,99987,120,41,8,3,2388,1210,0.035984678008141056,52,19,27835,21931,1377,671,20607,27334,39772,27641,0,0,31159,1336,1841,9,24,1,0,0,0,0,65437,73,107,0,0,0,0,0
585,2673,586.6142254644253,99987,118,39,8,3,2408,1215,0.03623471051236661,47,18,27812,21960,1381,674,20633,27305,39866,27761,0,0,30948,1334,1872,9,24,1,0,0,0,0,65619,72,108,0,0,0,0,0
586,2673,587.0274360933034,99987,115,40,8,3,2420,1217,0.036374728714732914,42,19,27728,21921,1391,671,20715,27345,39959,27880,0,0,30734,1337,1885,9,24,1,0,0,0,0,65817,71,109,0,0,0,0,0
587,2673,588.3282132828756,99987,110,45,8,3,2431,1226,0.036574754718113354,46,18,27682,21916,1399,669,20754,27348,40051,27998,0,0,30522,1340,1902,9,24,1,0,0,0,0,66009,70,110,0,0,0,0,0
588,2673,589.0819740264676,99987,111,43,8,3,2442,1230,0.03672477422064868,46,18,27621,21913,1398,671,20815,27351,40142,28115,0,0,30321,1334,1924,9,24,1,0,0,0,0,66194,69,111,0,0,0,0,0
589,2673,590.391371414912,99987,108,42,8,3,2459,1238,0.036974806724874236,40,18,27590,21944,1411,672,20842,27320,40232,28231,0,0,30107,1341,1944,10,24,1,0,0,0,0,66380,69,111,0,0,0,0,0
590,2673,591.0801868181296,99987,107,43,8,3,2466,1241,0.037074819726564456,41,17,27527,21927,1412,667,20904,27342,40322,28346,0,0,29909,1336,1959,10,24,1,0,0,0,0,66568,67,113,0,0,0,0,0
591,2673,592.2852299593844,99987,100,35,8,3,2488,1245,0.03733485353095903,31,21,27505,21978,1430,675,20925,27287,40411,28460,0,0,29701,1344,1992,10,24,1,0,0,0,0,66735,64,116,0,0,0,0,0
592,2673,593.6274387360448,99987,94,36,8,3,2498,1251,0.03749487433366338,30,19,27462,21981,1439,676,20966,27284,40499,28572,0,0,29499,1346,2011,10,24,1,0,0,0,0,66916,64,116,0,0,0,0,0
593,2673,594.3941383589854,99987,87,33,8,3,2507,1252,0.03759488733535359,32,22,27438,22014,1446,679,20988,27248,40586,28683,0,0,29297,1351,2026,10,24,1,0,0,0,0,67098,63,117,0,0,0,0,0
594,2673,595.0878674254567,99987,81,31,8,3,2512,1254,0.03766489643653675,32,21,27372,21988,1456,683,21050,27273,40672,28793,0,0,29103,1351,2041,10,24,1,0,0,0,0,67277,61,119,0,0,0,0,0
595,2673,596.4798224407529,99987,77,35,8,3,2516,1260,0.03776490943822697,37,17,27311,21993,1457,680,21109,27271,40757,28902,0,0,28914,1346,2056,10,24,1,0,0,0,0,67456,61,119,0,0,0,0,0
596,2673,597.034303024461,99987,76,37,8,3,2521,1264,0.037854921139748164,37,14,27253,21966,1455,681,21170,27298,40841,29010,0,0,28727,1341,2067,10,25,1,0,0,0,0,67636,61,119,0,0,0,0,0
597,2673,598.1252011411193,99987,72,37,8,3,2524,1268,0.03792493024093132,42,14,27210,21954,1453,682,21214,27309,40924,29117,0,0,28545,1334,2085,10,25,1,0,0,0,0,67807,60,120,0,0,0,0,0
598,2673,599.1510900581436,99987,76,33,8,3,2537,1272,0.038094952343804694,37,15,27199,21984,1451,688,21228,27276,41006,29223,0,0,28355,1336,2100,10,25,1,0,0,0,0,67980,60,120,0,0,0,0,0
599,2673,600.0311054072085,99987,79,27,8,3,2548,1273,0.038214967945832956,34,17,27167,22008,1446,689,21265,27255,41088,29328,0,0,28171,1333,2118,10,25,1,0,0,0,0,68149,60,120,0,0,0,0,0
600,2673,601.1289939761222,99987,74,31,8,3,2554,1279,0.038334983547861225,34,14,27123,22022,1450,684,21310,27245,41169,29432,0,0,27986,1333,2131,10,25,1,0,0,0,0,68321,60,120,0,0,0,0,0
601,2673,602.0680300810191,99987,72,30,8,3,2561,1281,0.03842499524938242,35,15,27084,22021,1449,685,21351,27245,41249,29535,0,0,27805,1332,2144,10,25,1,0,0,0,0,68490,59,121,0,0,0,0,0
602,2673,603.5031416448068,99987,77,30,8,3,2584,1287,0.03871503295428406,35,15,27122,22139,1449,684,21308,27128,41328,29637,0,0,27629,1327,2171,10,26,1,0,0,0,0,68643,59,121,0,0,0,0,0
603,2673,604.2053375847842,99987,77,31,8,3,2584,1288,0.03872503425445308,36,16,27030,22068,1447,681,21401,27200,41406,29738,0,0,27455,1322,2176,10,26,1,0,0,0,0,68817,59,121,0,0,0,0,0
604,2673,605.2167981444717,99987,83,31,8,3,2598,1292,0.038905057657495475,25,15,27012,22090,1447,681,21424,27179,41483,29838,0,0,27282,1319,2189,10,27,1,0,0,0,0,68979,58,122,0,0,0,0,0
605,2673,606.0837229694832,99987,78,35,8,3,2604,1299,0.03903507455969276,25,12,26985,22089,1446,680,21457,27180,41560,29937,0,0,27114,1311,2211,10,27,1,0,0,0,0,69133,58,122,0,0,0,0,0
606,2673,607.2913351379789,99987,73,37,8,3,2612,1304,0.039165091461890046,24,9,26960,22120,1451,679,21483,27151,41636,30035,0,0,26938,1313,2225,10,27,1,0,0,0,0,69293,58,122,0,0,0,0,0
607,2673,608.134493381888,99987,69,33,8,3,2618,1306,0.03924510186324222,27,7,26938,22123,1454,682,21503,27151,41711,30132,0,0,26769,1312,2240,10,28,1,0,0,0,0,69447,56,124,0,0,0,0,0
608,2673,609.3507839807039,99987,67,31,8,3,2631,1309,0.039405122665946576,26,10,26946,22196,1458,682,21494,27077,41785,30228,0,0,26596,1315,2257,10,28,1,0,0,0,0,69600,56,124,0,0,0,0,0
609,2673,610.0207240771803,99987,65,29,8,3,2634,1311,0.03945512916679168,24,9,26881,22168,1456,686,21565,27104,41858,30323,0,0,26431,1312,2269,10,28,1,0,0,0,0,69756,56,124,0,0,0,0,0
610,2673,611.2356650496237,99986,58,29,9,3,2642,1315,0.03957554057568059,24,7,26915,22239,1449,688,21544,27033,41931,30417,0,0,26265,1310,2287,11,28,1,0,0,0,0,69904,56,124,0,0,0,0,0
611,2673,612.5887214791569,99986,59,25,9,3,2653,1316,0.039695557378032924,22,9,26938,22303,1448,687,21523,26972,42003,30510,0,0,26102,1309,2301,10,30,1,0,0,0,0,70053,56,124,0,0,0,0,0
612,2673,613.29609372075,99986,59,25,9,3,2654,1317,0.03971556017842498,21,8,26872,22251,1442,686,21596,27026,42074,30602,0,0,25947,1301,2311,10,30,1,0,0,0,0,70206,56,124,0,0,0,0,0
613,2673,614.1313860915258,99986,61,25,9,3,2657,1320,0.03977556857960114,20,6,26840,22247,1433,688,21636,27030,42144,30693,0,0,25791,1297,2318,10,31,1,0,0,0,0,70359,55,124,0,0,0,0,0
614,2673,615.2758032866301,99986,61,22,9,3,2665,1322,0.03987558258156142,18,6,26818,22277,1429,689,21664,27002,42214,30783,0,0,25636,1292,2336,10,31,1,0,0,0,0,70501,55,124,0,0,0,0,0
615,2673,616.0257920634878,99986,65,20,9,3,2671,1323,0.03994559238293361,17,5,26780,22265,1425,690,21703,27016,42283,30872,0,0,25485,1287,2346,9,32,1,0,0,0,0,70647,54,125,0,0,0,0,0
616,2673,617.1496766706499,99986,60,18,9,3,2673,1326,0.03999559938391375,16,6,26787,22288,1426,688,21701,26996,42351,30960,0,0,25337,1279,2364,9,33,1,0,0,0,0,70784,54,125,0,0,0,0,0
617,2673,618.0379004089333,99986,55,16,9,3,2675,1327,0.04002560358450183,18,7,26782,22322,1429,686,21706,26965,42419,31047,0,0,25184,1277,2374,10,33,1,0,0,0,0,70928,53,126,0,0,0,0,0
618,2673,619.0958738232417,99986,53,17,9,3,2681,1330,0.04011561618626608,18,7,26751,22338,1429,686,21739,26948,42486,31133,0,0,25035,1273,2388,10,33,1,0,0,0,0,71067,53,126,0,0,0,0,0
619,2673,620.1040208737352,99986,46,21,9,3,2686,1334,0.04020562878803032,20,9,26779,22389,1432,681,21713,26896,42552,31218,0,0,24883,1274,2399,10,33,1,0,0,0,0,71207,53,126,0,0,0,0,0
620,2673,621.2979885113413,99986,51,17,9,3,2694,1334,0.04028563998959855,16,10,26777,22403,1426,680,21720,26886,42618,31302,0,0,24745,1263,2417,10,33,1,0,0,0,0,71338,52,127,0,0,0,0,0
621,2673,622.228261384944,99986,49,15,9,3,2697,1335,0.04032564559038265,13,12,26766,22435,1428,683,21734,26851,42683,31385,0,0,24596,1264,2424,10,33,1,0,0,0,0,71479,52,127,0,0,0,0,0
622,2673,623.0867294046066,99986,44,11,9,3,2698,1336,0.04034564839077471,16,12,26759,22471,1425,681,21746,26821,42747,31467,0,0,24457,1257,2442,10,33,1,0,0,0,0,71607,52,127,0,0,0,0,0
623,2673,624.1250813272173,99986,39,12,9,3,2701,1339,0.04040565679195087,15,10,26766,22482,1421,678,21749,26814,42811,31549,0,0,24320,1248,2461,10,33,1,0,0,0,0,71734,52,127,0,0,0,0,0
624,2673,625.1320613866574,99986,36,12,9,3,2703,1340,0.04043566099253895,19,11,26756,22496,1417,675,21762,26802,42874,31630,0,0,24186,1239,2475,10,34,1,0,0,0,0,71863,51,127,0,0,0,0,0
625,2673,626.1925326574066,99986,38,12,9,3,2709,1343,0.0405256735943032,16,9,26755,22526,1411,670,21770,26779,42936,31710,0,0,24047,1236,2485,10,34,1,0,0,0,0,71995,51,127,0,0,0,0,0
626,2673,627.3971432198056,99986,35,12,9,3,2711,1346,0.04057568059528334,17,8,26763,22592,1408,667,21767,26717,42998,31789,0,0,23911,1231,2496,10,35,1,0,0,0,0,72124,51,127,0,0,0,0,0
627,2673,628.0013378321388,99986,36,11,9,3,2714,1347,0.04061568619606745,19,7,26735,22587,1401,667,21799,26724,43059,31867,0,0,23779,1225,2504,10,36,1,0,0,0,0,72253,50,128,0,0,0,0,0
628,2673,629.0528685698986,99986,36,13,9,3,2718,1350,0.04068569599743964,15,5,26753,22608,1390,665,21796,26705,43119,31944,0,0,23654,1212,2520,11,36,1,0,0,0,0,72374,50,128,0,0,0,0,0
629,2673,630.0263859235329,99986,35,12,9,3,2725,1352,0.04077570859920389,44,30,26766,22674,1382,665,21763,26615,43179,32020,0,0,23519,1211,2531,11,36,1,0,0,0,1,72498,50,128,0,0,0,0,0
630,2673,631.0472130757574,99986,41,15,9,3,2735,1359,0.04094573240253636,42,28,26754,22676,1378,666,21775,26611,43238,32096,0,0,23390,1202,2540,11,36,1,4,0,0,5,72619,49,129,0,0,0,0,0
631,2673,632.2542752479585,99985,50,24,10,3,2756,1373,0.04129619442916437,41,22,26771,22757,1377,667,21750,26526,43297,32171,0,0,23258,1197,2545,11,36,1,7,0,0,18,72734,49,129,0,0,0,0,0
632,2673,633.320882462272,99985,54,25,10,3,2766,1380,0.04146621993298995,46,26,26764,22791,1371,669,21754,26485,43355,32245,0,0,23127,1193,2547,12,37,1,10,0,0,25,72855,48,130,0,0,0,0,0
633,2673,634.0321023358495,99985,56,30,10,3,2780,1389,0.04169625443816573,41,23,26745,22792,1375,670,21772,26481,43412,32318,0,0,22998,1185,2555,12,37,1,17,0,0,34,72968,48,130,0,0,0,0,0
634,2673,635.0995070341068,99985,64,31,10,3,2796,1394,0.04190628594289143,44,24,26752,22827,1375,672,21754,26442,43469,32390,0,0,22870,1182,2558,12,37,1,20,0,0,43,73084,47,131,0,0,0,0,0
635,2673,636.1666927025941,99985,65,33,10,3,2809,1400,0.04209631444716708,52,30,26743,22849,1373,672,21756,26412,43525,32462,0,0,22746,1174,2566,12,37,1,24,0,0,55,73192,47,131,0,0,0,0,0
636,2673,637.2340634540253,99985,66,37,10,3,2823,1409,0.04232634895234285,50,33,26739,22882,1377,673,21757,26371,43581,32533,0,0,22622,1166,2574,12,37,1,30,0,0,67,73298,46,132,0,0,0,0,0
637,2673,638.3015793533717,99985,76,45,10,3,2836,1424,0.0426063909586438,54,27,26733,22927,1372,677,21754,26320,43636,32603,0,0,22498,1164,2576,12,37,1,32,0,0,75,73412,45,133,0,0,0,0,0
638,2673,639.013218157095,99985,77,43,10,3,2842,1430,0.0427264089613442,59,30,26727,22929,1368,679,21758,26315,43691,32672,0,0,22381,1155,2585,12,37,1,34,0,0,86,73516,45,133,0,0,0,0,0
639,2673,640.0812174665132,99985,83,49,10,3,2856,1440,0.04296644496674501,73,29,26715,22974,1370,678,21748,26266,43745,32741,0,0,22264,1148,2592,12,37,1,35,0,0,97,73621,45,133,0,0,0,0,0
640,2673,641.1490692643522,99985,91,52,10,3,2874,1448,0.04322648397259589,83,26,26710,23019,1369,678,21736,26221,43798,32809,0,0,22148,1141,2598,12,38,1,37,0,0,109,73723,45,133,0,0,0,0,0
641,2673,642.2168413245763,99985,103,54,10,3,2902,1456,0.0435865379806971,86,33,26708,23062,1377,680,21715,26167,43851,32876,0,0,22022,1138,2600,12,39,1,46,0,0,121,73828,45,133,0,0,0,0,0
642,2673,643.2846796379001,99985,112,62,10,3,2928,1469,0.04397659648947342,92,37,26710,23082,1386,682,21689,26133,43903,32942,0,0,21902,1132,2606,12,39,1,54,0,0,135,73926,45,133,0,0,0,0,0
643,2673,644.3521439431069,99985,127,67,10,3,2962,1483,0.04445666850027504,108,41,26715,23129,1394,690,21645,26069,43955,33008,0,0,21779,1129,2609,12,39,1,62,0,0,155,74021,45,133,0,0,0,0,0
644,2673,645.0633714936132,99985,134,74,10,3,2982,1494,0.04476671500725109,118,40,26692,23136,1401,689,21644,26057,44006,33073,0,0,21663,1123,2615,12,39,1,68,0,0,166,74120,45,133,0,0,0,0,0
645,2673,646.1308782386067,99985,146,71,10,3,3019,1503,0.04522678401760264,119,44,26685,23173,1419,700,21620,26008,44057,33137,0,0,21544,1115,2620,14,40,1,78,0,0,190,74205,45,133,0,0,0,0,0
646,2673,647.1984936080685,99985,156,71,10,3,3054,1511,0.045656848527279095,130,52,26685,23213,1436,707,21582,25953,44107,33200,0,0,21426,1112,2622,14,41,1,86,0,0,214,74291,45,133,0,0,0,0,0
647,2673,648.26577510678,99985,168,69,10,3,3086,1518,0.04604690703605541,140,63,26692,23243,1446,716,21543,25905,44157,33263,0,0,21314,1109,2625,13,42,1,89,0,0,240,74374,45,133,0,0,0,0,0
648,2673,649.3325980256733,99985,188,78,10,3,3133,1536,0.046697004550682604,148,70,26676,23276,1465,722,21512,25850,44206,33325,0,0,21194,1103,2629,14,43,1,103,0,0,260,74460,45,133,0,0,0,0,0
649,2673,650.0439764708161,99985,197,79,10,3,3157,1547,0.047047057058558786,155,72,26647,23262,1476,730,21514,25853,44255,33386,0,0,21081,1099,2630,15,45,1,109,0,0,276,74551,45,133,0,0,0,0,0
650,2673,651.1116510749314,99985,206,93,10,3,3198,1572,0.047707156073411014,176,75,26629,23296,1498,736,21480,25796,44303,33447,0,0,20963,1094,2633,16,46,1,122,0,0,304,74628,45,133,0,0,0,0,0
651,2673,652.1797681626132,99985,224,99,10,3,3244,1593,0.04837725658848827,183,77,26614,23343,1520,743,21448,25734,44351,33507,0,0,20851,1090,2636,17,47,1,130,0,0,337,74699,44,133,0,0,0,0,0
652,2673,653.2479681507457,99985,238,108,10,3,3294,1614,0.04908736310446567,199,84,26613,23373,1547,752,21392,25679,44398,33566,0,0,20740,1085,2640,18,48,1,141,0,0,371,74764,42,135,0,0,0,0,0
653,2673,654.3159584679861,99985,248,123,10,3,3339,1643,0.04982747412111817,220,88,26607,23400,1573,764,21341,25621,44445,33625,0,0,20634,1080,2645,18,48,1,146,0,0,415,74821,42,135,0,0,0,0,0
654,2673,655.0278270722629,99985,263,130,10,3,3378,1660,0.050387558133720055,238,93,26565,23410,1590,768,21333,25595,44491,33683,0,0,20526,1073,2650,18,50,1,157,0,0,436,74897,42,135,0,0,0,0,0
655,2673,656.0966279413822,99985,289,131,10,3,3449,1681,0.05130769615442316,242,115,26561,23423,1624,784,21273,25543,44537,33741,0,0,20411,1067,2653,21,51,1,172,0,0,482,74951,41,135,0,0,0,0,0
656,2673,657.1651965720887,99985,311,142,10,3,3513,1709,0.05222783417512627,243,110,26546,23450,1658,796,21231,25498,44583,33798,0,0,20300,1065,2652,21,55,1,183,0,0,525,75007,40,136,0,0,0,0,0
657,2673,658.23410922667,99985,327,148,10,3,3582,1736,0.05318797819672951,249,115,26540,23489,1698,812,21175,25432,44628,33854,0,0,20186,1059,2657,21,55,2,202,0,0,578,75049,40,136,0,0,0,0,0
658,2673,659.3030770920151,99985,356,168,10,3,3655,1778,0.05433815072260839,262,114,26515,23508,1725,826,21131,25380,44673,33910,0,0,20078,1053,2661,20,58,2,217,0,0,627,75093,39,137,0,0,0,0,0
659,2673,660.0159186844012,99985,351,172,10,3,3699,1798,0.05497824673701055,275,128,26489,23509,1766,839,21108,25348,44717,33965,0,0,19965,1047,2662,22,61,2,235,0,0,669,75146,39,137,0,0,0,0,0
660,2673,661.0859631215438,99985,365,187,10,3,3768,1837,0.056058408761314196,319,135,26451,23532,1809,862,21045,25280,44761,34019,0,0,19855,1042,2665,23,61,3,251,0,0,729,75180,39,137,0,0,0,0,0
661,2673,662.1566242637977,99985,399,200,10,3,3863,1874,0.05737860679101865,323,142,26425,23555,1858,881,20984,25218,44804,34073,0,0,19747,1037,2666,24,64,3,266,0,0,795,75207,39,137,0,0,0,0,0
662,2673,663.2276877659884,99985,432,206,10,3,3950,1909,0.058598789818472774,374,149,26390,23589,1898,906,20895,25146,44847,34126,0,0,19641,1033,2670,23,66,3,282,0,0,861,75231,38,137,0,0,0,0,0
663,2673,664.2992197344372,99985,468,232,10,3,4051,1963,0.060149022353353,395,169,26354,23604,1949,926,20823,25065,44890,34179,0,0,19534,1022,2676,25,70,3,302,0,0,927,75251,38,137,0,0,0,0,0
664,2673,665.0137918101871,99985,477,231,10,3,4118,1987,0.06105915887383107,416,203,26295,23615,1996,948,20805,24999,44932,34231,0,0,19428,1019,2677,26,73,3,316,0,0,990,75278,38,137,0,0,0,0,0
665,2673,666.0874335246556,99985,522,247,10,3,4243,2040,0.06283942591388708,454,217,26233,23635,2063,974,20717,24923,44974,34283,0,0,19307,1015,2679,27,74,3,346,0,0,1075,75284,38,137,0,0,0,0,0
666,2673,667.1622541575683,99984,560,275,11,3,4375,2108,0.06484037445991359,480,231,26183,23660,2137,1007,20628,24823,45015,34334,0,0,19181,1010,2677,29,80,3,383,0,0,1162,75284,38,137,0,0,0,0,0
667,2673,668.2383949982436,99984,617,306,11,3,4526,2179,0.06706072971675468,531,238,26102,23655,2214,1041,20524,24756,45056,34384,0,0,19062,1006,2674,30,87,3,414,0,0,1256,75277,38,137,0,0,0,0,0
668,2673,669.3163014477665,99984,677,315,11,3,4683,2241,0.06925108017282765,565,263,26028,23683,2292,1087,20426,24648,45097,34434,0,0,18940,1002,2678,30,87,3,449,0,0,1371,75249,38,137,0,0,0,0,0
669,2673,670.035613081291,99984,725,344,11,3,4802,2294,0.0709713554168667,560,285,25959,23675,2351,1105,20393,24587,45137,34483,0,0,18832,997,2679,30,91,3,473,0,0,1438,75266,38,137,0,0,0,0,0
670,2673,671.1169470088435,99984,799,369,11,3,4977,2374,0.07352176348215715,582,302,25884,23687,2425,1150,20298,24488,45177,34532,0,0,18707,987,2679,37,96,3,512,0,0,1541,75247,38,137,0,0,0,0,0
671,2673,672.2001379157609,99984,824,398,11,3,5136,2466,0.07603216514642343,648,323,25773,23664,2546,1212,20197,24399,45216,34580,0,0,18569,978,2680,40,101,3,569,0,0,1673,75196,38,137,0,0,0,0,0
672,2673,673.2862139465424,99984,876,445,11,3,5316,2570,0.07887261961913906,712,330,25664,23653,2655,1261,20081,24307,45255,34628,0,0,18441,970,2673,46,113,3,613,0,0,1794,75157,37,137,0,0,0,0,0
673,2673,674.011783056591,99984,903,448,11,3,5439,2625,0.08065290446471435,758,342,25588,23651,2735,1304,20004,24251,45294,34675,0,0,18327,965,2672,47,119,3,645,0,0,1902,75130,37,137,0,0,0,0,0
674,2673,675.1029112599781,99983,981,484,12,3,5647,2732,0.08380424672194273,835,360,25484,23630,2839,1366,19848,24156,45332,34722,0,0,18206,959,2667,51,127,3,684,0,0,2050,75063,35,138,0,0,0,0,0
675,2673,676.1962828066228,99983,1043,521,12,3,5864,2833,0.08698478741386036,909,395,25364,23608,2971,1425,19700,24047,45370,34768,0,0,18073,952,2660,56,138,4,736,0,0,2197,74995,34,138,0,0,0,0,0
676,2673,677.2926084566851,99983,1113,561,12,3,6103,2961,0.09065541141994139,976,379,25239,23615,3110,1498,19549,23943,45408,34814,0,0,17943,941,2659,60,150,5,789,0,0,2378,74886,34,138,0,0,0,0,0
677,2673,678.0255534806679,99983,1163,577,12,3,6281,3034,0.09316583819249272,1014,408,25134,23585,3211,1549,19465,23877,45445,34859,0,0,17827,933,2657,65,162,5,826,0,0,2503,74834,34,137,0,0,0,0,0
678,2673,679.1283400886762,99982,1257,607,13,3,6538,3159,0.09698745774239363,1065,454,25012,23550,3336,1624,19316,23761,45482,34904,0,0,17677,928,2653,67,172,5,896,0,0,2675,74738,34,137,0,0,0,0,0
679,2673,680.2341128162192,99982,1362,613,13,3,6841,3279,0.1012182192794703,1139,520,24878,23505,3487,1721,19120,23637,45518,34948,0,0,17538,924,2645,73,183,5,953,0,0,2908,74582,34,137,0,0,0,0,0
680,2673,681.3436007523452,99982,1430,668,13,3,7129,3432,0.10562901322238002,1246,545,24705,23468,3663,1805,18942,23510,45554,34992,0,0,17379,916,2643,80,195,5,1033,0,0,3119,74442,34,136,0,0,0,0,0
681,2673,682.0857456674535,99981,1494,696,13,4,7350,3525,0.10877066642662106,1305,567,24555,23439,3796,1858,18836,23435,45590,35035,0,0,17248,913,2639,83,203,5,1085,0,0,3273,74362,34,136,0,0,0,0,0
682,2673,683.2046856187537,99980,1590,749,14,4,7697,3680,0.11379275855171034,1383,606,24344,23408,4006,1942,18662,23290,45625,35078,0,0,17078,906,2634,90,214,6,1177,0,0,3507,74199,33,136,0,0,0,0,0
683,2673,684.3303393354854,99980,1713,794,14,4,8082,3862,0.11946389277855571,1456,643,24129,23361,4217,2068,18470,23129,45660,35120,0,0,16911,897,2623,99,234,6,1267,0,0,3779,73996,33,135,0,0,0,0,0
684,2673,685.0842548129931,99980,1763,859,14,4,8344,4005,0.12351470294058811,1506,691,23978,23299,4398,2130,18340,23016,45695,35162,0,0,16769,893,2623,103,241,6,1332,0,0,3986,73859,33,135,0,0,0,0,0
685,2673,686.2216250588084,99979,1904,892,15,4,8798,4197,0.12997729523199872,1503,731,23783,23251,4664,2269,18130,22852,45729,35203,0,0,16594,883,2615,111,264,6,1434,0,0,4311,73594,32,135,0,0,0,0,0
686,2673,687.3655945369846,99979,2056,966,15,4,9255,4418,0.13675871933105951,1550,739,23562,23186,4902,2401,17914,22703,45763,35244,0,0,16421,873,2601,123,286,6,1530,0,0,4623,73349,32,135,0,0,0,0,0
687,2673,688.1322057047139,99979,2150,1008,15,4,9553,4563,0.14118964982646356,1605,758,23395,23146,5065,2491,17769,22592,45797,35285,0,0,16288,869,2595,125,302,7,1590,0,0,4841,73195,32,135,0,0,0,0,0
688,2673,689.2896539837926,99978,2260,1061,15,5,10012,4793,0.14808257816719678,1704,799,23135,23080,5344,2643,17541,22411,45830,35325,0,0,16104,861,2582,137,330,7,1699,0,0,5199,72893,30,136,0,0,0,0,0
689,2673,690.0663262028706,99976,2350,1064,16,6,10366,4925,0.15294670720973033,1800,867,22907,23013,5556,2756,17370,22293,45863,35365,0,0,15946,854,2581,145,338,8,1783,0,0,5480,72676,29,136,0,0,0,0,0
690,2673,691.2413852821137,99975,2441,1127,17,6,10894,5173,0.1607101775443861,1867,915,22619,22918,5918,2917,17137,22116,45896,35404,0,0,15738,845,2567,159,374,11,1913,0,0,5885,72319,29,135,0,0,0,0,0
691,2673,692.0314601351814,99975,2531,1189,17,6,11281,5361,0.16646161540385096,1898,936,22444,22842,6158,3026,16951,22000,45929,35443,0,0,15574,835,2559,163,401,13,2008,0,0,6161,72098,29,134,0,0,0,0,0
692,2673,693.2252714046351,99973,2683,1269,19,6,11862,5667,0.17533734108209217,1994,974,22143,22718,6500,3225,16660,21807,45961,35481,0,0,15378,825,2545,179,428,14,2125,0,0,6630,71686,29,134,0,0,0,0,0
693,2673,694.0272707934198,99973,2789,1327,19,6,12260,5866,0.1813089534174227,2030,983,21943,22652,6732,3345,16486,21686,45993,35519,0,0,15232,812,2539,194,455,16,2199,0,0,6920,71445,29,132,0,0,0,0,0
694,2673,695.2415413679922,99971,2937,1405,21,6,12912,6167,0.19084534515009352,2113,1031,21582,22544,7132,3533,16214,21480,46025,35557,0,0,14997,805,2526,209,494,16,2354,0,0,7403,71009,29,129,0,0,0,0,0
695,2673,696.0594363936535,99970,3027,1443,22,6,13349,6385,0.19739921976592978,2214,1066,21336,22444,7401,3689,15999,21351,46056,35594,0,0,14819,797,2517,214,529,17,2466,0,0,7751,70703,29,128,0,0,0,0,0
696,2673,697.2996236321078,99969,3179,1503,23,6,14069,6733,0.20808450619692104,2296,1147,20984,22268,7850,3939,15667,21136,46087,35631,0,0,14585,783,2504,233,586,17,2625,0,0,8320,70159,28,129,0,0,0,0,0
697,2673,698.1350400047925,99968,3236,1564,24,6,14555,6992,0.21553897247119078,2296,1194,20759,22137,8176,4116,15508,20982,46118,35667,0,0,14407,778,2497,247,622,17,2725,0,0,8760,69761,28,126,0,0,0,0,0
698,2673,699.4027228474399,99967,3379,1684,24,7,15271,7406,0.22684485880340513,2428,1248,20416,21963,8600,4370,15152,20727,46149,35703,0,0,14172,762,2479,273,682,20,2882,0,0,9322,69223,27,125,0,0,0,0,0
699,2673,700.2566547253064,99965,3533,1710,26,7,15852,7680,0.23540239083679287,2436,1291,20171,21837,8912,4582,14921,20572,46179,35739,0,0,13973,752,2464,283,724,21,3014,0,0,9781,68801,26,126,0,0,0,0,0
700,2673,701.1186621495794,99965,3641,1792,26,7,16389,7981,0.2437853248637023,2544,1323,19876,21738,9213,4757,14699,20382,46209,35774,0,0,13776,746,2452,297,761,24,3139,0,0,10212,68407,25,126,0,0,0,0,0
701,2673,702.4288973450565,99963,3718,1910,27,8,17198,8449,0.2565649290237388,2723,1378,19442,21545,9747,5030,14342,20128,46239,35809,0,0,13512,732,2424,335,844,26,3312,0,0,10913,67715,25,125,0,0,0,0,0
702,2673,703.3156613294898,99963,3864,1992,27,8,17794,8780,0.2658383601932715,2781,1402,19158,21410,10052,5240,14117,19947,46268,35844,0,0,13325,723,2414,348,899,29,3430,0,0,11367,67278,25,125,0,0,0,0,0
703,2673,704.212839493954,99961,3961,2079,29,8,18404,9105,0.2751973269575134,2848,1438,18848,21266,10421,5440,13892,19768,46297,35878,0,0,13124,712,2396,366,957,33,3557,0,0,11852,66814,25,125,0,0,0,0,0
704,2673,705.1216874410502,99959,4066,2180,31,8,19051,9442,0.28504686921637873,2889,1471,18548,21147,10795,5622,13670,19571,46326,35912,0,0,12931,702,2381,391,1018,35,3669,0,0,12364,66321,25,122,0,0,0,0,0
705,2673,706.0422895894984,99958,4162,2198,32,8,19678,9769,0.2945937293663339,3035,1534,18225,21003,11144,5885,13401,19371,46355,35945,0,0,12733,693,2360,414,1092,42,3787,0,0,12900,65793,25,119,0,0,0,0,0
706,2673,707.4470591964965,99956,4386,2250,33,9,20786,10290,0.31089679458961944,3039,1656,17756,20773,11778,6270,13007,19041,46383,35978,0,0,12410,677,2332,449,1200,51,4029,0,0,13739,64926,24,119,0,0,0,0,0
707,2673,708.4010772847926,99954,4557,2384,35,9,21561,10720,0.3229585609380315,3032,1621,17436,20647,12181,6509,12758,18829,46411,36011,0,0,12203,666,2317,470,1294,57,4159,0,0,14284,64366,23,115,0,0,0,0,0
708,2673,709.3701533220934,99953,4641,2473,36,9,22271,11127,0.3341370444108731,3176,1673,17101,20476,12561,6746,12484,18622,46439,36043,0,0,11973,655,2301,501,1376,66,4307,0,0,14851,63785,23,115,0,0,0,0,0
709,2673,710.3534956620883,99947,4784,2575,41,10,23059,11591,0.3466837423834632,3190,1665,16769,20302,12991,7036,12224,18411,46467,36075,0,0,11746,647,2282,520,1473,72,4456,0,0,15476,63138,22,115,0,0,0,0,0
710,2673,711.3534224289084,99946,4861,2656,42,10,23838,12028,0.3588537810417626,3334,1724,16392,20119,13448,7305,11922,18185,46494,36107,0,0,11512,633,2270,552,1580,74,4603,0,0,16122,62466,22,112,0,0,0,0,0
711,2673,712.3727619315727,99944,4992,2692,44,10,24659,12465,0.3714480108860962,3382,1769,16030,19957,13912,7611,11639,17960,46521,36138,0,0,11275,620,2243,586,1709,83,4761,0,0,16741,61795,20,111,0,0,0,0,0
712,2673,713.4115828542979,99941,5105,2716,47,10,25537,12901,0.3846069180816682,3377,1829,15695,19786,14412,7933,11363,17725,46548,36169,0,0,11005,607,2219,641,1819,89,4929,0,0,17436,61066,19,111,0,0,0,0,0
713,2673,714.4706859014091,99940,5239,2761,48,10,26479,13374,0.39876926155693415,3355,1843,15337,19598,14937,8277,11083,17510,46575,36200,0,0,10778,600,2195,668,1966,100,5068,0,0,18174,60262,19,110,0,0,0,0,0
714,2673,715.008408528068,99938,5254,2811,50,10,26935,13627,0.4058716404170586,3378,1854,15154,19503,15209,8440,10954,17381,46601,36230,0,0,10623,591,2183,696,2044,106,5146,0,0,18527,59893,19,110,0,0,0,0,0
715,2673,716.0993192998527,99936,5317,2904,52,10,27828,14169,0.4202389529298751,3448,1860,14814,19317,15723,8769,10645,17139,46627,36260,0,0,10384,579,2151,742,2200,116,5286,0,0,19268,59084,19,107,0,0,0,0,0
716,2673,717.1659860558565,99934,5421,2998,54,10,28748,14697,0.43473692637140515,3501,1856,14454,19147,16216,9087,10353,16901,46653,36290,0,0,10144,568,2124,772,2352,132,5444,0,0,19980,58294,19,105,0,0,0,0,0
717,2673,718.1962774139383,99932,5646,3043,54,12,29721,15196,0.44947564343753754,3453,1876,14140,18953,16613,9432,10093,16683,46679,36319,0,0,9931,555,2097,808,2509,149,5574,0,0,20647,57539,19,104,0,0,0,0,0
718,2673,719.1971543180948,99929,5642,3108,57,12,30582,15674,0.46288865094216897,3498,1938,13835,18750,17124,9726,9843,16465,46704,36348,0,0,9682,545,2073,858,2694,162,5723,0,0,21292,56778,17,105,0,0,0,0,0
719,2673,720.1675946432905,99925,5774,3203,61,12,31468,16149,0.47652739554666,3479,2018,13550,18562,17527,9991,9608,16213,46729,36377,0,0,9460,539,2049,885,2854,176,5861,0,0,21891,56089,17,104,0,0,0,0,0
720,2673,721.1121409120668,99924,5826,3218,62,12,32288,16631,0.48956206717105,3529,2043,13252,18401,17955,10336,9375,15989,46754,36406,0,0,9215,530,2020,942,3039,194,6000,0,0,22487,55382,16,99,0,0,0,0,0
721,2673,722.0325846161119,99924,5840,3252,62,12,33073,17106,0.5021716504543453,3566,2106,13025,18226,18371,10642,9135,15761,46779,36434,0,0,8999,523,1998,988,3219,212,6113,0,0,23098,54660,16,98,0,0,0,0,0
722,2673,723.3720336535896,99919,5941,3264,66,13,34238,17755,0.5203514847026092,3497,2119,12708,18050,18943,11079,8844,15474,46804,36462,0,0,8714,514,1967,1058,3475,243,6278,0,0,23919,53640,15,96,0,0,0,0,0
723,2673,724.24108559707,99917,5988,3371,68,13,34980,18254,0.5327822092336639,3514,2073,12447,17891,19338,11361,8644,15290,46828,36490,0,0,8533,500,1934,1102,3673,252,6371,0,0,24442,53000,15,95,0,0,0,0,0
724,2673,725.0918431288569,99915,6045,3433,70,13,35751,18714,0.5451133463443927,3466,2050,12208,17737,19730,11640,8480,15126,46852,36517,0,0,8346,487,1920,1164,3849,267,6451,0,0,24974,52350,14,93,0,0,0,0,0
725,2673,726.3363675367605,99914,6068,3441,71,13,36814,19313,0.5617531076725985,3486,2117,11902,17538,20253,12032,8219,14858,46876,36544,0,0,8075,471,1876,1234,4153,289,6611,0,0,25684,51416,12,93,0,0,0,0,0
726,2673,727.1466470163431,99912,6095,3509,72,14,37520,19762,0.5733245255825126,3477,2157,11693,17375,20599,12251,8063,14693,46900,36571,0,0,7895,458,1860,1285,4335,310,6691,0,0,26150,50823,11,94,0,0,0,0,0
727,2673,728.3348902080952,99911,6050,3524,72,15,38501,20390,0.5894345967911441,3511,2153,11399,17184,21125,12695,7842,14428,46924,36598,0,0,7647,447,1825,1347,4628,341,6824,0,0,26884,49864,11,93,0,0,0,0,0
728,2673,729.1106147661849,99910,6106,3567,73,15,39200,20844,0.6009808827945151,3499,2082,11202,17068,21434,12993,7685,14274,46947,36624,0,0,7489,439,1804,1398,4828,354,6879,0,0,27362,49256,11,90,0,0,0,0,0
729,2673,730.2523403632833,99909,6145,3519,74,15,40201,21374,0.616310842867009,3474,2111,10938,16918,21894,13405,7474,14031,46970,36650,0,0,7268,428,1774,1452,5093,385,6994,0,0,28079,48337,10,89,0,0,0,0,0
730,2673,731.3700354072341,99908,6120,3569,75,15,41175,21964,0.6319714137006045,3473,2125,10683,16732,22377,13753,7271,13805,46993,36676,0,0,7059,417,1749,1516,5385,429,7081,0,0,28704,47473,10,85,0,0,0,0,0
731,2673,732.1011601482874,99906,6104,3576,76,16,41811,22338,0.6420935679538766,3459,2148,10518,16604,22707,13995,7135,13660,47016,36702,0,0,6909,407,1732,1553,5611,446,7139,0,0,29098,46918,10,83,0,0,0,0,0
732,2673,733.1792137891562,99905,6120,3628,77,16,42730,22915,0.657074220509484,3458,2135,10308,16437,23116,14340,6920,13443,47039,36727,0,0,6720,392,1704,1628,5875,490,7191,0,0,29677,46135,10,83,0,0,0,0,0
733,2673,734.2371815302173,99903,6099,3613,79,16,43644,23467,0.6717616087604977,3421,2131,10119,16299,23548,14707,6733,13233,47061,36752,0,0,6516,379,1680,1718,6183,530,7254,0,0,30218,45334,9,82,0,0,0,0,0
734,2673,735.2770598426738,99903,6077,3607,79,16,44474,24020,0.6856050368857792,3430,2083,9935,16160,23942,15073,6536,13060,47083,36777,0,0,6325,371,1660,1759,6485,570,7338,0,0,30741,44565,9,80,0,0,0,0,0
735,2673,736.3001828330365,99903,6094,3584,79,16,45344,24540,0.6995185329769876,3377,2098,9735,15995,24338,15432,6376,12874,47105,36801,0,0,6155,363,1636,1825,6796,612,7384,0,0,31220,43824,9,79,0,0,0,0,0
736,2673,737.307059388052,99901,6009,3582,79,18,46152,25036,0.712585459605009,3359,2065,9565,15886,24769,15745,6218,12703,47127,36825,0,0,5967,352,1613,1897,7077,668,7451,0,0,31689,43101,9,77,0,0,0,0,0
737,2673,738.2985112971185,99901,6039,3569,79,18,46987,25561,0.7261989369475781,3286,2043,9417,15749,25104,16091,6074,12529,47149,36849,0,0,5796,347,1594,1961,7356,717,7500,0,0,32159,42389,7,75,0,0,0,0,0
738,2673,739.2770791109275,99900,5974,3571,80,18,47713,26064,0.7385085085085085,3334,1973,9287,15637,25391,16418,5933,12382,47170,36873,0,0,5612,335,1575,2025,7639,765,7566,0,0,32553,41748,7,75,0,0,0,0,0
739,2673,740.2452823051219,99899,5948,3601,81,18,48472,26565,0.7511286399263256,3312,1951,9136,15521,25728,16681,5794,12227,47191,36897,0,0,5457,329,1554,2090,7930,818,7591,0,0,32913,41136,7,74,0,0,0,0,0
740,2673,741.2013282720706,99898,5901,3586,82,18,49266,27038,0.7638190954773869,3230,1923,8991,15409,26114,16996,5681,12067,47212,36920,0,0,5315,324,1533,2154,8241,876,7613,0,0,33301,40461,7,73,0,0,0,0,0
741,2673,742.1451304497887,99898,5863,3518,82,18,50055,27477,0.7761116338665439,3145,1914,8882,15324,26450,17293,5577,11932,47233,36943,0,0,5185,316,1506,2209,8606,921,7631,0,0,33656,39789,6,73,0,0,0,0,0
742,2673,743.0790329981215,99898,5858,3514,82,18,50770,27919,0.7876934473162626,3069,1881,8793,15220,26724,17562,5473,11804,47254,36966,0,0,5055,310,1479,2264,8880,970,7645,0,0,34013,39203,6,73,0,0,0,0,0
743,2673,744.0044452928461,99895,5887,3487,85,18,51497,28353,0.7993393062715851,3000,1836,8673,15123,26996,17843,5358,11692,47274,36989,0,0,4926,302,1461,2320,9137,1039,7662,0,0,34321,38649,6,72,0,0,0,0,0
744,2673,745.2247499296244,99893,5799,3425,86,19,52409,28908,0.8140410238955682,2934,1868,8584,14988,27400,18212,5196,11487,47294,37011,0,0,4764,294,1420,2377,9577,1128,7696,0,0,34653,37908,6,70,0,0,0,0,0
745,2673,746.130181990889,99892,5707,3405,87,19,53082,29358,0.8252913146197893,2870,1802,8503,14914,27731,18495,5101,11364,47314,37033,0,0,4602,287,1397,2428,9877,1191,7744,0,0,34946,37346,5,69,0,0,0,0,0
746,2673,747.027199445938,99892,5534,3379,87,19,53698,29763,0.8355123533416089,2855,1760,8399,14858,28111,18747,5013,11236,47334,37055,0,0,4481,280,1376,2484,10201,1254,7755,0,0,35214,36774,5,68,0,0,0,0,0
747,2673,748.2096567152829,99889,5428,3310,87,22,54517,30283,0.8489423259818398,2828,1744,8340,14757,28442,19086,4874,11080,47354,37077,0,0,4328,272,1360,2548,10582,1335,7775,0,0,35554,36063,5,67,0,0,0,0,0
748,2673,749.08893731116,99886,5349,3255,89,23,55109,30635,0.8584185972008089,2745,1728,8294,14713,28704,19318,4818,10962,47374,37098,0,0,4215,265,1338,2600,10852,1402,7774,0,0,35784,35584,5,67,0,0,0,0,0
749,2673,750.2519819392488,99884,5318,3202,89,25,55917,31101,0.8711905810740459,2659,1700,8210,14653,29006,19587,4717,10832,47393,37119,0,0,4095,264,1311,2666,11178,1490,7756,0,0,36101,34952,5,66,0,0,0,0,0
750,2673,751.1180080654793,99883,5259,3123,89,26,56495,31481,0.8807905249141496,2645,1618,8140,14614,29223,19878,4643,10740,47412,37140,0,0,4010,256,1296,2707,11444,1565,7754,0,0,36359,34423,4,65,0,0,0,0,0
751,2673,752.2655521932793,99881,5141,3064,90,27,57240,31937,0.8928324706400617,2584,1586,8091,14556,29538,20158,4555,10608,47431,37161,0,0,3883,245,1274,2758,11811,1659,7756,0,0,36603,33827,3,62,0,0,0,0,0
752,2673,753.1206093964694,99879,5106,3041,91,28,57775,32277,0.9016109492485908,2526,1573,8061,14512,29718,20341,4497,10504,47450,37182,0,0,3800,241,1264,2797,12033,1726,7742,0,0,36814,33398,3,61,0,0,0,0,0
753,2673,754.25392210161,99878,5033,3041,92,28,58498,32743,0.9135244998898656,2446,1518,8026,14450,29999,20582,4403,10380,47469,37202,0,0,3686,237,1235,2839,12363,1819,7750,0,0,37043,32842,3,61,0,0,0,0,0
754,2673,755.0989032935123,99877,4958,2967,93,28,59023,33039,0.9217537571212592,2387,1520,7995,14416,30218,20772,4348,10296,47488,37222,0,0,3589,236,1221,2885,12614,1883,7737,0,0,37223,32425,3,61,0,0,0,0,0
755,2673,756.2182288208546,99875,4765,2899,93,30,59651,33454,0.932215269086358,2334,1490,7959,14369,30586,21018,4262,10193,47507,37242,0,0,3484,233,1194,2955,12963,2003,7700,0,0,37353,31928,3,59,0,0,0,0,0
756,2673,757.0520849473667,99875,4678,2878,93,30,60160,33780,0.940575719649562,2288,1430,7917,14346,30820,21212,4203,10103,47525,37262,0,0,3403,228,1184,3011,13233,2072,7668,0,0,37455,31559,3,59,0,0,0,0,0
757,2673,758.1568452968143,99874,4535,2844,94,30,60782,34161,0.950627791016681,2237,1450,7905,14301,31095,21388,4133,9986,47543,37282,0,0,3303,221,1168,3060,13534,2181,7644,0,0,37605,31099,3,56,0,0,0,0,0
758,2673,759.2550590347275,99872,4405,2780,94,32,61373,34538,0.9603392342198014,2224,1418,7900,14271,31320,21624,4056,9874,47561,37301,0,0,3214,216,1151,3080,13868,2281,7634,0,0,37734,30636,3,55,0,0,0,0,0
759,2673,760.0753649291527,99871,4406,2766,95,32,61819,34817,0.9676082145968299,2195,1414,7890,14238,31408,21740,4005,9809,47579,37320,0,0,3159,213,1144,3101,14075,2350,7607,0,0,37814,30351,3,54,0,0,0,0,0
760,2673,761.165662837864,99869,4297,2722,96,33,62399,35207,0.9773403158137159,2145,1370,7896,14203,31625,21960,3940,9711,47597,37339,0,0,3071,209,1124,3159,14408,2436,7572,0,0,37909,29924,3,54,0,0,0,0,0
761,2673,762.2511059701919,99868,4219,2653,96,34,62961,35561,0.9865222093162975,2102,1342,7874,14199,31815,22170,3893,9601,47615,37358,0,0,3002,205,1111,3188,14705,2546,7540,0,0,37996,29520,3,52,0,0,0,0,0
762,2673,763.0627896486195,99868,4138,2622,96,34,63374,35831,0.993361236832619,2065,1313,7854,14188,31972,22310,3874,9532,47632,37377,0,0,2938,201,1102,3236,14918,2628,7500,0,0,38049,29241,3,52,0,0,0,0,0
763,2673,764.1413110353824,99868,4046,2571,96,34,63941,36186,1.0025934233187808,1987,1256,7827,14188,32215,22515,3828,9435,47649,37396,0,0,2863,194,1083,3284,15194,2730,7464,0,0,38181,28820,3,52,0,0,0,0,0
764,2673,765.2154070116974,99866,3932,2516,98,34,64425,36532,1.0109246390162818,1986,1222,7834,14188,32378,22714,3771,9325,47666,37414,0,0,2798,190,1069,3322,15490,2829,7434,0,0,38227,28453,3,51,0,0,0,0,0
765,2673,766.0187926259327,99866,3926,2461,98,34,64832,36766,1.0173432399415216,1954,1196,7846,14190,32444,22862,3731,9256,47683,37432,0,0,2745,186,1066,3347,15682,2906,7406,0,0,38270,28204,3,51,0,0,0,0,0
766,2673,767.0877317076239,99866,3858,2388,98,34,65363,37071,1.0257144573728796,1873,1182,7822,14183,32652,23028,3696,9184,47700,37450,0,0,2676,178,1057,3390,15964,3002,7378,0,0,38318,27849,3,51,0,0,0,0,0
767,2673,768.152643712464,99863,3755,2349,101,34,65840,37396,1.0337762734946878,1799,1158,7851,14177,32840,23167,3653,9114,47717,37468,0,0,2620,177,1044,3432,16224,3101,7325,0,0,38381,27505,3,51,0,0,0,0,0
768,2673,769.2144143764943,99861,3669,2279,102,35,66296,37709,1.0414976817776709,1782,1116,7856,14186,32983,23350,3607,9033,47734,37486,0,0,2566,175,1034,3450,16519,3188,7284,0,0,38414,27177,3,51,0,0,0,0,0
769,2673,770.0090339481146,99861,3579,2246,102,35,66632,37935,1.0471255044511871,1751,1088,7856,14198,33131,23452,3580,8980,47751,37503,0,0,2521,171,1023,3472,16727,3257,7252,0,0,38451,26934,3,50,0,0,0,0,0
770,2673,771.0656068455091,99861,3500,2186,102,35,67085,38195,1.0542654289462352,1697,1087,7898,14208,33257,23589,3545,8894,47767,37520,0,0,2461,169,1013,3512,16948,3360,7212,0,0,38484,26650,3,49,0,0,0,0,0
771,2673,772.1205004528476,99859,3461,2084,103,36,67549,38460,1.0615868374407915,1629,1058,7934,14238,33370,23754,3502,8829,47783,37537,0,0,2403,166,1002,3540,17154,3469,7193,0,0,38561,26319,3,49,0,0,0,0,0
772,2673,773.1741621755174,99858,3362,2030,104,36,67974,38715,1.0684071381361533,1586,1051,7970,14273,33499,23860,3478,8749,47799,37554,0,0,2361,160,995,3582,17359,3569,7134,0,0,38632,26014,3,49,0,0,0,0,0
773,2673,774.2259655544176,99858,3319,2027,104,36,68416,39028,1.075967874381622,1501,981,7997,14282,33637,23993,3441,8680,47815,37571,0,0,2307,156,982,3609,17561,3666,7105,0,0,38692,25728,3,49,0,0,0,0,0
774,2673,775.0134456405619,99856,3254,1982,105,37,68726,39210,1.0809165197884953,1463,976,8040,14294,33720,24081,3417,8629,47831,37588,0,0,2262,155,980,3601,17735,3746,7090,0,0,38696,25539,3,49,0,0,0,0,0
775,2673,776.0620059927234,99855,3124,1919,106,37,69079,39441,1.0867758249461719,1495,974,8066,14327,33824,24187,3384,8555,47847,37605,0,0,2227,153,968,3631,17958,3843,7037,0,0,38709,25277,3,49,0,0,0,0,0
776,2673,777.1087395958327,99854,3056,1920,107,37,69476,39691,1.093266168606165,1469,940,8084,14358,33937,24248,3346,8496,47863,37621,0,0,2194,149,960,3654,18180,3927,6979,0,0,38701,25059,3,48,0,0,0,0,0
777,2673,778.1539145061063,99854,2978,1863,107,37,69853,39927,1.0994051314919784,1392,899,8134,14375,34061,24392,3327,8433,47878,37637,0,0,2157,147,952,3682,18357,4035,6929,0,0,38730,24814,3,48,0,0,0,0,0
778,2673,779.1979100429342,99854,2913,1800,107,37,70205,40143,1.1050934364171692,1390,871,8183,14410,34114,24494,3292,8387,47893,37653,0,0,2118,145,945,3701,18551,4125,6892,0,0,38740,24587,3,47,0,0,0,0,0
779,2673,780.2419236793312,99854,2857,1724,107,37,70558,40345,1.1106515512648467,1335,864,8238,14453,34187,24588,3275,8333,47908,37669,0,0,2081,145,938,3719,18720,4223,6849,0,0,38763,24366,3,47,0,0,0,0,0
780,2673,781.0245515709595,99854,2750,1704,107,37,70813,40520,1.1149578384441283,1322,837,8271,14471,34294,24651,3255,8299,47923,37685,0,0,2046,144,932,3733,18867,4302,6816,0,0,38768,24196,3,47,0,0,0,0,0
781,2673,782.0668021848871,99854,2647,1691,107,37,71127,40729,1.1201954854086966,1291,816,8337,14518,34384,24681,3233,8256,47938,37701,0,0,2022,142,924,3729,19038,4407,6782,0,0,38761,24000,3,46,0,0,0,0,0
782,2673,783.1081901122318,99854,2549,1640,107,37,71432,40930,1.125262883810363,1236,791,8398,14565,34488,24764,3221,8202,47953,37716,0,0,1988,137,918,3747,19199,4505,6747,0,0,38773,23791,3,46,0,0,0,0,0
783,2673,784.1489645746979,99854,2494,1618,107,37,71757,41151,1.1307308670659162,1149,741,8458,14595,34582,24856,3209,8152,47968,37731,0,0,1960,136,908,3756,19370,4592,6699,0,0,38780,23604,3,46,0,0,0,0,0
784,2673,785.1887542234961,99854,2362,1569,107,37,72041,41339,1.135457768341779,1139,699,8516,14631,34695,24948,3180,8115,47983,37746,0,0,1924,133,902,3767,19551,4688,6668,0,0,38758,23415,3,45,0,0,0,0,0
785,2673,786.2280444953482,99853,2302,1513,108,37,72331,41508,1.1400658968683965,1102,683,8586,14675,34741,25013,3160,8078,47998,37761,0,0,1898,129,895,3774,19712,4768,6632,0,0,38765,23232,3,45,0,0,0,0,0
786,2673,787.0077128400625,99853,2213,1506,108,37,72538,41652,1.1435810641643216,1064,657,8658,14711,34804,25038,3152,8050,48012,37776,0,0,1871,129,888,3776,19860,4829,6607,0,0,38731,23114,3,45,0,0,0,0,0
787,2673,788.0470141393974,99853,2144,1474,108,37,72807,41831,1.1480676594594053,1037,648,8694,14745,34880,25091,3136,8004,48026,37791,0,0,1837,128,884,3778,19997,4922,6587,0,0,38716,22958,3,43,0,0,0,0,0
788,2673,789.0858656669371,99851,2077,1423,109,38,73053,42004,1.1522869074921633,1064,652,8764,14779,34875,25154,3110,7953,48040,37806,0,0,1805,127,883,3788,20134,4994,6556,0,0,38734,22784,3,43,0,0,0,0,0
789,2673,790.1253693443102,99851,2066,1402,109,38,73326,42169,1.1566734434307118,1015,629,8828,14831,34892,25181,3089,7918,48054,37820,0,0,1786,126,878,3791,20257,5067,6529,0,0,38740,22631,3,43,0,0,0,0,0
790,2673,791.1655619287014,99849,1999,1363,110,39,73561,42324,1.1606025097897825,1008,622,8897,14861,34917,25245,3068,7869,48068,37834,0,0,1770,122,876,3797,20388,5138,6490,0,0,38752,22471,3,42,0,0,0,0,0
791,2673,792.206268813365,99847,1994,1328,112,39,73839,42469,1.1648622392260157,946,617,8973,14914,34915,25273,3059,7828,48082,37848,0,0,1749,120,872,3792,20525,5208,6464,0,0,38736,22336,3,42,0,0,0,0,0
792,2673,793.2482380853946,99847,1953,1272,112,39,74091,42615,1.1688483379570744,903,592,9052,14967,34927,25343,3052,7786,48096,37862,0,0,1716,118,870,3811,20654,5279,6442,0,0,38722,22190,3,42,0,0,0,0,0
793,2673,794.0305508483003,99847,1890,1250,112,39,74244,42737,1.1716025519044138,910,592,9120,14984,34925,25382,3042,7752,48110,37876,0,0,1698,116,865,3823,20757,5338,6409,0,0,38696,22100,3,42,0,0,0,0,0
794,2673,795.0746547474903,99844,1833,1211,113,41,74457,42875,1.1751532390529225,914,570,9173,15050,34935,25412,3031,7715,48124,37890,0,0,1676,114,859,3837,20871,5405,6382,0,0,38700,21956,2,42,0,0,0,0,0
795,2673,796.1196515915915,99844,1811,1187,113,41,74701,43022,1.1790693481831658,873,564,9266,15099,34913,25438,3023,7670,48137,37904,0,0,1660,113,854,3850,20998,5478,6344,0,0,38659,21844,2,42,0,0,0,0,0
796,2673,797.1662869603382,99844,1765,1158,113,41,74922,43162,1.1826849885821882,873,567,9355,15168,34880,25440,3013,7625,48150,37918,0,0,1645,110,846,3849,21132,5546,6310,0,0,38636,21727,2,41,0,0,0,0,0
797,2673,798.2145715560524,99844,1704,1119,113,41,75128,43306,1.1861904571130963,846,533,9448,15239,34884,25486,3004,7581,48163,37931,0,0,1623,108,842,3847,21267,5613,6289,0,0,38613,21599,2,41,0,0,0,0,0
798,2673,799.0017687172189,99844,1659,1072,113,41,75298,43401,1.1888445975722126,798,544,9516,15261,34917,25524,2996,7557,48176,37944,0,0,1607,106,840,3852,21352,5686,6262,0,0,38582,21514,2,41,0,0,0,0,0
799,2673,800.0517490690984,99844,1614,1041,113,41,75504,43541,1.1923100036056247,790,537,9605,15333,34895,25528,2982,7519,48189,37957,0,0,1594,103,834,3856,21497,5745,6227,0,0,38540,21405,2,41,0,0,0,0,0
800,2673,801.1034562690392,99844,1578,1074,113,41,75705,43688,1.1957954408877849,778,504,9695,15398,34863,25499,2972,7483,48202,37970,0,0,1582,103,832,3852,21588,5818,6192,0,0,38499,21335,2,41,0,0,0,0,0
801,2673,802.1566042021735,99844,1551,1036,113,41,75907,43809,1.1990304875605946,767,503,9767,15459,34850,25512,2951,7448,48215,37983,0,0,1558,102,827,3852,21685,5888,6171,0,0,38479,21239,2,41,0,0,0,0,0
802,2673,803.2109319711174,99843,1482,997,114,41,76096,43934,1.2021874342718066,748,496,9846,15536,34873,25512,2936,7417,48228,37996,0,0,1544,102,826,3849,21778,5974,6145,0,0,38460,21122,2,41,0,0,0,0,0
803,2673,804.0021326686608,99843,1450,990,114,41,76235,44038,1.2046212553709323,743,464,9906,15604,34860,25518,2926,7382,48241,38009,0,0,1526,101,826,3842,21853,6022,6129,0,0,38455,21046,2,41,0,0,0,0,0
804,2673,805.0583824200806,99843,1429,937,114,41,76416,44151,1.2075658784291337,729,473,9983,15674,34832,25525,2912,7349,48254,38022,0,0,1511,101,821,3860,21940,6088,6088,0,0,38440,20952,2,40,0,0,0,0,0
805,2673,806.1162514103764,99843,1391,912,114,41,76581,44279,1.2105004857626473,748,455,10079,15747,34774,25535,2893,7309,48266,38035,0,0,1490,99,817,3858,22022,6154,6071,0,0,38434,20856,2,40,0,0,0,0,0
806,2673,807.1763961148971,99843,1366,906,114,41,76761,44408,1.2135953446911651,706,421,10153,15834,34773,25519,2887,7278,48278,38047,0,0,1475,98,815,3855,22099,6221,6046,0,0,38429,20763,2,40,0,0,0,0,0
807,2673,808.2377505866863,99843,1365,873,114,41,76948,44520,1.2165900463728052,664,400,10254,15894,34727,25547,2875,7244,48290,38059,0,0,1456,98,813,3856,22190,6274,6023,0,0,38420,20671,2,40,0,0,0,0,0
808,2673,809.0353051505076,99843,1345,839,114,41,77086,44605,1.2188235529781757,673,397,10313,15931,34680,25563,2874,7228,48302,38071,0,0,1445,97,810,3853,22267,6325,6001,0,0,38401,20602,2,40,0,0,0,0,0
809,2673,810.1008338777299,99843,1341,826,114,41,77278,44721,1.2219083961820056,623,362,10407,16015,34645,25566,2869,7189,48314,38083,0,0,1426,96,805,3846,22380,6371,5987,0,0,38375,20517,1,39,0,0,0,0,0
810,2673,811.1679173178817,99843,1274,829,114,41,77432,44820,1.224442374528009,597,335,10483,16085,34668,25541,2863,7168,48326,38095,0,0,1412,96,804,3855,22448,6433,5958,0,0,38366,20433,1,37,0,0,0,0,0
811,2673,812.2359245488576,99843,1228,787,114,41,77584,44902,1.2267860541049447,577,344,10588,16158,34643,25523,2849,7146,48338,38107,0,0,1394,95,800,3861,22553,6483,5930,0,0,38323,20367,1,36,0,0,0,0,0
812,2673,813.0382467260276,99843,1218,762,114,41,77701,44960,1.2285388059253026,542,352,10671,16220,34603,25491,2851,7133,48350,38119,0,0,1386,94,799,3860,22615,6521,5909,0,0,38307,20315,1,36,0,0,0,0,0
813,2673,814.1100866375709,99841,1188,759,115,42,77861,45072,1.2312877475185544,516,341,10751,16272,34585,25481,2844,7104,48362,38131,0,0,1373,94,795,3856,22690,6586,5895,0,0,38273,20242,1,36,0,0,0,0,0
814,2673,815.1835932321,99841,1146,738,115,42,77989,45150,1.2333510281347342,513,342,10849,16364,34540,25444,2836,7069,48374,38143,0,0,1358,92,794,3847,22741,6647,5877,0,0,38266,20183,1,35,0,0,0,0,0
815,2673,816.2589891145107,99841,1125,714,115,42,78137,45231,1.235644675033303,507,332,10916,16434,34510,25428,2826,7049,48386,38154,0,0,1351,92,790,3838,22809,6703,5851,0,0,38254,20117,1,35,0,0,0,0,0
816,2673,817.0664015232775,99841,1101,716,115,42,78246,45306,1.2374876052924149,485,318,10966,16479,34512,25398,2820,7046,48397,38165,0,0,1337,92,787,3844,22860,6739,5831,0,0,38251,20064,1,35,0,0,0,0,0
817,2673,818.1440935442088,99841,1084,688,115,42,78382,45401,1.2398012840416262,469,306,11065,16570,34450,25378,2816,7015,48408,38176,0,0,1334,92,785,3848,22929,6795,5803,0,0,38228,19991,1,35,0,0,0,0,0
818,2673,819.2239867702318,99840,1026,672,115,43,78499,45484,1.2418169070512821,502,299,11136,16633,34416,25358,2804,6994,48419,38187,0,0,1325,91,782,3844,23011,6850,5784,0,0,38182,19935,1,35,0,0,0,0,0
819,2673,820.0349530918751,99840,1007,652,115,43,78602,45540,1.243409455128205,507,284,11194,16707,34381,25329,2795,6984,48430,38198,0,0,1316,91,780,3846,23059,6887,5765,0,0,38178,19882,1,35,0,0,0,0,0
820,2673,821.1180996804651,99840,972,630,115,43,78722,45627,1.2454827724358974,501,248,11293,16784,34331,25326,2787,6968,48441,38209,0,0,1304,91,778,3839,23139,6935,5749,0,0,38146,19823,1,35,0,0,0,0,0
821,2673,822.2038603725254,99839,953,599,116,43,78860,45695,1.2475585692965674,484,249,11405,16854,34265,25298,2776,6956,48452,38220,0,0,1290,91,774,3845,23192,6988,5726,0,0,38135,19763,1,34,0,0,0,0,0
822,2673,823.0198354548495,99839,946,585,116,43,78952,45744,1.2489708430573223,473,252,11461,16925,34230,25252,2773,6942,48463,38231,0,0,1286,90,774,3846,23240,7017,5707,0,0,38123,19721,1,34,0,0,0,0,0
823,2673,824.1093986274939,99839,941,571,116,43,79097,45811,1.251094261761436,429,262,11541,16988,34207,25205,2765,6930,48474,38242,0,0,1272,90,769,3839,23305,7060,5691,0,0,38110,19668,1,34,0,0,0,0,0
824,2673,825.2004862691209,99839,944,557,116,43,79240,45882,1.2532377127174752,405,262,11624,17062,34164,25162,2746,6913,48485,38253,0,0,1261,89,766,3836,23363,7102,5673,0,0,38101,19613,1,34,0,0,0,0,0
825,2673,826.0199445247285,99839,896,551,116,43,79315,45933,1.254499744588788,403,258,11696,17123,34151,25127,2737,6897,48496,38263,0,0,1257,89,760,3830,23413,7141,5651,0,0,38086,19577,1,34,0,0,0,0,0
826,2673,827.1141534244996,99839,859,534,116,43,79405,46015,1.2562225182543896,416,237,11826,17218,34053,25095,2729,6872,48507,38273,0,0,1250,88,758,3828,23467,7185,5633,0,0,38078,19517,1,34,0,0,0,0,0
827,2673,828.2117069501325,99839,842,520,116,43,79517,46085,1.2580454531796192,405,242,11897,17314,34016,25036,2723,6844,48518,38283,0,0,1241,87,756,3820,23522,7220,5615,0,0,38086,19457,1,34,0,0,0,0,0
828,2673,829.0359208736922,99839,802,512,116,43,79592,46137,1.259317501176895,420,240,11972,17370,33968,25002,2721,6832,48529,38293,0,0,1229,86,755,3813,23569,7251,5602,0,0,38084,19415,1,34,0,0,0,0,0
829,2673,830.1373050491976,99839,792,496,116,43,79699,46202,1.2610402748424965,422,235,12069,17439,33886,24977,2714,6809,48539,38303,0,0,1212,86,755,3808,23617,7289,5595,0,0,38073,19369,1,34,0,0,0,0,0
830,2673,831.2416190638439,99839,756,469,116,43,79800,46258,1.262612806618656,411,228,12160,17527,33847,24950,2709,6782,48549,38313,0,0,1205,86,747,3814,23671,7338,5565,0,0,38045,19333,1,34,0,0,0,0,0
831,2673,832.0711322701969,99839,767,443,116,43,79898,46302,1.2640350965053737,383,214,12228,17600,33804,24933,2701,6766,48559,38323,0,0,1193,86,746,3812,23693,7378,5552,0,0,38045,19299,1,34,0,0,0,0,0
832,2673,833.179479031632,99839,732,429,116,43,79987,46367,1.2655775799036448,374,205,12328,17676,33753,24898,2696,6748,48569,38333,0,0,1185,86,743,3808,23766,7412,5533,0,0,38011,19260,1,34,0,0,0,0,0
833,2673,834.0122823390851,99838,699,421,117,43,80055,46418,1.266782187143172,367,186,12415,17732,33713,24877,2688,6740,48579,38343,0,0,1181,85,743,3808,23804,7448,5516,0,0,37997,19221,1,34,0,0,0,0,0
834,2673,835.1250012747287,99838,699,401,117,43,80166,46461,1.268324685991306,327,190,12527,17819,33653,24826,2676,6720,48589,38353,0,0,1177,84,743,3809,23835,7488,5493,0,0,37999,19175,1,34,0,0,0,0,0
835,2673,836.2400647652241,99838,675,408,117,43,80251,46521,1.2697770388028606,326,178,12605,17906,33606,24769,2670,6695,48599,38363,0,0,1172,84,743,3792,23867,7528,5482,0,0,37999,19136,1,34,0,0,0,0,0
836,2673,837.077788682666,99838,652,408,117,43,80318,46560,1.2708387587892385,316,171,12666,17969,33577,24733,2671,6675,48609,38373,0,0,1166,84,743,3780,23920,7548,5468,0,0,37982,19112,1,34,0,0,0,0,0
837,2673,838.1964136467914,99837,616,396,118,43,80401,46608,1.2721636267115397,298,169,12772,18063,33527,24677,2668,6651,48619,38382,0,0,1159,82,744,3779,23953,7589,5450,0,0,37973,19073,1,34,0,0,0,0,0
838,2673,839.036948990597,99837,600,385,118,43,80462,46641,1.2731051614131033,284,162,12854,18134,33479,24637,2664,6638,48629,38391,0,0,1152,82,744,3774,23972,7619,5438,0,0,37980,19041,1,34,0,0,0,0,0
839,2673,840.1602125328621,99837,583,375,118,43,80549,46689,1.2744573655057745,264,162,12976,18233,33400,24567,2658,6619,48639,38400,1,1,1145,82,744,3779,24011,7654,5417,0,0,37957,19011,1,34,0,1,0,0,1
840,2673,841.0048556554459,99837,584,363,118,43,80623,46721,1.2755190961266865,244,158,13078,18289,33319,24541,2656,6605,48649,38409,2,2,1144,81,745,3779,24036,7682,5395,0,0,37951,18985,1,34,0,3,0,0,1
841,2673,842.1342456066503,99837,543,355,118,43,80689,46768,1.2766509410338853,253,150,13193,18385,33250,24478,2642,6588,48659,38418,3,3,1139,79,743,3788,24062,7722,5373,0,0,37939,18952,1,34,0,4,0,0,1
842,2673,843.2665875039706,99837,508,337,118,43,80747,46815,1.277702655328185,260,156,13287,18476,33187,24429,2639,6558,48669,38427,4,4,1131,78,743,3781,24100,7755,5359,0,0,37933,18916,1,34,0,4,0,0,2
843,2673,844.1176334397636,99837,508,328,118,43,80809,46848,1.2786542063563608,248,149,13377,18558,33108,24374,2640,6547,48678,38436,6,5,1126,78,742,3776,24120,7782,5349,0,0,37929,18891,1,34,0,6,0,0,3
844,2673,845.2557859144887,99837,472,326,118,43,80871,46895,1.27974598595711,244,135,13512,18649,33016,24320,2637,6526,48687,38445,9,6,1119,78,738,3773,24135,7825,5334,0,0,37929,18860,1,34,0,7,0,0,4
845,2673,846.1117581530377,99837,453,320,118,43,80918,46926,1.2805272594328756,236,135,13608,18722,32954,24260,2630,6519,48696,38454,13,7,1112,76,738,3771,24152,7855,5328,0,0,37919,18838,1,34,0,8,0,0,5
846,2673,847.2563636786215,99837,451,311,118,43,80994,46973,1.2817592676061982,222,113,13726,18799,32853,24219,2629,6514,48705,38463,18,8,1103,76,736,3767,24190,7879,5316,0,0,37919,18800,1,34,0,9,0,0,7
847,2673,848.1172051733613,99837,442,293,118,43,81045,46997,1.2825104921021264,217,112,13803,18870,32790,24173,2629,6508,48714,38472,25,9,1098,76,736,3761,24219,7901,5304,0,0,37911,18773,1,34,0,14,0,0,9
848,2673,849.2681936457723,99837,435,273,118,43,81118,47021,1.2834820757835272,210,119,13919,18964,32695,24097,2622,6503,48723,38481,33,10,1095,75,735,3754,24249,7933,5293,0,0,37895,18744,1,34,0,18,0,0,11
849,2673,850.1336498970343,99837,418,266,118,43,81160,47047,1.2841631859931688,205,111,14006,19024,32633,24044,2619,6511,48732,38490,43,11,1087,74,734,3750,24262,7960,5284,0,0,37890,18723,1,34,0,23,0,0,15
850,2673,851.0010808484699,99837,406,266,118,43,81199,47077,1.284854312529423,210,103,14067,19086,32575,23997,2623,6504,48741,38498,55,12,1083,74,733,3748,24285,7980,5271,0,0,37872,18706,1,34,0,30,0,0,20
851,2673,852.1601769188974,99836,393,254,119,43,81252,47105,1.2856785127609278,200,105,14173,19176,32492,23924,2622,6497,48750,38506,69,13,1079,74,733,3750,24298,8012,5255,0,0,37858,18681,1,34,0,37,0,0,24
852,2673,853.0318573669479,99836,399,240,119,43,81295,47124,1.286299531231219,190,106,14271,19256,32403,23856,2617,6498,48759,38514,85,14,1072,74,733,3745,24312,8029,5245,0,0,37855,18662,1,34,0,46,0,0,28
853,2673,854.1977609414497,99836,383,236,119,43,81352,47157,1.2872010096558355,177,104,14395,19340,32314,23785,2611,6491,48768,38522,104,15,1066,74,732,3737,24329,8063,5232,0,0,37841,18639,1,34,0,56,0,0,32
854,2673,855.0747437363233,99836,377,234,119,43,81391,47182,1.2878420609800072,182,104,14483,19411,32228,23709,2610,6498,48777,38530,125,17,1063,73,732,3734,24350,8079,5220,0,0,37832,18612,1,34,0,64,0,0,42
855,2673,856.2475765934558,99836,365,226,119,43,81442,47218,1.288713490123803,170,99,14606,19502,32132,23632,2607,6497,48786,38538,149,19,1057,73,731,3736,24374,8108,5205,0,0,37800,18589,1,34,0,77,0,0,51
856,2673,857.1297647600427,99836,358,217,119,43,81478,47241,1.2893044593132739,166,99,14692,19572,32058,23561,2606,6507,48795,38546,176,21,1052,73,731,3738,24386,8129,5189,0,0,37787,18565,1,34,0,91,0,0,60
857,2673,858.0142249852129,99836,354,207,119,43,81513,47263,1.2898753956488642,169,99,14767,19638,31984,23496,2606,6516,48804,38554,206,23,1048,73,731,3737,24397,8151,5176,0,0,37769,18545,1,34,0,108,0,0,66
858,2673,859.1967699624535,99836,327,194,119,43,81557,47289,1.290576545534677,169,110,14886,19746,31897,23386,2601,6520,48813,38562,239,26,1046,73,731,3733,24410,8188,5158,0,0,37752,18511,1,34,0,122,0,0,77
859,2673,860.0859397211756,99836,328,195,119,43,81593,47308,1.2911274490163869,164,102,14972,19807,31812,23307,2604,6545,48821,38570,276,29,1041,73,729,3727,24415,8208,5151,0,0,37728,18496,1,34,0,148,1,0,84
860,2673,861.2750909917662,99836,303,190,119,43,81641,47331,1.2918386153291397,155,100,15081,19906,31735,23200,2606,6560,48829,38578,317,32,1036,73,729,3726,24426,8244,5135,0,0,37693,18473,1,34,0,170,1,0,95
861,2673,862.1691826561819,99836,291,187,119,43,81675,47357,1.2924396009455508,143,90,15161,19966,31674,23126,2611,6587,48837,38586,361,36,1031,72,728,3725,24441,8269,5124,0,0,37663,18448,1,34,0,191,2,0,107
862,2673,863.0653476191054,99836,279,178,119,43,81702,47375,1.2928903401578589,133,90,15244,20014,31605,23065,2619,6609,48845,38594,409,40,1029,72,727,3724,24442,8296,5109,0,0,37645,18417,1,34,0,216,2,0,122
863,2673,864.2637909045391,99836,271,170,119,43,81740,47399,1.2935113586281501,134,88,15363,20108,31493,22951,2619,6639,48853,38602,462,45,1024,72,727,3722,24460,8314,5097,0,0,37614,18382,1,34,0,248,2,0,139
864,2673,865.1654662981555,99836,264,164,119,43,81762,47415,1.2938919828518771,128,84,15454,20158,31411,22876,2623,6674,48861,38610,519,50,1022,72,726,3715,24467,8340,5087,0,0,37584,18354,1,34,0,273,2,0,159
865,2673,866.0696567557269,99836,264,165,119,43,81791,47439,1.2944228534797066,115,72,15537,20218,31340,22796,2624,6705,48869,38618,580,56,1019,72,725,3712,24463,8369,5076,0,0,37559,18327,1,34,0,301,3,0,175
866,2673,867.2788495007582,99836,247,161,119,43,81823,47463,1.294983773388357,113,67,15651,20286,31244,22701,2625,6741,48877,38625,646,62,1016,72,724,3710,24453,8413,5065,0,0,37521,18299,1,34,0,335,3,0,190
867,2673,868.1884098900215,99836,244,149,119,43,81848,47476,1.2953643976120839,114,66,15762,20349,31136,22610,2624,6782,48885,38632,716,69,1013,71,725,3702,24459,8437,5060,0,0,37473,18270,1,34,0,380,3,0,208
868,2673,869.1010600321052,99835,236,151,119,44,81868,47496,1.295778033755697,119,58,15857,20409,31040,22504,2628,6833,48893,38639,791,77,1008,70,724,3701,24458,8460,5051,0,0,37430,18241,1,34,0,424,4,0,229
869,2673,870.0165632807323,99835,231,144,119,44,81894,47511,1.2961887113737667,120,59,15933,20448,30958,22419,2638,6885,48901,38646,871,86,1003,70,724,3698,24444,8493,5043,0,0,37399,18203,1,34,0,465,4,0,254
870,2673,871.2413103064264,99835,233,139,119,44,81933,47528,1.2967496369008864,103,60,16056,20524,30852,22303,2636,6929,48909,38653,956,95,1001,70,721,3694,24431,8531,5032,0,0,37361,18165,1,34,0,508,7,0,279
871,2673,872.1626921159078,99835,227,130,119,44,81960,47544,1.2971803475734962,97,58,16138,20567,30779,22215,2639,6985,48917,38660,1046,105,995,69,722,3698,24428,8561,5017,0,0,37313,18128,1,34,0,552,7,0,310
872,2673,873.0864681445657,99835,222,126,119,44,81985,47560,1.297591025191566,105,52,16204,20624,30705,22112,2644,7041,48925,38667,1142,116,995,68,722,3693,24435,8584,5009,0,0,37256,18076,1,34,0,602,8,0,352
873,2673,874.0125504819047,99835,214,123,119,44,82013,47571,1.2979816697550959,95,51,16291,20656,30625,22008,2655,7117,48933,38674,1243,128,988,68,719,3689,24422,8621,5005,0,0,37199,18041,1,34,0,656,11,0,381
874,2673,875.2516442114447,99835,203,124,119,44,82041,47588,1.2984324134822458,90,43,16420,20725,30507,21873,2660,7190,48941,38681,1349,141,983,68,715,3685,24411,8656,4998,0,0,37153,17996,1,34,0,710,13,0,412
875,2673,876.1841679734243,99835,204,112,119,44,82069,47596,1.2987930084639656,83,49,16508,20744,30413,21766,2672,7284,48949,38688,1461,155,981,67,713,3684,24396,8696,4985,0,0,37091,17958,1,34,0,768,15,0,446
876,2673,877.1197208110867,99835,199,114,119,44,82094,47611,1.2991936695547655,84,50,16586,20762,30326,21662,2685,7367,48957,38695,1578,170,978,67,711,3674,24390,8729,4981,0,0,37022,17912,1,34,0,832,16,0,488
877,2673,878.0580487472052,99835,199,102,119,44,82114,47621,1.2994941653728653,81,55,16665,20782,30234,21556,2701,7460,48965,38702,1701,186,971,67,710,3671,24374,8768,4976,0,0,36950,17877,1,34,0,904,17,0,515
878,2673,879.3135293076236,99835,195,105,119,44,82140,47637,1.299914859518205,83,56,16790,20834,30102,21406,2710,7554,48972,38709,1830,203,969,67,709,3667,24348,8812,4967,0,0,36894,17821,1,34,0,969,18,0,559
879,2673,880.2586949077896,99835,195,103,119,44,82157,47650,1.300215355336305,87,54,16880,20861,29996,21284,2722,7653,48979,38716,1964,221,966,67,709,3661,24323,8856,4964,0,0,36833,17772,1,34,0,1031,18,0,600
880,2673,881.2072163457389,99835,195,109,119,44,82180,47665,1.3005959833725647,90,52,16953,20875,29905,21160,2737,7759,48986,38723,2104,241,965,67,707,3659,24292,8901,4955,0,0,36772,17717,1,34,0,1102,20,0,643
881,2673,882.1585780817866,99835,188,105,119,44,82198,47679,1.3009165122452047,88,49,17040,20905,29810,21037,2754,7859,48993,38730,2249,262,965,67,706,3651,24275,8945,4948,0,0,36701,17654,1,34,0,1170,21,0,697
882,2673,883.1129764198819,99835,180,98,119,44,82218,47687,1.3011969750087644,84,54,17115,20910,29729,20913,2772,7980,49000,38737,2400,284,962,65,707,3645,24257,8991,4943,0,0,36615,17601,1,34,0,1247,22,0,745
883,2673,884.0703133851575,99835,171,99,119,44,82235,47698,1.3014774377723244,83,55,17192,20915,29643,20781,2791,8105,49007,38744,2557,308,957,65,707,3641,24230,9035,4935,0,0,36541,17537,1,34,0,1329,22,0,801
884,2673,885.0303589783468,99835,161,94,119,44,82254,47705,1.3017378674813442,79,56,17263,20927,29563,20644,2814,8234,49014,38750,2719,333,955,65,704,3635,24196,9090,4929,0,0,36454,17486,1,34,0,1414,25,0,847
885,2673,886.3149124968702,99835,152,86,119,44,82278,47714,1.302068412881254,79,56,17390,20981,29429,20481,2830,8351,49021,38756,2887,360,951,65,701,3628,24159,9156,4926,0,0,36369,17424,1,33,1,1490,28,0,903
886,2673,887.2823376541147,99835,151,73,119,44,82298,47724,1.302368908699354,73,54,17475,20998,29332,20353,2849,8477,49028,38762,3060,389,947,64,700,3630,24120,9206,4917,0,0,36280,17362,1,32,2,1592,29,0,953
887,2673,888.2530176108745,99835,149,74,119,44,82314,47739,1.302679421044724,74,45,17559,20981,29225,20226,2873,8629,49035,38768,3239,419,942,64,699,3632,24084,9254,4906,0,0,36201,17296,1,32,2,1681,30,0,1011
888,2673,889.2273178875225,99834,140,76,120,44,82325,47749,1.3029028186790073,79,44,17648,20961,29114,20095,2898,8779,49042,38774,3423,451,937,64,697,3631,24045,9305,4899,0,0,36108,17229,1,32,2,1778,32,0,1074
889,2673,890.2054189945607,99834,147,82,120,44,82351,47767,1.3033435502934871,67,39,17723,20953,29013,19952,2929,8929,49049,38780,3613,485,937,64,695,3631,24007,9358,4888,0,0,36008,17158,1,32,2,1881,34,0,1138
890,2673,891.1869603405642,99834,143,78,120,44,82367,47774,1.303573932728329,62,38,17804,20947,28912,19813,2958,9079,49056,38786,3808,520,935,64,693,3627,23960,9420,4882,0,0,35901,17095,1,32,2,1992,36,0,1194
891,2673,892.1719498753981,99834,136,69,120,44,82383,47780,1.303794298535569,63,44,17883,20948,28813,19657,2984,9237,49063,38792,4008,557,929,64,689,3627,23906,9486,4877,0,0,35798,17032,1,32,2,2102,40,0,1249
892,2673,893.1604517777498,99834,134,65,120,44,82396,47788,1.3040046477152072,59,46,17961,20947,28708,19499,3017,9398,49070,38798,4213,596,927,64,683,3624,23853,9549,4870,0,0,35685,16967,1,32,2,2224,46,0,1307
893,2673,894.1527371730599,99834,117,64,120,44,82407,47796,1.3041949636396417,54,47,18067,20954,28593,19334,3048,9556,49077,38804,4423,637,924,64,679,3622,23790,9629,4861,0,0,35583,16899,1,32,2,2327,50,0,1371
894,2673,895.149061217004,99834,105,69,120,44,82420,47808,1.3044453793296873,51,42,18164,20949,28473,19184,3086,9711,49084,38810,4638,680,921,64,676,3618,23745,9693,4854,0,0,35478,16824,1,32,2,2429,53,0,1444
895,2673,896.149768499984,99834,103,67,120,44,82435,47819,1.3047058116473347,51,41,18250,20949,28356,19025,3119,9873,49091,38816,4857,725,920,64,672,3618,23699,9755,4843,0,0,35365,16748,1,32,2,2543,57,0,1515
896,2673,897.1545994938435,99833,101,66,120,45,82449,47828,1.304949265273006,46,38,18339,20941,28239,18873,3154,10036,49098,38822,5081,773,916,63,667,3616,23645,9820,4839,0,0,35253,16667,1,32,2,2657,62,0,1593
897,2673,898.1637624568083,99833,99,73,120,45,82462,47843,1.3052297336552041,40,27,18426,20923,28120,18722,3194,10209,49105,38828,5309,823,914,63,664,3612,23600,9882,4831,0,0,35114,16598,1,32,2,2794,65,0,1661
898,2673,899.1771980719957,99833,97,60,120,45,82475,47846,1.3053900013021746,40,30,18493,20910,28015,18571,3234,10383,49112,38834,5542,875,910,63,662,3610,23545,9950,4826,0,0,34993,16513,1,32,2,2922,67,0,1737
899,2673,900.1947175298553,99833,92,66,120,45,82486,47854,1.305580319132952,59,56,18556,20958,27950,18529,3222,10345,49112,38834,5542,875,910,63,662,3610,23548,9956,4823,0,0,34988,16513,1,32,2,2921,67,0,1737
900,2673,900.1947175298553,99833,88,64,120,45,82490,47857,1.3056504362285015,56,55,18563,20862,27901,18426,3271,10547,49112,38834,5779,929,910,63,658,3608,23491,10020,4823,0,5,34866,16415,1,32,2,3038,71,0,1830
901,2673,901.2162745231436,99833,75,60,120,45,82503,47870,1.3059108711548286,57,54,18653,20846,27784,18267,3310,10727,49112,38834,6019,986,910,63,656,3608,23435,10096,4821,0,15,34711,16341,1,32,2,3175,73,2,1892
902,2673,902.2422258689174,99833,83,69,120,45,82519,47884,1.3062113729928981,47,45,18724,20832,27670,18106,3355,10902,49112,38834,6263,1045,910,63,655,3611,23371,10164,4818,0,18,34577,16250,1,31,3,3305,74,2,1980
903,2673,903.2722509107125,99833,91,73,120,45,82537,47891,1.3064617911912895,42,40,18798,20815,27543,17946,3405,11080,49112,38834,6511,1107,910,63,654,3610,23311,10232,4817,0,19,34429,16161,1,31,3,3447,75,2,2068
904,2673,904.3068949128053,99833,95,79,120,45,82550,47904,1.3067222261176163,46,41,18868,20778,27416,17780,3454,11276,49112,38834,6762,1171,910,63,654,3608,23261,10292,4817,0,22,34264,16080,1,31,3,3604,75,2,2146
905,2673,905.3464053313694,99833,93,70,120,45,82560,47910,1.3068824937645869,54,42,18952,20758,27277,17632,3503,11452,49112,38834,7016,1238,910,63,651,3610,23191,10369,4815,0,33,34126,15977,1,31,3,3735,78,2,2238
906,2673,906.0423041992109,99833,94,66,120,45,82570,47914,1.307022727955686,50,43,18981,20698,27193,17502,3561,11645,49112,38834,7273,1307,909,63,651,3611,23123,10441,4814,1,37,33980,15871,1,31,3,3877,78,2,2340
907,2673,907.0901296922613,99833,88,64,120,45,82576,47924,1.3071829956026564,54,42,19047,20678,27076,17336,3614,11834,49112,38834,7533,1379,909,63,649,3611,23043,10527,4813,1,44,33832,15780,1,31,3,4020,80,3,2423
908,2673,908.1423669608371,99833,93,63,120,45,82593,47937,1.3074834974407261,49,37,19112,20631,26953,17193,3672,12030,49112,38834,7795,1453,908,63,649,3614,22959,10619,4810,2,48,33686,15680,1,30,4,4158,80,3,2519
909,2673,909.1995309158594,99833,84,67,120,45,82597,47948,1.3076337483597609,59,35,19184,20596,26823,17036,3729,12220,49112,38834,8060,1530,908,63,647,3612,22889,10698,4810,2,54,33526,15577,1,30,4,4311,82,3,2616
910,2673,910.2616482523664,99833,91,63,120,45,82616,47955,1.3078941832860878,54,42,19242,20571,26701,16877,3791,12401,49112,38834,8327,1610,908,63,645,3611,22812,10782,4810,2,62,33365,15473,1,30,4,4466,84,4,2711
911,2673,911.3287940057822,99833,84,62,120,45,82628,47963,1.308094517844801,49,39,19319,20565,26573,16710,3854,12578,49112,38834,8596,1692,908,63,641,3614,22735,10867,4807,2,66,33202,15372,1,30,4,4621,88,7,2805
912,2673,912.0431566697484,99833,83,62,120,45,82635,47967,1.308204701852093,56,39,19362,20513,26454,16566,3924,12774,49112,38834,8866,1777,908,63,637,3613,22654,10954,4806,2,67,33051,15273,1,30,4,4768,92,7,2903
913,2673,913.1202342596833,99833,81,54,120,45,82642,47973,1.3083349193152565,58,44,19426,20480,26326,16418,3988,12958,49112,38834,9138,1865,908,63,632,3614,22579,11037,4805,2,72,32883,15180,1,30,4,4928,97,9,2989
914,2673,914.2025477932608,99833,81,62,120,45,82665,47989,1.308725571704747,55,34,19483,20442,26198,16263,4062,13153,49112,38834,9411,1956,908,63,626,3615,22511,11121,4802,2,74,32699,15091,1,30,4,5098,103,9,3076
915,2673,915.2904422386505,99833,86,59,120,45,82685,47996,1.3089960233590094,50,34,19555,20426,26055,16094,4133,13341,49112,38834,9686,2049,908,63,623,3618,22432,11206,4799,2,78,32529,14995,1,30,4,5262,106,12,3165
916,2673,916.0189234044462,99833,84,59,120,45,82692,48000,1.3091062073663018,49,34,19578,20343,25951,15950,4217,13568,49112,38834,9961,2145,908,63,618,3618,22354,11288,4797,2,80,32350,14908,1,29,5,5439,111,14,3248
917,2673,917.1169915365131,99833,88,54,120,45,82708,48006,1.309326575380886,45,31,19634,20295,25824,15812,4288,13762,49112,38834,10237,2244,908,63,614,3619,22269,11383,4796,2,86,32183,14799,1,29,5,5596,115,15,3350
918,2673,918.2205003460961,99833,89,54,120,45,82722,48014,1.3095469433954705,46,28,19700,20267,25686,15645,4358,13960,49112,38834,10514,2346,908,63,609,3619,22170,11489,4796,2,87,32007,14716,1,29,5,5766,119,18,3429
919,2673,919.3300732011354,99832,93,53,121,45,82737,48020,1.3097704142960174,43,29,19778,20230,25527,15501,4437,14141,49112,38834,10791,2451,908,63,607,3620,22068,11597,4795,2,92,31851,14608,1,29,5,5915,121,19,3531
920,2673,920.0735309765198,99832,97,52,121,45,82743,48026,1.3098906162352753,47,26,19794,20171,25411,15360,4529,14345,49112,38834,11068,2559,908,63,604,3619,21988,11685,4795,2,92,31692,14504,1,29,5,6068,123,20,3634
921,2673,921.1948641606672,99831,92,51,121,46,82758,48038,1.3101741943885166,46,27,19839,20148,25288,15201,4613,14526,49112,38834,11345,2669,907,63,597,3619,21909,11778,4795,3,97,31520,14392,1,29,5,6226,130,24,3736
922,2673,922.3220512124793,99831,90,46,121,46,82771,48044,1.3103645160320943,53,31,19906,20137,25129,15019,4700,14720,49112,38834,11622,2782,906,63,595,3620,21804,11893,4793,4,99,31333,14316,1,29,5,6404,132,25,3809
923,2673,923.0771484825752,99831,80,48,121,46,82778,48050,1.3104947361040158,56,32,19926,20056,25020,14879,4796,14938,49112,38834,11899,2898,906,63,593,3618,21723,11987,4792,4,102,31161,14214,1,29,5,6566,134,25,3908
924,2673,924.2160028417957,99831,89,43,121,46,82799,48053,1.3107351423906402,46,37,19975,20017,24879,14734,4889,15122,49112,38834,12176,3017,906,63,589,3618,21623,12096,4792,4,105,30986,14108,1,28,6,6732,138,25,4011
925,2673,925.3611336791348,99831,84,47,121,46,82810,48062,1.310935480962827,47,31,20033,19997,24726,14568,4988,15310,49112,38834,12452,3139,906,63,584,3619,21533,12198,4791,4,110,30790,14021,1,28,6,6916,143,25,4093
926,2673,926.1286150996503,99831,89,47,121,46,82819,48068,1.3110857348919673,40,28,20057,19934,24601,14436,5091,15508,49112,38834,12727,3263,906,63,580,3620,21437,12298,4790,4,111,30616,13915,1,28,6,7086,147,26,4197
927,2673,927.2867028442015,99831,89,52,121,46,82832,48080,1.3113361581072012,41,19,20109,19918,24453,14272,5186,15692,49112,38834,13001,3390,905,63,578,3620,21350,12394,4790,5,114,30418,13828,1,28,6,7275,149,26,4281
928,2673,928.0241807742273,99831,81,48,121,46,82838,48083,1.3114263104646853,41,19,20134,19849,24318,14143,5304,15894,49112,38834,13274,3520,905,63,572,3622,21257,12491,4787,5,118,30234,13732,1,27,7,7456,155,28,4371
929,2673,929.1960037519185,99831,75,46,121,46,82847,48089,1.3115765643938255,42,16,20203,19800,24154,14005,5404,16086,49112,38834,13546,3652,904,63,569,3624,21165,12588,4784,6,126,30060,13622,1,27,7,7626,158,30,4471
930,2673,930.3504939843624,99831,77,41,121,46,82859,48092,1.3117268183229658,36,21,20254,19787,24005,13843,5506,16261,49112,38834,13817,3787,904,63,563,3625,21075,12689,4783,6,127,29853,13550,1,27,7,7823,164,29,4542
931,2673,931.1409605624982,99831,77,41,121,46,82867,48096,1.311847021466278,36,21,20265,19706,23876,13719,5624,16466,49112,38834,14086,3925,904,63,562,3626,20965,12803,4782,6,130,29674,13459,1,27,7,7998,165,32,4627
932,2673,932.334585170584,99831,78,35,121,46,82881,48101,1.3120373431098558,26,20,20319,19687,23732,13579,5723,16632,49112,38834,14353,4065,904,63,558,3627,20871,12907,4781,6,134,29510,13351,1,27,7,8152,169,34,4729
933,2673,933.1077528626297,99831,79,36,121,46,82887,48106,1.3121475293245586,27,16,20312,19598,23615,13458,5845,16845,49112,38834,14619,4208,904,63,554,3627,20773,13010,4781,6,135,29331,13258,1,27,7,8326,173,34,4821
934,2673,934.345011088569,99831,72,37,121,46,82893,48111,1.3122577155392614,34,21,20354,19561,23455,13311,5963,17023,49112,38834,14883,4353,904,63,551,3629,20677,13113,4779,6,139,29147,13163,1,27,7,8503,176,34,4912
935,2673,935.1199370418193,99831,66,40,121,46,82897,48120,1.312387935611183,34,19,20380,19502,23313,13182,6085,17210,49112,38834,15145,4501,903,63,547,3626,20568,13227,4778,7,141,28963,13074,1,27,7,8686,180,36,4997
936,2673,936.349683001,99831,66,35,121,46,82908,48127,1.3125682403261512,36,29,20449,19506,23128,13033,6199,17350,49112,38834,15405,4651,903,63,547,3627,20466,13339,4776,7,146,28789,12969,1,27,7,8851,180,37,5096
937,2673,937.1702781309807,99831,64,37,121,46,82917,48134,1.3127285111839009,36,27,20442,19432,23010,12910,6326,17547,49112,38834,15663,4803,902,63,547,3626,20371,13441,4776,8,148,28600,12876,1,27,7,9034,180,39,5185
938,2673,938.4091289349684,99831,68,38,121,46,82931,48144,1.3129689174705252,30,22,20497,19418,22838,12761,6445,17714,49112,38834,15919,4958,901,63,543,3626,20268,13548,4776,9,151,28410,12798,1,27,7,9220,184,40,5259
939,2673,939.2399701891057,99831,61,34,121,46,82939,48146,1.3130690867566186,32,22,20516,19363,22689,12641,6580,17893,49112,38834,16172,5115,901,63,538,3627,20164,13662,4775,9,152,28232,12708,1,27,7,9388,189,41,5347
940,2673,940.0762264946339,99831,62,34,121,46,82948,48150,1.3131993068285401,30,21,20530,19310,22541,12542,6715,18046,49112,38834,16423,5274,901,63,533,3626,20064,13767,4775,9,153,28054,12613,1,27,7,9562,194,42,5440
941,2673,941.3406328750616,99831,61,36,121,46,82956,48157,1.3133495607576804,29,17,20550,19273,22395,12421,6843,18206,49112,38834,16672,5435,900,63,529,3624,19963,13877,4774,10,154,27880,12517,1,27,7,9731,197,43,5534
942,2673,942.0226185186353,99831,62,37,121,46,82960,48160,1.313419679257946,30,14,20537,19208,22270,12305,6979,18389,49112,38834,16918,5598,900,63,525,3624,19854,13987,4774,10,154,27695,12445,1,27,7,9915,201,43,5606
943,2673,943.0280303462795,99831,66,38,121,46,82974,48165,1.3136100009015235,26,17,20596,19207,22082,12166,7108,18525,49112,38834,17162,5763,900,63,523,3623,19748,14100,4774,10,155,27514,12359,1,27,7,10090,203,45,5689
944,2673,944.4246904432292,99831,69,35,121,46,82984,48167,1.3137302040448358,28,20,20655,19219,21902,12018,7224,18661,49112,38834,17403,5930,900,63,518,3623,19651,14204,4774,10,155,27337,12264,1,27,7,10261,207,46,5783
945,2673,945.0775113473186,99831,67,33,121,46,82988,48168,1.3137802886878824,28,22,20644,19154,21773,11907,7366,18837,49112,38834,17641,6099,899,63,516,3624,19562,14298,4773,11,154,27158,12163,1,27,7,10435,209,47,5884
946,2673,946.386391678129,99831,68,28,121,46,83000,48173,1.3139505764742414,27,26,20680,19166,21613,11760,7490,18973,49112,38834,17877,6269,898,63,512,3623,19448,14419,4772,12,156,26980,12080,1,27,7,10608,213,51,5961
947,2673,947.2643568242353,99831,62,30,121,46,83006,48178,1.3140607626889442,28,26,20680,19129,21481,11641,7627,19127,49112,38834,18110,6441,898,63,509,3623,19352,14522,4770,12,156,26797,11991,1,27,7,10786,216,53,6048
948,2673,948.1476897657185,99831,62,22,121,46,83015,48181,1.3141809658322565,28,25,20663,19097,21348,11534,7777,19275,49112,38834,18340,6614,898,63,507,3624,19247,14637,4769,12,160,26619,11897,1,26,8,10955,217,54,6137
949,2673,949.0366777688787,99831,58,19,121,46,83019,48183,1.3142410674039127,29,25,20660,19060,21213,11416,7918,19433,49112,38834,18567,6789,898,63,503,3625,19158,14732,4768,12,165,26421,11817,1,26,8,11147,221,55,6211
950,2673,950.0415996144347,99831,62,20,121,46,83028,48186,1.3143612705472247,21,25,20650,19016,21084,11310,8061,19582,49112,38834,18792,6965,898,63,499,3623,19050,14845,4767,12,164,26240,11738,1,26,8,11326,225,56,6290
951,2673,951.1291661741534,99831,58,14,121,46,83037,48188,1.3144714567619276,23,30,20660,19001,20931,11201,8206,19707,49112,38834,19014,7142,898,63,493,3624,18945,14959,4766,12,168,26053,11658,1,26,8,11504,231,58,6364
952,2673,952.0219256828044,99831,54,20,121,46,83046,48196,1.3146417445482865,22,26,20698,19012,20767,11080,8337,19815,49112,38834,19233,7321,898,62,488,3626,18843,15066,4764,12,169,25878,11575,1,26,8,11675,236,59,6445
953,2673,953.4257069348145,99831,54,25,121,46,83050,48203,1.3147519307629894,27,22,20785,19039,20550,10950,8462,19917,49112,38834,19449,7501,898,62,484,3624,18749,15165,4763,12,166,25695,11488,1,26,8,11856,240,62,6532
954,2673,954.3405335759926,99831,55,25,121,46,83054,48207,1.3148320661918642,27,19,20744,18967,20426,10858,8626,20084,49112,38834,19662,7682,898,62,482,3624,18660,15258,4763,12,167,25496,11422,1,26,8,12051,242,63,6596
955,2673,955.2930650621953,99831,45,25,121,46,83059,48211,1.3149222185493483,29,18,20760,18966,20284,10737,8760,20207,49112,38834,19872,7864,898,62,478,3624,18552,15375,4762,12,167,25327,11338,1,26,8,12212,246,65,6678
956,2673,956.3257534942449,99831,45,28,121,46,83066,48215,1.3150324047640511,30,17,20780,18935,20123,10630,8900,20343,49112,38834,20079,8046,898,62,475,3624,18460,15470,4762,12,167,25156,11261,1,26,8,12381,248,67,6753
957,2673,957.0708781582221,99831,49,29,121,46,83072,48222,1.315162624835973,33,11,20764,18922,19990,10518,9042,20473,49112,38834,20283,8229,898,62,470,3625,18356,15577,4761,12,169,24989,11185,1,26,8,12545,253,69,6825
958,2673,958.1711097066448,99831,50,24,121,46,83079,48223,1.3152427602648475,33,16,20769,18913,19837,10423,9189,20577,49112,38834,20485,8413,898,62,468,3625,18239,15697,4761,12,172,24843,11112,1,26,8,12688,255,70,6894
959,2673,959.2100424269053,99831,44,25,121,46,83088,48226,1.3153629634081598,33,15,20784,18900,19692,10325,9325,20688,49112,38834,20684,8597,898,62,466,3625,18126,15816,4760,12,172,24684,11040,1,26,8,12842,257,76,6960
960,2673,960.0609214970983,99831,42,25,121,46,83095,48228,1.315453115765644,35,15,20806,18909,19534,10215,9461,20789,49112,38834,20880,8782,897,62,465,3625,18026,15921,4759,13,171,24521,10961,1,25,9,13001,258,79,7037
961,2673,961.0138400946378,99831,50,25,121,46,83107,48231,1.3156033696947842,25,14,20792,18892,19409,10116,9602,20906,49112,38834,21073,8967,896,62,464,3624,17939,16014,4759,14,171,24344,10901,1,25,9,13173,259,79,7097
962,2673,962.1953165365386,99831,42,23,121,46,83111,48234,1.3156734881950496,29,14,20783,18917,19281,10004,9743,20995,49112,38834,21263,9152,895,62,460,3621,17855,16110,4759,15,171,24157,10836,1,25,9,13351,263,80,7161
963,2673,963.1227772869245,99831,39,26,121,46,83116,48241,1.3157936913383619,30,10,20780,18929,19133,9901,9896,21087,49112,38834,21450,9338,894,62,459,3621,17761,16210,4758,16,171,23987,10765,1,25,9,13516,264,81,7231
964,2673,964.1162376441936,99831,44,25,121,46,83125,48243,1.3159038775530647,23,10,20798,18922,18978,9797,10035,21199,49112,38834,21634,9524,893,62,456,3623,17656,16317,4756,17,169,23835,10693,1,25,9,13666,267,84,7302
965,2673,965.3592887269195,99831,44,22,121,46,83132,48243,1.31597399605333,19,16,20806,18907,18829,9702,10180,21306,49112,38834,21815,9710,893,62,453,3623,17563,16414,4756,17,170,23671,10624,1,25,9,13826,270,85,7369
966,2673,966.4102066389016,99831,43,26,121,46,83137,48250,1.3160941991966424,18,13,20810,18918,18679,9609,10328,21387,49112,38834,21994,9896,893,62,452,3624,17462,16519,4755,17,172,23528,10554,1,24,10,13965,271,85,7437
967,2673,967.0108330632289,99831,38,25,121,46,83138,48253,1.3161342669110798,19,10,20785,18876,18557,9538,10479,21504,49112,38834,22170,10082,893,62,449,3624,17368,16619,4755,17,173,23372,10491,1,24,10,14115,274,86,7498
968,2673,968.1426418648789,99831,43,22,121,46,83146,48257,1.316254470054392,13,11,20832,18897,18387,9453,10603,21570,49112,38834,22343,10268,893,62,448,3624,17272,16719,4755,17,175,23217,10412,1,24,10,14266,275,89,7572
969,2673,969.3824048549833,99831,41,19,121,46,83149,48260,1.316314571626048,16,11,20854,18915,18241,9377,10726,21631,49112,38834,22513,10453,893,62,448,3624,17175,16819,4754,17,178,23069,10335,1,24,10,14412,275,91,7644
970,2673,970.1001137265091,99831,41,19,121,46,83150,48261,1.3163346054832668,16,10,20799,18868,18134,9304,10888,21752,49112,38834,22681,10638,893,62,447,3624,17084,16911,4754,17,176,22914,10268,1,24,10,14566,276,94,7710
971,2673,971.0924907613197,99831,38,20,121,46,83152,48265,1.316394707054923,17,10,20795,18889,17999,9211,11029,21823,49112,38834,22846,10822,893,62,445,3623,16974,17027,4754,17,175,22769,10206,1,24,10,14706,278,95,7772
972,2673,972.0122888384186,99831,38,18,121,46,83156,48267,1.3164548086265788,17,9,20797,18885,17859,9129,11167,21912,49112,38834,23008,11006,892,62,443,3624,16886,17118,4753,18,177,22620,10132,1,23,11,14852,280,96,7843
973,2673,973.3140412493525,99831,37,19,121,46,83162,48269,1.3165349440554537,20,11,20846,18935,17681,9034,11294,21954,49112,38834,23168,11189,892,62,438,3626,16780,17228,4751,18,175,22485,10063,1,23,11,14983,285,98,7912
974,2673,974.0731739479354,99831,41,19,121,46,83167,48269,1.3165850286985004,19,12,20798,18908,17570,8963,11450,22051,49112,38834,23325,11372,892,62,433,3626,16689,17319,4751,18,173,22359,9985,1,23,11,15109,290,101,7989
975,2673,975.0663243315222,99831,40,18,121,46,83172,48271,1.316655147198766,18,12,20789,18915,17440,8894,11591,22114,49112,38834,23479,11554,892,62,431,3625,16615,17397,4750,18,174,22194,9924,1,23,11,15272,292,101,8049
976,2673,976.1549095151204,99831,38,18,121,46,83175,48275,1.3167252656990314,19,10,20820,18947,17300,8811,11701,22167,49112,38834,23631,11735,892,62,426,3625,16532,17484,4749,18,174,22047,9862,1,23,11,15416,297,103,8109
977,2673,977.0978339381917,99831,36,19,121,46,83179,48277,1.3167853672706875,19,8,20834,18976,17161,8737,11828,22213,49112,38834,23780,11915,892,62,425,3625,16438,17581,4748,18,174,21912,9797,1,23,11,15549,298,103,8174
978,2673,978.0230482349983,99831,37,18,121,46,83184,48278,1.3168454688423437,18,9,20804,18979,17051,8671,11968,22276,49112,38834,23927,12095,892,62,420,3625,16340,17680,4748,18,173,21776,9737,1,23,11,15684,303,105,8233
979,2673,979.0728014879085,99831,30,19,121,46,83186,48282,1.3169055704139996,20,8,20802,18997,16927,8593,12099,22336,49112,38834,24071,12274,892,62,417,3625,16247,17777,4747,18,175,21633,9678,1,23,11,15824,306,106,8289
980,2673,980.2876134684016,99831,31,19,121,46,83192,48286,1.3170057397000932,18,6,20817,19028,16789,8514,12223,22386,49112,38834,24213,12452,892,62,410,3627,16149,17879,4745,18,174,21512,9621,1,23,11,15941,313,108,8345
981,2673,981.0244418367677,99831,37,22,121,46,83200,48289,1.317115925914796,14,6,20810,19032,16663,8445,12354,22448,49112,38834,24352,12629,892,62,408,3628,16056,17973,4744,18,174,21382,9570,1,23,11,16070,315,108,8396
982,2673,982.3130579849393,99831,38,22,121,46,83204,48291,1.3171760274864521,19,5,20818,19068,16536,8368,12467,22490,49112,38834,24489,12804,892,62,406,3629,15975,18055,4743,18,174,21251,9509,1,23,11,16200,317,110,8455
983,2673,983.0073661218532,99831,35,20,121,46,83210,48291,1.3172361290581083,15,8,20828,19082,16404,8301,12596,22542,49112,38834,24624,12978,892,62,406,3629,15902,18132,4742,18,176,21099,9456,1,23,11,16349,317,110,8506
984,2673,984.0242351599254,99831,33,18,121,46,83213,48291,1.3172661798439362,14,9,20819,19082,16284,8240,12728,22604,49112,38834,24756,13151,892,62,402,3630,15811,18225,4741,18,177,20968,9420,1,23,11,16478,321,111,8540
985,2673,985.0389024725936,99831,32,17,121,46,83217,48292,1.317316264486983,14,9,20826,19111,16160,8178,12846,22638,49112,38834,24886,13323,891,62,402,3631,15714,18325,4740,19,177,20836,9376,1,23,11,16607,321,112,8583
986,2673,986.0721423712546,99831,33,18,121,46,83221,48293,1.3173663491300298,13,8,20833,19140,16032,8109,12967,22678,49112,38834,25014,13494,891,62,399,3630,15632,18408,4740,19,174,20707,9330,1,22,12,16736,324,116,8628
987,2673,987.154149864065,99831,32,19,121,46,83222,48295,1.3173963999158578,14,10,20819,19161,15927,8037,13086,22726,49112,38834,25140,13663,891,62,394,3629,15555,18487,4740,19,174,20580,9273,1,22,12,16863,328,117,8684
988,2673,988.0701429977138,99831,25,18,121,46,83224,48298,1.3174464845589045,13,10,20850,19206,15798,7980,13192,22739,49112,38834,25264,13831,891,62,392,3628,15478,18568,4740,19,176,20447,9222,1,22,12,16993,330,119,8731
989,2673,989.128719153789,99831,23,17,121,46,83224,48299,1.317456501487514,14,11,20818,19200,15702,7933,13321,22792,49112,38834,25385,13997,891,62,391,3628,15389,18659,4740,19,175,20337,9168,1,22,12,17101,331,122,8783
990,2673,990.3555847149466,99831,21,14,121,46,83226,48300,1.3174865522733419,15,15,20874,19245,15561,7879,13407,22800,49112,38834,25504,14162,891,62,389,3630,15313,18736,4738,19,176,20209,9116,1,22,12,17228,333,124,8832
991,2673,991.0492233090382,99831,23,17,121,46,83229,48304,1.3175566707736075,14,11,20852,19237,15453,7818,13536,22870,49112,38834,25621,14326,890,62,387,3630,15232,18817,4738,20,177,20086,9067,1,22,12,17351,335,124,8880
992,2673,992.1261899162075,99831,22,17,121,46,83232,48307,1.3176167723452634,18,10,20883,19297,15329,7749,13626,22880,49112,38834,25736,14488,889,62,386,3629,15151,18901,4738,21,176,19969,9019,1,22,12,17466,336,126,8927
993,2673,993.1031126177904,99831,21,19,121,46,83235,48310,1.3176768739169196,15,8,20895,19305,15205,7693,13742,22928,49112,38834,25849,14649,889,62,384,3629,15063,18992,4738,21,176,19854,8970,1,21,13,17578,338,126,8976
994,2673,994.0368257303072,99831,25,17,121,46,83241,48311,1.317746992417185,9,8,20889,19350,15101,7639,13854,22939,49112,38834,25960,14808,889,62,384,3630,14994,19062,4737,21,177,19742,8910,1,21,13,17689,338,126,9035
995,2673,995.1243814452503,99831,26,17,121,46,83244,48313,1.3177970770602319,8,10,20896,19386,14991,7571,13957,22969,49112,38834,26069,14965,889,62,383,3630,14915,19142,4737,21,176,19637,8868,1,21,13,17793,339,129,9075
996,2673,996.0484937883251,99831,26,16,121,46,83246,48315,1.3178371447746693,10,9,20901,19405,14879,7514,14062,23009,49112,38834,26176,15121,889,62,381,3631,14838,19222,4736,21,175,19535,8831,1,20,14,17892,341,131,9111
997,2673,997.1100840172596,99831,24,19,121,46,83249,48319,1.3179072632749347,12,7,20914,19454,14768,7454,14160,23019,49112,38834,26282,15275,889,62,379,3633,14773,19288,4734,21,174,19431,8780,1,20,14,17995,343,134,9160
998,2673,998.0524702995797,99831,24,16,121,46,83253,48321,1.3179673648465908,10,8,20945,19508,14648,7398,14251,23023,49112,38834,26386,15428,889,62,377,3631,14688,19377,4734,21,174,19336,8733,1,19,15,18088,345,136,9205
999,2673,999.2536607026783,99831,25,18,121,46,83258,48324,1.3180475002754655,9,7,20997,19588,14512,7330,14335,23010,49112,38834,26488,15579,889,62,374,3630,14614,19453,4734,21,174,19230,8696,1,19,15,18193,348,137,9241
1000,2673,1000.1573012411319,99831,27,17,121,46,83261,48325,1.318087567989903,8,6,20979,19587,14419,7286,14445,23057,49112,38834,26588,15728,889,62,370,3630,14542,19528,4734,21,171,19137,8648,1,19,15,18283,352,140,9289
1001,2673,1001.0215724019398,99831,29,18,121,46,83267,48328,1.318177720347387,5,8,20993,19629,14317,7233,14534,23065,49112,38834,26686,15876,889,62,369,3631,14481,19591,4733,21,171,19026,8611,1,19,15,18392,353,142,9324
1002,2673,1002.0791599020205,99831,23,17,121,46,83267,48329,1.3181877372759965,5,7,20993,19654,14228,7185,14629,23090,49112,38834,26783,16022,889,62,367,3631,14431,19647,4732,21,171,18903,8569,1,19,15,18510,355,142,9366
1003,2673,1003.0019133470499,99831,21,17,121,46,83269,48330,1.3182177880618244,6,6,20992,19674,14130,7137,14729,23119,49112,38834,26878,16166,889,62,366,3631,14377,19704,4732,21,171,18791,8529,1,19,15,18619,356,142,9406
1004,2673,1004.0563195942743,99831,23,19,121,46,83275,48336,1.3183379912051367,6,2,21006,19726,14032,7084,14811,23122,49112,38834,26971,16309,889,62,363,3631,14306,19779,4732,21,174,18689,8486,1,19,15,18717,359,142,9446
1005,2673,1005.1122654123948,99831,20,16,121,46,83278,48336,1.3183680419909647,8,3,21065,19821,13907,7020,14878,23093,49112,38834,27063,16450,889,62,360,3631,14233,19856,4731,21,174,18589,8458,1,19,15,18814,362,142,9474
1006,2673,1006.2552550651285,99831,21,14,121,46,83281,48337,1.3184081097054021,9,3,21060,19842,13808,6973,14980,23121,49112,38834,27153,16589,889,62,359,3631,14174,19918,4731,21,174,18477,8427,1,18,16,18923,363,143,9504
1007,2673,1007.371525047555,99831,25,14,121,46,83285,48337,1.3184481774198396,10,4,21068,19894,13727,6920,15048,23121,49112,38834,27241,16726,889,62,356,3631,14112,19980,4731,21,172,18380,8391,1,18,16,19020,366,145,9540
1008,2673,1008.1936720780417,99831,26,12,121,46,83289,48337,1.318488245134277,7,5,21090,19927,13637,6879,15118,23130,49112,38834,27328,16862,889,62,356,3630,14057,20040,4731,21,171,18279,8353,1,18,16,19117,366,146,9578
1009,2673,1009.137143914079,99831,22,13,121,46,83290,48340,1.3185283128487144,11,3,21104,19945,13525,6842,15216,23150,49112,38834,27413,16996,889,62,355,3631,14003,20099,4730,21,171,18176,8316,1,17,17,19215,367,147,9614
1010,2673,1010.016712775253,99831,20,14,121,46,83291,48342,1.3185583636345424,12,4,21122,20012,13432,6789,15292,23134,49112,38834,27497,17128,889,62,354,3632,13933,20172,4729,21,171,18083,8283,1,17,17,19305,368,147,9647
1011,2673,1011.0664876611162,99831,20,14,121,46,83292,48343,1.318578397491761,11,3,21118,20043,13354,6749,15375,23144,49112,38834,27579,17259,889,62,353,3632,13873,20234,4729,21,170,17987,8249,1,17,17,19399,369,148,9681
1012,2673,1012.0259183804488,99831,20,13,121,46,83298,48345,1.318658532920636,11,4,21178,20128,13235,6700,15434,23108,49112,38834,27660,17388,889,62,353,3632,13797,20314,4729,21,172,17911,8213,1,17,17,19471,369,149,9714
1013,2673,1013.1086822344071,99831,20,12,121,46,83299,48346,1.3186785667778547,12,3,21165,20159,13160,6663,15521,23116,49112,38834,27740,17515,889,62,351,3632,13752,20361,4729,21,172,17822,8170,1,17,17,19558,371,150,9756
1014,2673,1014.3336927329464,99831,18,8,121,46,83301,48346,1.3186986006350734,15,5,21197,20234,13068,6613,15580,23093,49112,38834,27818,17640,888,62,348,3632,13691,20424,4729,22,170,17746,8135,1,17,17,19632,374,154,9789
1015,2673,1015.0834854715321,99831,19,7,121,46,83305,48346,1.3187386683495106,10,5,21200,20251,12991,6574,15658,23116,49112,38834,27895,17764,888,62,347,3631,13634,20483,4729,22,171,17662,8100,1,17,17,19715,375,154,9823
1016,2673,1016.0770169633272,99831,17,6,121,46,83306,48346,1.31874868527812,10,5,21241,20325,12903,6525,15707,23092,49112,38834,27971,17886,888,62,344,3632,13577,20541,4728,22,171,17577,8071,1,17,17,19799,378,155,9851
1017,2673,1017.1318055173816,99831,23,8,121,46,83312,48348,1.318828820706995,6,4,21253,20374,12818,6485,15778,23082,49112,38834,28045,18006,888,62,343,3632,13518,20600,4728,22,170,17494,8049,1,16,18,19882,379,156,9873
1018,2673,1018.1631492142374,99831,16,8,121,46,83312,48350,1.3188488545642134,9,3,21256,20418,12745,6450,15852,23074,49112,38834,28118,18125,888,62,343,3632,13462,20661,4727,22,171,17415,8012,1,16,18,19958,378,157,9908
1019,2673,1019.110973438732,99831,19,7,121,46,83315,48350,1.3188789053500416,7,4,21283,20463,12659,6416,15910,23063,49112,38834,28190,18242,888,62,343,3632,13414,20710,4727,22,170,17333,7971,1,16,18,20039,378,158,9949
1020,2673,1020.0363915697802,99831,18,7,121,46,83317,48352,1.318918973064479,7,3,21308,20487,12570,6384,15975,23072,49112,38834,28260,18357,888,62,342,3633,13356,20771,4726,22,170,17269,7930,1,16,18,20100,379,158,9990
1021,2673,1021.1573547381873,99831,18,8,121,46,83320,48353,1.3189590407789165,7,3,21364,20549,12482,6341,16007,23052,49112,38834,28329,18471,887,62,339,3634,13304,20823,4725,23,170,17182,7900,1,16,18,20187,382,158,10020
1022,2673,1022.1100971754186,99831,22,8,121,46,83324,48353,1.3189991084933537,10,4,21408,20625,12396,6304,16042,23012,49112,38834,28397,18583,887,62,338,3634,13250,20877,4725,23,169,17113,7861,1,16,18,20256,383,159,10059
1023,2673,1023.061949361465,99831,18,7,121,46,83324,48354,1.3190091254219631,12,4,21395,20649,12333,6276,16120,23017,49112,38834,28464,18693,887,62,338,3634,13191,20939,4725,23,171,17036,7835,1,16,18,20330,383,159,10083
1024,2673,1024.089147359199,99831,15,7,121,46,83326,48356,1.3190491931364006,12,2,21446,20723,12244,6232,16161,22989,49112,38834,28530,18802,886,62,336,3634,13141,20992,4724,24,171,16961,7810,1,15,19,20403,385,160,10107
1025,2673,1025.074123694342,99831,17,8,121,46,83331,48357,1.3191092947080567,7,2,21498,20788,12144,6189,16212,22966,49112,38834,28595,18909,886,62,335,3635,13086,21049,4723,24,171,16884,7785,1,15,19,20478,386,160,10132
1026,2673,1026.2945588967068,99831,20,6,121,46,83334,48357,1.3191393454938847,6,4,21571,20884,12046,6134,16235,22925,49112,38834,28659,19015,886,62,334,3635,13041,21094,4723,24,171,16814,7755,1,15,19,20548,387,162,10160
1027,2673,1027.1766604172963,99831,20,5,121,46,83334,48357,1.3191393454938847,7,5,21562,20892,11999,6108,16290,22943,49112,38834,28721,19119,886,62,334,3635,12994,21142,4723,24,170,16744,7726,1,15,19,20617,387,163,10189
1028,2673,1028.0419153276644,99831,19,6,121,46,83335,48358,1.3191593793511034,8,5,21593,20927,11916,6074,16342,22941,49112,38834,28782,19222,886,62,333,3635,12947,21190,4722,24,170,16673,7699,1,15,19,20688,388,163,10216
1029,2673,1029.424558671024,99831,20,5,121,46,83337,48360,1.3191994470655408,8,4,21673,21016,11816,6036,16361,22892,49112,38834,28842,19323,886,62,333,3635,12901,21238,4722,24,169,16603,7673,1,15,19,20756,388,166,10240
1030,2673,1030.044354727072,99831,21,5,121,46,83339,48360,1.3192194809227595,8,5,21681,21029,11754,6011,16414,22903,49112,38834,28901,19422,886,62,332,3634,12855,21285,4722,24,169,16538,7645,1,15,19,20821,389,166,10268
1031,2673,1031.3168722140663,99831,16,7,121,46,83342,48363,1.3192795824944155,5,6,21767,21156,11666,5953,16424,22831,49112,38834,28959,19520,886,62,331,3634,12815,21329,4721,24,170,16469,7614,1,15,19,20887,390,168,10296
1032,2673,1032.0071006608543,99831,16,9,121,46,83343,48365,1.3193096332802436,5,6,21770,21182,11604,5913,16483,22843,49112,38834,29016,19616,886,62,330,3633,12768,21377,4721,24,170,16408,7591,1,15,19,20948,391,168,10319
1033,2673,1033.0014565804581,99831,16,12,121,46,83346,48368,1.3193697348518998,3,3,21795,21217,11541,5886,16523,22835,49112,38834,29072,19711,886,62,327,3633,12729,21417,4721,24,170,16344,7569,1,15,19,21011,394,169,10340
1034,2673,1034.1157066964267,99831,16,11,121,46,83348,48369,1.3193997856377278,4,4,21842,21279,11465,5852,16551,22807,49112,38834,29127,19805,886,62,327,3633,12685,21463,4721,24,170,16269,7551,1,15,19,21084,394,170,10357
1035,2673,1035.1339508238304,99831,14,11,121,46,83349,48369,1.3194098025663372,7,4,21904,21353,11392,5814,16561,22771,49112,38834,29182,19897,886,62,326,3633,12642,21507,4721,24,171,16213,7523,1,14,20,21139,395,170,10384
1036,2673,1036.1234252917532,99831,14,12,121,46,83352,48372,1.3194699041379931,7,4,21941,21413,11332,5782,16584,22742,49112,38834,29236,19988,886,62,326,3632,12601,21549,4721,24,171,16154,7491,1,14,20,21198,395,172,10414
1037,2673,1037.1651576887627,99831,13,10,121,46,83354,48372,1.3194899379952119,7,5,21978,21461,11256,5745,16624,22732,49112,38834,29289,20077,886,62,325,3632,12559,21593,4721,24,169,16092,7471,1,14,20,21258,396,176,10432
1038,2673,1038.0105456643075,99831,11,8,121,46,83355,48373,1.3195099718524306,7,5,21986,21515,11212,5716,16662,22709,49112,38834,29341,20165,885,62,324,3632,12512,21642,4721,25,169,16042,7445,1,14,20,21306,397,177,10457
1039,2673,1039.2460273463125,99831,14,7,121,46,83358,48373,1.3195400226382588,7,5,22071,21634,11113,5680,16673,22627,49112,38834,29392,20252,885,62,323,3632,12470,21684,4721,25,168,15989,7418,1,14,20,21359,398,178,10484
1040,2673,1040.0709156365526,99831,13,7,121,46,83358,48373,1.3195400226382588,9,5,22074,21658,11061,5651,16721,22632,49112,38834,29442,20337,885,62,323,3633,12426,21728,4720,25,166,15938,7398,1,14,20,21410,398,180,10504
1041,2673,1041.0773075280108,99831,14,7,121,46,83362,48375,1.3196001242099147,7,3,22103,21699,11002,5626,16752,22618,49112,38834,29491,20421,885,62,322,3633,12390,21768,4720,25,165,15879,7376,1,14,20,21465,399,182,10525
1042,2673,1042.0749555316154,99831,14,8,121,46,83364,48376,1.3196301749957429,8,3,22146,21775,10943,5594,16767,22573,49112,38834,29539,20504,884,62,322,3633,12357,21801,4720,26,165,15822,7350,1,14,20,21522,399,183,10550
1043,2673,1043.3667996566028,99831,14,3,121,46,83366,48377,1.3196602257815708,6,3,22184,21835,10888,5564,16786,22548,49112,38834,29587,20585,884,61,321,3635,12322,21837,4719,26,166,15771,7318,1,14,20,21572,400,185,10579
1044,2673,1044.0192196203554,99831,14,3,121,46,83367,48377,1.3196702427101803,6,4,22198,21884,10835,5528,16825,22534,49112,38834,29634,20665,884,61,321,3635,12289,21870,4719,26,165,15709,7300,1,14,20,21634,400,186,10597
1045,2673,1045.3348084356633,99831,15,3,121,46,83369,48377,1.319690276567399,5,5,22277,22018,10761,5480,16820,22447,49112,38834,29680,20744,884,61,320,3634,12251,21909,4719,26,164,15660,7280,1,14,20,21683,401,187,10617
1046,2673,1046.030732140357,99831,16,4,121,46,83370,48378,1.3197103104246175,4,4,22289,22057,10718,5452,16851,22436,49112,38834,29725,20821,884,61,318,3634,12214,21946,4719,26,164,15607,7262,1,14,20,21736,403,187,10635
1047,2673,1047.0007975809394,99831,15,4,121,46,83371,48379,1.3197303442818362,5,3,22284,22074,10679,5436,16895,22436,49112,38834,29770,20897,884,61,317,3635,12185,21975,4718,26,164,15554,7243,1,14,20,21789,404,189,10652
1048,2673,1048.11443546935,99831,13,5,121,46,83374,48381,1.3197804289248831,3,2,22352,22169,10613,5392,16897,22385,49112,38834,29814,20972,884,61,315,3635,12150,22012,4718,26,165,15500,7223,1,14,20,21841,406,190,10670
1049,2673,1049.3484748686571,99831,14,3,121,46,83375,48381,1.3197904458534924,3,3,22465,22270,10530,5361,16866,22316,49112,38834,29857,21046,884,61,312,3635,12113,22051,4718,26,165,15460,7199,1,14,20,21879,409,190,10694
1050,2673,1050.3556978631932,99831,13,4,121,46,83375,48382,1.3198004627821018,4,2,22489,22313,10479,5335,16893,22299,49112,38834,29900,21119,884,61,310,3635,12072,22093,4718,26,165,15421,7180,1,14,20,21917,411,190,10713
1051,2673,1051.0035736590164,99831,14,3,121,46,83376,48382,1.319810479710711,3,3,22510,22351,10432,5314,16919,22282,49112,38834,29942,21190,884,61,309,3635,12032,22133,4718,26,166,15381,7159,1,14,20,21957,412,190,10733
1052,2673,1052.2213761554387,99831,11,4,121,46,83378,48383,1.319840530496539,3,3,22548,22409,10379,5292,16937,22245,49112,38834,29983,21260,884,61,308,3636,12002,22165,4717,26,166,15329,7144,1,14,20,22007,413,191,10747
1053,2673,1053.074052872041,99831,7,5,121,46,83380,48385,1.3198805982109765,2,2,22588,22478,10330,5268,16951,22200,49112,38834,30024,21329,884,61,307,3637,11970,22199,4716,26,167,15290,7121,1,14,20,22044,414,192,10768
1054,2673,1054.2935110130238,99831,6,4,121,46,83381,48386,1.3199006320681952,3,2,22660,22577,10264,5234,16945,22136,49112,38834,30064,21397,884,61,307,3637,11937,22235,4716,26,168,15249,7102,1,14,20,22082,414,192,10786
1055,2673,1055.0366819980673,99831,6,4,121,46,83382,48386,1.3199106489968047,3,2,22689,22612,10217,5214,16963,22121,49112,38834,30103,21464,884,61,306,3637,11905,22267,4716,26,168,15208,7084,1,14,20,22123,415,192,10804
1056,2673,1056.3916803069412,99831,7,5,121,46,83384,48388,1.319950716711242,2,0,22769,22675,10153,5191,16947,22082,49112,38834,30142,21530,884,61,305,3637,11877,22296,4716,26,167,15163,7065,1,14,20,22167,416,193,10823
1057,2673,1057.2892951847734,99831,5,5,121,46,83385,48388,1.3199607336398513,2,0,22808,22742,10109,5163,16954,22043,49112,38834,30180,21595,883,61,304,3637,11846,22327,4716,27,167,15129,7043,1,14,20,22201,417,193,10845
1058,2673,1058.0667330685633,99831,2,2,121,46,83385,48388,1.3199607336398513,2,0,22848,22812,10055,5143,16971,21996,49112,38834,30217,21659,883,61,304,3637,11816,22360,4716,27,169,15080,7026,1,14,20,22247,417,193,10860
1059,2673,1059.0701673436085,99831,2,1,121,46,83386,48388,1.3199707505684608,0,0,22882,22850,10012,5129,16982,21973,49112,38834,30254,21722,883,61,302,3637,11791,22387,4716,27,168,15043,7013,1,14,20,22282,419,194,10873
1060,2673,1060.3177184479316,99831,2,0,121,46,83386,48388,1.3199707505684608,0,0,22926,22911,9965,5107,16985,21935,49112,38834,30290,21784,883,61,302,3637,11755,22424,4716,27,167,14999,7003,1,14,20,22325,419,195,10883
1061,2673,1061.317885959807,99831,1,0,121,46,83386,48388,1.3199707505684608,0,0,22990,23001,9911,5077,16976,21875,49112,38834,30326,21845,883,61,302,3637,11726,22453,4716,27,165,14961,6987,1,14,20,22363,419,197,10899
1062,2673,1062.1112436316216,99831,1,0,121,46,83386,48388,1.3199707505684608,0,0,23028,23056,9856,5046,16993,21851,49112,38834,30361,21905,883,61,300,3637,11699,22480,4716,27,165,14920,6976,1,14,20,22404,421,197,10910
1063,2673,1063.3511416904173,99831,1,0,121,46,83386,48388,1.3199707505684608,0,0,23099,23162,9794,5007,16984,21784,49112,38834,30396,21964,883,61,299,3637,11666,22513,4716,27,165,14887,6958,1,14,20,22437,422,197,10928
1064,2673,1064.1756440800566,99831,1,0,121,46,83386,48388,1.3199707505684608,0,0,23122,23206,9754,4989,17001,21758,49112,38834,30430,22022,883,61,297,3637,11646,22533,4716,27,165,14847,6937,1,14,20,22477,424,197,10949
1065,2673,1065.3885480279841,99831,0,0,121,46,83386,48388,1.3199707505684608,0,0,23195,23313,9707,4952,16976,21688,49112,38834,30463,22079,883,61,296,3637,11622,22557,4716,27,164,14808,6928,1,14,20,22516,425,198,10958
1066,2673,1066.2097138713445,99831,0,0,121,46,83386,48388,1.3199707505684608,0,0,23238,23369,9655,4924,16985,21660,49112,38834,30496,22135,883,61,296,3637,11598,22581,4716,27,162,14770,6909,1,14,20,22554,425,200,10977
1067,2673,1067.0294818745574,99831,0,0,121,46,83386,48388,1.3199707505684608,0,0,23284,23429,9601,4896,16993,21628,49112,38834,30528,22190,883,61,295,3637,11571,22608,4716,27,162,14733,6893,1,14,20,22591,426,200,10993
1068,2673,1068.2560862588934,99831,0,0,121,46,83386,48388,1.3199707505684608,0,0,23359,23508,9544,4876,16975,21569,49112,38834,30560,22244,883,61,292,3637,11552,22627,4716,27,161,14696,6878,1,14,20,22628,429,201,11008
1069,2673,1069.0715671978894,99831,0,0,121,46,83386,48388,1.3199707505684608,0,0,23394,23564,9504,4859,16980,21530,49112,38834,30591,22297,883,61,292,3637,11523,22656,4716,27,160,14668,6865,1,14,20,22656,429,202,11021
1070,2673,1070.2923293594372,99831,0,0,121,46,83386,48388,1.3199707505684608,0,0,23456,23660,9459,4829,16963,21464,49112,38834,30622,22349,883,61,290,3637,11497,22682,4716,27,160,14632,6854,1,14,20,22692,431,202,11032
1071,2673,1071.104155877147,99831,0,0,121,46,83386,48388,1.3199707505684608,0,0,23497,23713,9418,4809,16963,21431,49112,38834,30653,22401,883,61,290,3637,11469,22710,4716,27,158,14606,6836,1,14,20,22718,431,204,11050
1072,2673,1072.3194238076303,99831,0,0,121,46,83386,48388,1.3199707505684608,0,0,23573,23795,9357,4785,16948,21373,49112,38834,30683,22452,883,61,290,3637,11443,22736,4716,27,157,14572,6821,1,14,20,22752,431,205,11065
1073,2673,1073.1275256062138,99831,0,0,121,46,83386,48388,1.3199707505684608,0,0,23615,23856,9318,4760,16945,21337,49112,38834,30713,22502,883,61,290,3637,11420,22759,4716,27,157,14537,6806,1,14,20,22787,431,205,11080
1074,2673,1074.3368193973567,99831,0,0,121,46,83386,48388,1.3199707505684608,0,0,23688,23935,9267,4736,16923,21282,49112,38834,30742,22551,883,61,289,3637,11401,22778,4716,27,157,14511,6789,1,14,20,22813,432,205,11097
1075,2673,1075.140805845434,99831,0,0,121,46,83386,48388,1.3199707505684608,0,0,23744,23975,9225,4717,16909,21261,49112,38834,30771,22599,883,61,287,3637,11379,22800,4716,27,157,14478,6777,1,14,20,22846,434,205,11109
1076,2673,1076.3437788426886,99831,0,0,121,46,83386,48388,1.3199707505684608,0,0,23826,24061,9177,4685,16875,21207,49112,38834,30799,22647,883,61,287,3637,11357,22822,4716,27,156,14443,6770,1,14,20,22881,434,206,11116
1077,2673,1077.1432048482886,99831,0,0,121,46,83386,48388,1.3199707505684608,0,0,23863,24106,9134,4665,16881,21182,49112,38834,30827,22694,883,61,287,3637,11330,22849,4716,27,155,14415,6759,1,14,20,22909,434,207,11127
1078,2673,1078.3398717461923,99831,0,0,121,46,83386,48388,1.3199707505684608,0,0,23927,24189,9089,4642,16862,21122,49112,38834,30854,22740,883,61,285,3637,11312,22867,4716,27,154,14385,6745,1,14,20,22939,436,208,11141
1079,2673,1079.135835480681,99831,0,0,121,46,83386,48388,1.3199707505684608,0,0,23962,24241,9059,4624,16857,21088,49112,38834,30881,22785,883,61,285,3637,11292,22887,4716,27,154,14347,6735,1,14,20,22977,436,208,11151
1080,2673,1080.3275872675158,99831,0,0,121,46,83386,48388,1.3199707505684608,0,0,24047,24324,8995,4605,16836,21024,49112,38834,30908,22830,883,61,284,3637,11271,22908,4716,27,154,14318,6723,1,14,20,23006,437,208,11163
1081,2673,1081.1197722323875,99831,0,0,121,46,83386,48388,1.3199707505684608,0,0,24088,24356,8954,4594,16836,21003,49112,38834,30934,22874,883,61,282,3637,11245,22934,4716,27,154,14293,6713,1,14,20,23031,439,208,11173
1082,2673,1082.3053679136697,99831,0,0,121,46,83386,48388,1.3199707505684608,0,0,24157,24443,8906,4557,16815,20953,49112,38834,30960,22917,883,61,281,3637,11226,22953,4716,27,154,14262,6700,1,14,20,23062,440,208,11186
1083,2673,1083.0937120721483,99831,0,0,121,46,83386,48388,1.3199707505684608,0,0,24199,24489,8871,4545,16808,20919,49112,38834,30986,22959,883,61,281,3637,11197,22982,4716,27,154,14245,6686,1,13,21,23079,440,208,11200
1084,2673,1084.2738813640487,99831,0,0,121,46,83386,48388,1.3199707505684608,0,0,24280,24548,8820,4528,16778,20877,49112,38834,31011,23001,883,61,280,3637,11179,23000,4716,27,153,14217,6673,1,13,21,23107,441,209,11213
1085,2673,1085.0585837722535,99831,0,0,121,46,83386,48388,1.3199707505684608,0,0,24337,24599,8773,4509,16768,20845,49112,38834,31036,23042,883,61,280,3637,11156,23023,4716,27,153,14186,6665,1,13,21,23138,441,209,11221
1086,2673,1086.2320725582558,99831,0,0,121,46,83386,48388,1.3199707505684608,0,0,24400,24697,8718,4477,16760,20779,49112,38834,31060,23082,883,61,280,3637,11138,23041,4716,27,153,14160,6652,1,13,21,23164,441,209,11234
1087,2673,1087.0126052776366,99831,0,0,121,46,83386,48388,1.3199707505684608,0,0,24448,24754,8681,4462,16749,20737,49112,38834,31084,23122,883,61,279,3637,11119,23060,4716,27,152,14134,6641,1,13,21,23190,442,210,11245
1088,2673,1088.1807925339604,99831,0,0,121,46,83386,48388,1.3199707505684608,0,0,24523,24817,8624,4440,16731,20696,49112,38834,31108,23161,883,61,279,3637,11104,23075,4716,27,152,14112,6626,1,13,21,23212,442,210,11260
1089,2673,1089.345198219901,99831,0,0,121,46,83386,48388,1.3199707505684608,0,0,24616,24907,8574,4410,16688,20636,49112,38834,31131,23200,883,61,279,3637,11087,23092,4716,27,150,14089,6612,1,13,21,23235,442,212,11274
1090,2673,1090.1190631960733,99831,0,0,121,46,83386,48388,1.3199707505684608,0,0,24665,24945,8530,4394,16683,20614,49112,38834,31154,23238,883,61,278,3637,11063,23116,4716,27,150,14066,6606,1,13,21,23258,443,212,11280
1091,2673,1091.2771992983862,99831,0,0,121,46,83386,48388,1.3199707505684608,0,0,24726,25042,8491,4371,16661,20540,49112,38834,31177,23275,883,61,277,3637,11042,23137,4716,27,150,14038,6601,1,13,21,23286,444,212,11285
1092,2673,1092.0475695977582,99831,0,0,121,46,83386,48388,1.3199707505684608,0,0,24766,25086,8454,4355,16658,20512,49112,38834,31199,23312,883,61,276,3637,11024,23155,4716,27,150,14014,6592,1,13,21,23310,445,212,11294
1093,2673,1093.2008522497165,99831,0,0,121,46,83386,48388,1.3199707505684608,0,0,24824,25163,8420,4331,16634,20459,49112,38834,31221,23348,883,61,276,3637,11008,23171,4716,27,149,13996,6578,1,13,21,23328,445,213,11308
1094,2673,1094.351344297465,99831,0,0,121,46,83386,48388,1.3199707505684608,0,0,24887,25249,8378,4303,16613,20401,49112,38834,31243,23384,883,61,275,3637,10990,23189,4716,27,147,13977,6568,1,13,21,23347,446,215,11318
