,indexID,time,N,Inf_L,Inf_H,Dead_L,Dead_H,cum_cases_L,cum_cases_H,cum_sum_per_N,Exposed_L,Exposed_H,Sus_L,Sus_H,Rec_nat_L,Rec_nat_H,Rec_vax_L,Rec_vax_H,vaccinatedH,vaccinatedL,boostedH,boostedL,count_Naive,count_Delta,count_Delta_vaccine,count_two,count_three,count_four,count_Omicron,count_Omicron_star,count_Omicron_star_vaccine,count_Omicron_vaccine,count_Vaccine,count_WT,count_WT_vaccine,count_WT_vaccine_boost,count_Omicron_vaccine_boost,count_Delta_vaccine_boost,count_Omicron_star_vaccine_boost,count_Vaccine_boost
0,1439,1.0276273230455608,99996,6,9,0,0,7,10,0.00017000680027201088,19,16,49972,49972,1,1,0,0,0,0,0,0,99994,0,0,0,0,0,0,0,0,0,0,2,0,0,0,0,0,0
1,1439,2.0616464176905818,99996,10,14,0,0,11,16,0.00027001080043201727,17,13,49970,49969,1,2,0,0,0,0,0,0,99993,0,0,0,0,0,0,0,0,0,0,3,0,0,0,0,0,0
2,1439,3.069347296314892,99996,12,13,0,0,15,18,0.0003300132005280211,18,12,49965,49968,3,5,0,0,0,0,0,0,99988,0,0,0,0,0,0,0,0,0,0,8,0,0,0,0,0,0
3,1439,4.061378933481806,99995,19,14,1,0,25,22,0.0004700235011750588,12,9,49961,49967,5,8,0,0,0,0,0,0,99982,0,0,0,0,0,0,0,0,0,0,13,0,0,0,0,0,0
4,1439,5.031113312990803,99995,18,14,1,0,26,25,0.0005100255012750638,13,6,49959,49967,7,11,0,0,0,0,0,0,99977,0,0,0,0,0,0,0,0,0,0,18,0,0,0,0,0,0
5,1439,6.006709400416862,99995,21,14,1,0,32,25,0.0005700285014250713,11,8,49955,49965,10,11,0,0,0,0,0,0,99974,0,0,0,0,0,0,0,0,0,0,21,0,0,0,0,0,0
6,1439,7.031705708937252,99995,22,14,1,0,34,26,0.000600030001500075,13,7,49951,49965,11,12,0,0,0,0,0,0,99972,0,0,0,0,0,0,0,0,0,0,23,0,0,0,0,0,0
7,1439,8.014993199203992,99995,23,13,1,0,36,29,0.0006500325016250812,12,5,49950,49964,12,16,0,0,0,0,0,0,99967,0,0,0,0,0,0,0,0,0,0,28,0,0,0,0,0,0
8,1439,9.058569129146127,99995,22,13,1,0,40,30,0.0007000350017500875,12,8,49946,49960,17,17,0,0,0,0,0,0,99961,0,0,0,0,0,0,0,0,0,0,34,0,0,0,0,0,0
9,1439,10.03617741010921,99994,21,13,2,0,42,31,0.0007300438026281577,18,7,49938,49960,19,18,0,0,0,0,0,0,99957,0,0,0,0,0,0,0,0,0,0,37,0,0,0,0,0,0
10,1439,11.310625190785329,99994,26,12,2,0,50,33,0.0008300498029881793,14,7,49934,49958,22,21,0,0,0,0,0,0,99951,0,0,0,0,0,0,0,0,0,0,43,0,0,0,0,0,0
11,1439,12.103691267079718,99994,25,11,2,0,53,33,0.0008600516030961858,12,11,49933,49954,26,22,0,0,0,0,0,0,99946,0,0,0,0,0,0,0,0,0,0,48,0,0,0,0,0,0
12,1439,13.099198554074814,99994,29,14,2,0,59,37,0.0009600576034562074,11,8,49928,49953,28,23,0,0,0,0,0,0,99943,0,0,0,0,0,0,0,0,0,0,51,0,0,0,0,0,0
13,1439,14.190588645950585,99994,31,14,2,0,63,39,0.0010200612036722204,12,8,49923,49951,30,25,0,0,0,0,0,0,99939,0,0,0,0,0,0,0,0,0,0,55,0,0,0,0,0,0
14,1439,15.027650791040374,99994,34,14,2,0,70,42,0.001120067204032242,11,7,49917,49949,34,28,0,0,0,0,0,0,99932,0,0,0,0,0,0,0,0,0,0,62,0,0,0,0,0,0
15,1439,16.082028254194,99994,33,13,2,0,74,45,0.0011900714042842571,12,9,49912,49944,39,32,0,0,0,0,0,0,99923,0,0,0,0,0,0,0,0,0,0,71,0,0,0,0,0,0
16,1439,17.13790469303953,99994,31,17,2,0,77,50,0.0012700762045722742,15,7,49906,49941,44,33,0,0,0,0,0,0,99917,0,0,0,0,0,0,0,0,0,0,77,0,0,0,0,0,0
17,1439,18.204445013634214,99994,27,14,2,0,81,53,0.0013400804048242895,19,6,49898,49939,52,39,0,0,0,0,0,0,99903,0,0,0,0,0,0,0,0,0,0,91,0,0,0,0,0,0
18,1439,19.1328725564385,99994,29,14,2,0,85,54,0.0013900834050043004,19,7,49894,49937,54,40,0,0,0,0,0,0,99900,0,0,0,0,0,0,0,0,0,0,94,0,0,0,0,0,0
19,1439,20.00820045138107,99994,31,13,2,0,91,56,0.0014700882052923175,16,6,49891,49937,58,42,0,0,0,0,0,0,99893,0,0,0,0,0,0,0,0,0,0,101,0,0,0,0,0,0
20,1439,21.13249823526096,99994,34,12,2,0,96,57,0.0015300918055083305,20,7,49882,49935,60,44,0,0,0,0,0,0,99889,0,0,0,0,0,0,0,0,0,0,105,0,0,0,0,0,0
21,1439,22.109539609402635,99994,32,13,2,0,101,59,0.0016000960057603456,22,8,49875,49932,67,45,0,0,0,0,0,0,99881,0,0,0,0,0,0,0,0,0,0,113,0,0,0,0,0,0
22,1439,23.050184618224424,99994,35,13,2,0,108,62,0.0017001020061203672,19,10,49871,49927,71,48,0,0,0,0,0,0,99874,0,0,0,0,0,0,0,0,0,0,120,0,0,0,0,0,0
23,1439,24.079741049743117,99994,38,15,2,0,114,65,0.0017901074064443866,17,8,49867,49927,74,48,0,0,0,0,0,0,99870,0,0,0,0,0,0,0,0,0,0,124,0,0,0,0,0,0
24,1439,25.19057866241081,99994,35,17,2,0,119,68,0.001870112206732404,19,5,49860,49927,82,49,0,0,0,0,0,0,99861,0,0,0,0,0,0,0,0,0,0,133,0,0,0,0,0,0
25,1439,26.002099811233276,99994,36,13,2,0,123,68,0.0019101146068764125,19,6,49857,49926,84,53,0,0,0,0,0,0,99854,0,0,0,0,0,0,0,0,0,0,140,0,0,0,0,0,0
26,1439,27.19861947446884,99994,38,11,2,0,132,69,0.002010120607236434,14,11,49853,49920,91,56,0,0,0,0,0,0,99844,0,0,0,0,0,0,0,0,0,0,150,0,0,0,0,0,0
27,1439,28.07188660751811,99994,32,10,2,0,132,70,0.0020201212072724363,19,13,49848,49917,97,58,0,0,0,0,0,0,99836,0,0,0,0,0,0,0,0,0,0,158,0,0,0,0,0,0
28,1439,29.18934995582839,99994,30,10,2,0,136,72,0.0020801248074884494,19,13,49844,49915,103,60,0,0,0,0,0,0,99828,0,0,0,0,0,0,0,0,0,0,166,0,0,0,0,0,0
29,1439,30.027790271799834,99994,36,14,2,0,143,76,0.0021901314078844733,18,10,49839,49914,103,60,0,0,0,0,0,0,99827,0,0,0,0,0,0,0,0,0,0,167,0,0,0,0,0,0
30,1439,31.07198612077457,99994,36,15,2,0,147,78,0.002250135008100486,17,9,49836,49913,107,61,0,0,0,0,0,0,99822,0,0,0,0,0,0,0,0,0,0,172,0,0,0,0,0,0
31,1439,32.07250916223369,99994,32,15,2,0,149,80,0.002290137408244495,18,9,49833,49911,113,63,0,0,0,0,0,0,99814,0,0,0,0,0,0,0,0,0,0,180,0,0,0,0,0,0
32,1439,33.03981856295533,99994,33,18,2,0,152,83,0.0023501410084605075,19,7,49829,49910,115,63,0,0,0,0,0,0,99812,0,0,0,0,0,0,0,0,0,0,182,0,0,0,0,0,0
33,1439,34.16628579576885,99994,32,19,2,0,159,86,0.002450147008820529,18,5,49823,49910,123,64,0,0,0,0,0,0,99802,0,0,0,0,0,0,0,0,0,0,192,0,0,0,0,0,0
34,1439,35.07030128327704,99994,32,16,2,0,162,87,0.0024901494089645377,26,6,49813,49909,125,67,0,0,0,0,0,0,99795,0,0,0,0,0,0,0,0,0,0,199,0,0,0,0,0,0
35,1439,36.00246263675936,99994,33,17,2,0,167,89,0.002560153609216553,26,6,49808,49907,129,68,0,0,0,0,0,0,99790,0,0,0,0,0,0,0,0,0,0,204,0,0,0,0,0,0
36,1439,37.016537444723,99994,32,19,2,0,169,92,0.002610156609396564,30,6,49802,49904,132,69,0,0,0,0,0,0,99786,0,0,0,0,0,0,0,0,0,0,208,0,0,0,0,0,0
37,1439,38.05900297403796,99994,39,18,2,0,178,94,0.0027201632097925877,25,5,49798,49903,134,72,0,0,0,0,0,0,99781,0,0,0,0,0,0,0,0,0,0,213,0,0,0,0,0,0
38,1439,39.12051221139066,99994,38,18,2,0,184,95,0.0027901674100446025,22,7,49795,49900,141,73,0,0,0,0,0,0,99773,0,0,0,0,0,0,0,0,0,0,221,0,0,0,0,0,0
39,1439,40.05575740895702,99994,35,17,2,0,188,96,0.0028401704102246133,26,9,49787,49898,148,74,0,0,0,0,0,0,99764,0,0,0,0,0,0,0,0,0,0,230,0,0,0,0,0,0
40,1439,41.324005984039914,99994,32,19,2,0,195,98,0.002930175810548633,22,7,49785,49898,157,74,0,0,0,0,0,0,99754,0,0,0,0,0,0,0,0,0,0,240,0,0,0,0,0,0
41,1439,42.22068944342326,99994,32,16,2,0,201,99,0.003000180010800648,21,7,49780,49898,163,77,0,0,0,0,0,0,99744,0,0,0,0,0,0,0,0,0,0,250,0,0,0,0,0,0
42,1439,43.158521701842936,99993,35,13,2,1,205,99,0.0030402128148970427,25,11,49772,49894,164,79,0,0,0,0,0,0,99740,0,0,0,0,0,0,0,0,0,0,253,0,0,0,0,0,0
43,1439,44.076715990315456,99993,35,13,2,1,212,101,0.003130219115338074,24,13,49767,49890,170,81,0,0,0,0,0,0,99731,0,0,0,0,0,0,0,0,0,0,262,0,0,0,0,0,0
44,1439,45.06125714246597,99993,37,12,2,1,216,101,0.0031702219155340873,23,17,49766,49886,170,82,0,0,0,0,0,0,99728,0,0,0,0,0,0,0,0,0,0,265,0,0,0,0,0,0
45,1439,46.164470436825106,99993,37,16,2,1,219,107,0.0032602282159751184,26,14,49760,49883,173,84,0,0,0,0,0,0,99723,0,0,0,0,0,0,0,0,0,0,270,0,0,0,0,0,0
46,1439,47.16945568896348,99993,39,22,2,1,226,114,0.0034002380166611662,29,10,49752,49882,176,83,0,0,0,0,0,0,99717,0,0,0,0,0,0,0,0,0,0,276,0,0,0,0,0,0
47,1439,48.04286162030732,99993,36,18,2,1,228,115,0.0034302401168081766,32,14,49747,49877,181,88,0,0,0,0,0,0,99707,0,0,0,0,0,0,0,0,0,0,286,0,0,0,0,0,0
48,1439,49.19381246383284,99993,44,15,2,1,240,116,0.0035602492174452213,25,15,49743,49876,184,91,0,0,0,0,0,0,99699,0,0,0,0,0,0,0,0,0,0,294,0,0,0,0,0,0
49,1439,50.19409933971952,99993,40,17,2,1,244,120,0.0036402548178372488,28,15,49738,49872,190,93,0,0,0,0,0,0,99689,0,0,0,0,0,0,0,0,0,0,304,0,0,0,0,0,0
50,1439,51.16358802305898,99993,41,18,2,1,250,122,0.003720260418229276,28,15,49733,49871,194,93,0,0,0,0,0,0,99683,0,0,0,0,0,0,0,0,0,0,310,0,0,0,0,0,0
51,1439,52.2082599487972,99993,42,17,2,1,256,124,0.0038002660186213033,29,20,49727,49864,198,96,0,0,0,0,0,0,99675,0,0,0,0,0,0,0,0,0,0,318,0,0,0,0,0,0
52,1439,53.1978574768337,99993,43,21,2,1,263,130,0.003930275119258348,28,18,49723,49860,202,98,0,0,0,0,0,0,99667,0,0,0,0,0,0,0,0,0,0,326,0,0,0,0,0,0
53,1439,54.17651571194694,99993,48,24,2,1,274,138,0.004120288420189413,23,14,49717,49856,208,103,0,0,0,0,0,0,99656,0,0,0,0,0,0,0,0,0,0,337,0,0,0,0,0,0
54,1439,55.13631314018926,99993,50,22,2,1,281,143,0.004240296820777455,21,12,49713,49854,212,109,0,0,0,0,0,0,99644,0,0,0,0,0,0,0,0,0,0,349,0,0,0,0,0,0
55,1439,56.094003806178584,99993,48,22,2,1,287,145,0.004320302421169482,24,11,49704,49853,220,111,0,0,0,0,0,0,99634,0,0,0,0,0,0,0,0,0,0,359,0,0,0,0,0,0
56,1439,57.06516736095046,99993,48,22,2,1,290,149,0.004390307321512506,25,11,49700,49850,223,114,0,0,0,0,0,0,99627,0,0,0,0,0,0,0,0,0,0,366,0,0,0,0,0,0
57,1439,58.11813540462808,99993,47,20,2,1,296,152,0.004480313621953537,30,10,49690,49848,229,119,0,0,0,0,0,0,99615,0,0,0,0,0,0,0,0,0,0,378,0,0,0,0,0,0
58,1439,59.325345883758104,99993,47,21,2,1,301,154,0.00455031852229656,39,11,49678,49845,232,120,0,0,0,0,0,0,99609,0,0,0,0,0,0,0,0,0,0,384,0,0,0,0,0,0
59,1439,60.23673027401536,99993,55,20,2,1,311,158,0.004690328322982609,39,10,49669,49842,233,125,0,0,0,0,0,0,99602,0,0,0,0,0,0,0,0,0,0,391,0,0,0,0,0,0
60,1439,61.18385853032239,99993,58,18,2,1,321,160,0.00481033672357065,35,12,49664,49839,239,128,0,0,0,0,0,0,99591,0,0,0,0,0,0,0,0,0,0,402,0,0,0,0,0,0
61,1439,62.02504841020356,99993,61,16,2,1,329,163,0.004920344424109688,34,13,49657,49836,244,132,0,0,0,0,0,0,99581,0,0,0,0,0,0,0,0,0,0,412,0,0,0,0,0,0
62,1439,63.23176316031203,99993,64,20,2,1,343,168,0.0051103577250407525,34,12,49643,49834,255,131,0,0,0,0,0,0,99569,0,0,0,0,0,0,0,0,0,0,424,0,0,0,0,0,0
63,1439,64.00519295128936,99993,64,21,2,1,351,172,0.005230366125628794,38,16,49632,49826,262,134,0,0,0,0,0,0,99558,0,0,0,0,0,0,0,0,0,0,435,0,0,0,0,0,0
64,1439,65.05773062429682,99993,63,19,2,1,360,172,0.005320372426069825,36,19,49625,49823,272,136,0,0,0,0,0,0,99546,0,0,0,0,0,0,0,0,0,0,447,0,0,0,0,0,0
65,1439,66.03066949423103,99993,59,20,2,1,366,173,0.005390377326412849,43,23,49612,49819,282,135,0,0,0,0,0,0,99536,0,0,0,0,0,0,0,0,0,0,457,0,0,0,0,0,0
66,1439,67.01779532030412,99993,55,22,2,1,372,175,0.005470382926804876,50,24,49599,49816,292,135,0,0,0,0,0,0,99526,0,0,0,0,0,0,0,0,0,0,467,0,0,0,0,0,0
67,1439,68.00512011376007,99993,69,27,2,1,388,184,0.005720400428029962,41,20,49592,49812,294,138,0,0,0,0,0,0,99520,0,0,0,0,0,0,0,0,0,0,473,0,0,0,0,0,0
68,1439,69.21630681366676,99993,64,28,2,1,396,192,0.005880411628814017,43,17,49582,49808,307,144,0,0,0,0,0,0,99500,0,0,0,0,0,0,0,0,0,0,493,0,0,0,0,0,0
69,1439,70.05293308117272,99992,76,27,3,1,418,196,0.0061404912392991435,31,16,49574,49806,314,148,0,0,0,0,0,0,99485,0,0,0,0,0,0,0,0,0,0,507,0,0,0,0,0,0
70,1439,71.1397275575123,99992,74,26,3,1,429,202,0.006310504840387231,31,20,49564,49797,326,154,0,0,0,0,0,0,99465,0,0,0,0,0,0,0,0,0,0,527,0,0,0,0,0,0
71,1439,72.10585082431008,99992,72,28,3,1,435,208,0.006430514441155292,35,19,49555,49792,333,158,0,0,0,0,0,0,99453,0,0,0,0,0,0,0,0,0,0,539,0,0,0,0,0,0
72,1439,73.10293812661156,99992,68,23,3,1,444,212,0.006560524841987359,39,23,49542,49784,346,167,0,0,0,0,0,0,99431,0,0,0,0,0,0,0,0,0,0,561,0,0,0,0,0,0
73,1439,74.09135165250353,99992,68,27,3,1,454,219,0.0067305384430754464,40,26,49531,49775,356,169,0,0,0,0,0,0,99418,0,0,0,0,0,0,0,0,0,0,574,0,0,0,0,0,0
74,1439,75.0799486491581,99992,71,32,3,1,463,226,0.006890551244099528,41,24,49524,49770,359,171,0,0,0,0,0,0,99410,0,0,0,0,0,0,0,0,0,0,582,0,0,0,0,0,0
75,1439,76.06866163791743,99992,63,30,3,1,471,230,0.00701056084486759,44,23,49515,49767,373,177,0,0,0,0,0,0,99388,0,0,0,0,0,0,0,0,0,0,604,0,0,0,0,0,0
76,1439,77.25925428186792,99991,66,33,4,1,485,237,0.007220649858487264,41,20,49505,49764,382,180,0,0,0,0,0,0,99373,0,0,0,0,0,0,0,0,0,0,618,0,0,0,0,0,0
77,1439,78.02750538271162,99990,66,32,4,2,492,241,0.0073307330733073306,42,16,49498,49765,388,183,0,0,0,0,0,0,99361,0,0,0,0,0,0,0,0,0,0,629,0,0,0,0,0,0
78,1439,79.04869733409764,99990,65,34,4,2,500,248,0.007480748074807481,47,16,49486,49758,396,188,0,0,0,0,0,0,99347,0,0,0,0,0,0,0,0,0,0,643,0,0,0,0,0,0
79,1439,80.12773543894836,99990,66,31,4,2,508,254,0.007620762076207621,54,18,49473,49751,401,196,0,0,0,0,0,0,99331,0,0,0,0,0,0,0,0,0,0,659,0,0,0,0,0,0
80,1439,81.31002955914171,99990,74,32,4,2,526,261,0.00787078707870787,44,13,49466,49749,410,202,0,0,0,0,0,0,99315,0,0,0,0,0,0,0,0,0,0,675,0,0,0,0,0,0
81,1439,82.27887944167213,99990,79,30,4,2,540,263,0.00803080308030803,38,18,49461,49742,416,206,0,0,0,0,0,0,99302,0,0,0,0,0,0,0,0,0,0,688,0,0,0,0,0,0
82,1439,83.00564855016712,99990,78,29,4,2,548,267,0.008150815081508151,35,16,49458,49741,423,210,0,0,0,0,0,0,99288,0,0,0,0,0,0,0,0,0,0,702,0,0,0,0,0,0
83,1439,84.12030569182522,99990,80,29,4,2,561,269,0.0083008300830083,40,19,49442,49737,432,211,0,0,0,0,0,0,99275,0,0,0,0,0,0,0,0,0,0,715,0,0,0,0,0,0
84,1439,85.1745132514652,99990,85,30,4,2,574,272,0.00846084608460846,36,20,49434,49734,439,212,0,0,0,0,0,0,99265,0,0,0,0,0,0,0,0,0,0,725,0,0,0,0,0,0
85,1439,86.18206952022452,99989,80,30,5,2,579,277,0.008560941703587394,39,17,49428,49733,446,216,0,0,0,0,0,0,99250,0,0,0,0,0,0,0,0,0,0,739,0,0,0,0,0,0
86,1439,87.0234982472023,99989,84,33,5,2,592,282,0.008740961505765634,37,19,49418,49726,454,218,0,0,0,0,0,0,99239,0,0,0,0,0,0,0,0,0,0,750,0,0,0,0,0,0
87,1439,88.2139903264001,99989,83,36,5,2,606,293,0.008990989008790968,47,20,49396,49716,467,224,0,0,0,0,0,0,99216,0,0,0,0,0,0,0,0,0,0,773,0,0,0,0,0,0
88,1439,89.06500352064408,99989,83,34,5,2,615,299,0.009141005510606167,49,24,49387,49706,474,232,0,0,0,0,0,0,99199,0,0,0,0,0,0,0,0,0,0,790,0,0,0,0,0,0
89,1439,90.05618777161217,99989,87,39,5,2,628,310,0.009381031913510486,50,21,49376,49699,480,237,0,0,0,0,0,0,99184,0,0,0,0,0,0,0,0,0,0,805,0,0,0,0,0,0
90,1439,91.17839575764427,99989,78,41,5,2,638,316,0.009541049515446699,51,19,49367,49695,497,241,0,0,0,0,0,0,99161,0,0,0,0,0,0,0,0,0,0,828,0,0,0,0,0,0
91,1439,92.05066075871672,99989,81,42,5,2,648,318,0.00966106271689886,61,24,49348,49688,503,242,0,0,0,0,0,0,99153,0,0,0,0,0,0,0,0,0,0,836,0,0,0,0,0,0
92,1439,93.04248696811851,99989,88,43,5,2,667,323,0.009901089119803178,55,26,49336,49681,514,246,0,0,0,0,0,0,99137,0,0,0,0,0,0,0,0,0,0,852,0,0,0,0,0,0
93,1439,94.03453397562622,99989,91,43,5,2,681,327,0.010081108921981418,56,31,49322,49672,524,250,0,0,0,0,0,0,99122,0,0,0,0,0,0,0,0,0,0,867,0,0,0,0,0,0
94,1439,95.02679971833423,99989,97,43,5,2,698,332,0.01030113312464371,54,34,49308,49664,534,255,0,0,0,0,0,0,99106,0,0,0,0,0,0,0,0,0,0,883,0,0,0,0,0,0
95,1439,96.01927909805222,99989,106,44,5,2,718,337,0.010551160627669044,48,35,49296,49660,543,257,0,0,0,0,0,0,99091,0,0,0,0,0,0,0,0,0,0,898,0,0,0,0,0,0
96,1439,97.01198578169893,99989,101,40,5,2,728,342,0.010701177129484244,49,37,49285,49654,558,265,0,0,0,0,0,0,99067,0,0,0,0,0,0,0,0,0,0,922,0,0,0,0,0,0
97,1439,98.00495761947252,99989,99,46,5,2,739,355,0.010941203532388562,50,35,49273,49643,571,272,0,0,0,0,0,0,99047,0,0,0,0,0,0,0,0,0,0,942,0,0,0,0,0,0
98,1439,99.32931940861386,99989,92,51,5,2,758,370,0.011281240936503015,56,27,49252,49637,593,281,0,0,0,0,0,0,99011,0,0,0,0,0,0,0,0,0,0,978,0,0,0,0,0,0
99,1439,100.32293819207533,99989,91,49,5,2,767,378,0.011451259638560241,55,31,49245,49626,602,290,0,0,0,0,0,0,98992,0,0,1,0,0,0,0,0,0,0,996,0,0,0,0,0,0
100,1439,101.31672703535081,99989,90,53,5,2,779,389,0.011681284941343548,54,33,49235,49614,614,296,0,0,0,0,0,0,98972,0,0,1,0,0,0,0,0,0,0,1016,0,0,0,0,0,0
101,1439,102.31072737975497,99989,87,52,5,2,790,394,0.011841302543279761,57,33,49225,49611,624,300,0,0,0,0,0,0,98952,0,0,1,0,0,0,0,0,0,0,1036,0,0,0,0,0,0
102,1439,103.30492901674452,99989,85,55,5,2,801,404,0.01205132564582104,58,34,49215,49600,635,307,0,0,0,0,0,0,98932,0,0,1,0,0,0,0,0,0,0,1056,0,0,0,0,0,0
103,1439,104.29930606178532,99989,89,57,5,2,813,412,0.012251347648241307,61,35,49203,49594,640,310,0,0,0,0,0,0,98918,0,0,1,0,0,0,0,0,0,0,1070,0,0,0,0,0,0
104,1439,105.29382801997443,99989,90,51,5,2,830,418,0.012481372951024612,58,37,49191,49588,654,320,0,0,0,0,0,0,98890,0,0,1,0,0,0,0,0,0,0,1098,0,0,0,0,0,0
105,1439,106.2886162507427,99989,87,52,5,2,840,425,0.012651391653081838,59,38,49184,49581,663,325,0,0,0,0,0,0,98871,0,0,1,0,0,0,0,0,0,0,1117,0,0,0,0,0,0
106,1439,107.28361419100223,99989,95,54,5,2,859,434,0.012931422456470212,60,33,49166,49578,672,331,0,0,0,0,0,0,98853,0,0,1,0,0,0,0,0,0,0,1135,0,0,0,0,0,0
107,1439,108.27886095897946,99988,93,57,5,3,871,443,0.013141576989238709,67,30,49149,49576,684,332,0,0,0,0,0,0,98833,0,0,1,0,0,0,0,0,0,0,1154,0,0,0,0,0,0
108,1439,109.27440010700394,99988,99,62,5,3,888,455,0.01343161179341521,68,24,49135,49571,691,338,0,0,0,0,0,0,98815,0,0,1,0,0,0,0,0,0,0,1172,0,0,0,0,0,0
109,1439,110.27015532349093,99988,103,64,5,3,904,461,0.01365163819658359,65,26,49125,49565,700,340,0,0,0,0,0,0,98799,0,0,1,0,0,0,0,0,0,0,1188,0,0,0,0,0,0
110,1439,111.26611944298321,99988,109,57,5,3,929,465,0.013941673000760092,61,29,49105,49558,718,351,0,0,0,0,0,0,98769,0,0,1,0,0,0,0,0,0,0,1218,0,0,0,0,0,0
111,1439,112.26244043911231,99988,107,55,5,3,949,472,0.014211705404648558,60,28,49091,49552,735,360,0,0,0,0,0,0,98738,0,0,1,0,0,0,0,0,0,0,1249,0,0,0,0,0,0
112,1439,113.25910561258333,99988,97,51,5,3,961,479,0.014401728207384886,65,27,49076,49547,755,370,0,0,0,0,0,0,98705,0,0,1,0,0,0,0,0,0,0,1282,0,0,0,0,0,0
113,1439,114.25613447596717,99988,97,53,5,3,974,487,0.01461175341040925,67,26,49063,49542,766,374,0,0,0,0,0,0,98686,0,0,1,0,0,0,0,0,0,0,1301,0,0,0,0,0,0
114,1439,115.25342930136094,99988,100,61,5,3,996,499,0.014951794215305837,63,24,49047,49535,783,375,0,0,0,0,0,0,98663,0,0,1,0,0,0,0,0,0,0,1324,0,0,0,0,0,0
115,1439,116.25100464369541,99988,111,56,5,3,1018,504,0.015221826619194303,63,29,49031,49526,788,384,0,0,0,0,0,0,98642,0,0,1,0,0,0,0,0,0,0,1345,0,0,0,0,0,0
116,1439,117.24884389105837,99988,122,55,5,3,1040,512,0.015521862623514822,57,29,49017,49519,797,392,0,0,0,0,0,0,98622,0,0,1,0,0,0,0,0,0,0,1365,0,0,0,0,0,0
117,1439,118.24688651769421,99988,126,51,5,3,1055,518,0.015731887826539184,60,28,49002,49516,805,400,0,0,0,0,0,0,98601,0,0,1,0,0,0,0,0,0,0,1386,0,0,0,0,0,0
118,1439,119.24518013905646,99988,115,52,5,3,1067,525,0.015921910629275515,60,31,48991,49508,827,404,0,0,0,0,0,0,98573,0,0,2,0,0,0,0,0,0,0,1413,0,0,0,0,0,0
119,1439,120.24381062324451,99987,118,48,6,3,1087,529,0.016162101073139507,56,37,48979,49499,839,411,0,0,0,0,0,0,98549,0,0,3,0,0,0,0,0,0,0,1435,0,0,0,0,0,0
120,1439,121.24268956409942,99987,115,47,6,3,1103,539,0.016422134877534078,60,33,48961,49495,856,420,0,0,0,0,0,0,98519,0,0,3,0,0,0,0,0,0,0,1465,0,0,0,0,0,0
121,1439,122.24195639841905,99987,111,56,6,3,1119,552,0.016712172582435715,69,27,48938,49490,874,422,0,0,0,0,0,0,98495,0,0,3,0,0,0,0,0,0,0,1489,0,0,0,0,0,0
122,1439,123.24161697303373,99987,112,52,6,3,1135,558,0.0169322011861542,71,29,48923,49485,886,429,0,0,0,0,0,0,98470,0,0,3,0,0,0,0,0,0,0,1514,0,0,0,0,0,0
123,1439,124.24153074285628,99987,119,51,6,3,1156,567,0.017232240191224858,61,28,48915,49480,897,436,0,0,0,0,0,0,98446,0,0,3,0,0,0,0,0,0,0,1538,0,0,0,0,0,0
124,1439,125.2416355916315,99987,126,45,6,3,1180,570,0.017502275295788454,61,29,48897,49478,908,443,0,0,0,0,0,0,98420,0,0,3,0,0,0,0,0,0,0,1564,0,0,0,0,0,0
125,1439,126.24207436732841,99987,124,46,6,3,1195,580,0.017752307800014,62,32,48883,49468,923,449,0,0,0,0,0,0,98394,0,0,3,0,0,0,0,0,0,0,1590,0,0,0,0,0,0
126,1439,127.24279000876275,99987,121,51,6,3,1209,589,0.017982337703901508,61,36,48875,49457,935,451,0,0,0,0,0,0,98373,0,0,3,0,0,0,0,0,0,0,1611,0,0,0,0,0,0
127,1439,128.24369893251117,99987,117,53,6,3,1224,599,0.018232370208127055,71,35,48854,49450,950,457,0,0,0,0,0,0,98346,0,0,3,0,0,0,0,0,0,0,1638,0,0,0,0,0,0
128,1439,129.24494650825966,99987,109,53,6,3,1233,606,0.01839239101083141,75,34,48843,49447,965,461,0,0,0,0,0,0,98322,0,0,3,0,0,0,0,0,0,0,1662,0,0,0,0,0,0
129,1439,130.2464790214882,99987,118,58,6,3,1255,618,0.018732435216578157,79,28,48819,49444,976,465,0,0,0,0,0,0,98302,0,0,3,0,0,0,0,0,0,0,1682,0,0,0,0,0,0
130,1439,131.24836206815647,99987,117,54,6,3,1271,624,0.01895246382029664,71,27,48812,49439,992,475,0,0,0,0,0,0,98275,0,0,3,0,0,0,0,0,0,0,1709,0,0,0,0,0,0
131,1439,132.25050409543488,99986,118,49,7,3,1287,631,0.019182685575980636,74,32,48799,49429,1000,485,0,0,0,0,0,0,98248,0,0,3,0,0,0,0,0,0,0,1735,0,0,0,0,0,0
132,1439,133.2529225878703,99986,124,48,7,3,1311,641,0.01952273318264557,77,29,48773,49426,1017,492,0,0,0,0,0,0,98219,0,0,3,0,0,0,0,0,0,0,1764,0,0,0,0,0,0
133,1439,134.2557233130756,99986,127,45,7,3,1330,648,0.019782769587742284,77,33,48758,49416,1029,501,0,0,0,0,0,0,98193,0,0,3,0,0,0,0,0,0,0,1790,0,0,0,0,0,0
134,1439,135.25882528664098,99986,130,46,7,3,1352,656,0.020082811593623108,71,40,48751,49401,1039,508,0,0,0,0,0,0,98168,0,0,4,0,0,0,0,0,0,0,1814,0,0,0,0,0,0
135,1439,136.26209311819758,99986,122,53,7,3,1363,668,0.02031284379813174,78,36,48737,49393,1054,513,0,0,0,0,0,0,98145,0,0,5,0,0,0,0,0,0,0,1836,0,0,0,0,0,0
136,1439,137.26561772320352,99985,117,57,7,4,1378,676,0.020543081462219333,82,38,48720,49386,1072,513,0,0,0,0,0,0,98121,0,0,5,0,0,0,0,0,0,0,1859,0,0,0,0,0,0
137,1439,138.26948240030313,99985,120,60,7,4,1401,687,0.02088313246987048,86,41,48698,49373,1087,520,0,0,0,0,0,0,98094,0,0,6,0,0,0,0,0,0,0,1885,0,0,0,0,0,0
138,1439,139.2736575935481,99984,126,59,8,4,1421,696,0.021173387742038727,84,41,48686,49364,1094,530,0,0,0,0,0,0,98070,0,0,6,0,0,0,0,0,0,0,1908,0,0,0,0,0,0
139,1439,140.2780530368593,99984,119,71,8,4,1433,715,0.021483437349975997,88,30,48672,49358,1111,535,0,0,0,0,0,0,98044,0,0,6,0,0,0,0,0,0,0,1934,0,0,0,0,0,0
140,1439,141.2827703772704,99984,121,70,8,4,1454,721,0.021753480556889103,95,35,48648,49350,1126,539,0,0,0,0,0,0,98018,0,0,6,0,0,0,0,0,0,0,1960,0,0,0,0,0,0
141,1439,142.28788372876556,99984,122,65,8,4,1477,728,0.02205352856457033,98,36,48626,49343,1144,550,0,0,0,0,0,0,97985,0,0,7,0,0,0,0,0,0,0,1992,0,0,0,0,0,0
142,1439,143.29343169709065,99984,139,63,8,4,1507,731,0.022383581373019684,89,50,48608,49326,1154,555,0,0,0,0,0,0,97967,0,0,7,0,0,0,0,0,0,0,2010,0,0,0,0,0,0
143,1439,144.2991940385972,99982,145,68,10,4,1534,745,0.022794102938528935,87,46,48585,49320,1171,560,0,0,0,0,0,0,97937,0,0,7,0,0,0,0,0,0,0,2038,0,0,0,0,0,0
144,1439,145.30531826422398,99982,144,68,10,4,1547,755,0.023024144345982277,95,44,48570,49312,1179,570,0,0,0,0,0,0,97913,0,0,7,0,0,0,0,0,0,0,2062,0,0,0,0,0,0
145,1439,146.31174954122574,99981,152,66,11,4,1577,764,0.0234144487452616,87,50,48551,49297,1197,581,0,0,0,0,0,0,97880,0,0,7,0,0,0,0,0,0,0,2094,0,0,0,0,0,0
146,1439,147.31850155497835,99981,157,69,11,4,1603,779,0.02382452666006541,82,47,48534,49287,1214,591,0,0,0,0,0,0,97847,0,0,7,0,0,0,0,0,0,0,2127,0,0,0,0,0,0
147,1439,148.3256048484484,99981,154,60,11,4,1626,784,0.024104579870175332,79,53,48518,49280,1236,601,0,0,0,0,0,0,97807,0,0,7,0,0,0,0,0,0,0,2167,0,0,0,0,0,0
148,1439,149.33310724882983,99981,148,63,11,4,1644,795,0.024394634980646323,76,50,48506,49273,1257,608,0,0,0,0,0,0,97775,0,0,7,0,0,0,0,0,0,0,2199,0,0,0,0,0,0
149,1439,150.00497957929778,99981,147,66,11,4,1655,801,0.02456466728678449,88,51,48488,49267,1264,610,0,0,0,0,0,0,97760,0,0,7,0,0,0,0,0,0,0,2214,0,0,0,0,0,0
150,1439,151.0130570974225,99981,145,67,11,4,1678,812,0.02490473189906082,87,54,48469,49255,1286,618,0,0,0,0,0,0,97725,0,0,7,0,0,0,0,0,0,0,2249,0,0,0,0,0,0
151,1439,152.02155508676708,99981,145,73,11,4,1699,828,0.02527480221242036,92,50,48448,49246,1302,625,0,0,0,0,0,0,97694,0,0,7,0,0,0,0,0,0,0,2280,0,0,0,0,0,0
152,1439,153.03048649239486,99981,145,70,11,4,1719,839,0.025584861123613488,93,48,48431,49238,1318,638,0,0,0,0,0,0,97661,0,0,8,0,0,0,0,0,0,0,2312,0,0,0,0,0,0
153,1439,154.03974522295067,99981,146,73,11,4,1745,849,0.025944929536611955,89,51,48414,49227,1338,643,0,0,0,0,0,0,97629,0,0,8,0,0,0,0,0,0,0,2344,0,0,0,0,0,0
154,1439,155.0493384352101,99981,145,67,11,4,1763,855,0.0261849751452776,85,58,48401,49216,1356,653,0,0,0,0,0,0,97598,0,0,8,0,0,0,0,0,0,0,2375,0,0,0,0,0,0
155,1439,156.05930600839892,99981,150,62,11,4,1786,866,0.026525039757553937,88,58,48376,49211,1373,663,0,0,0,0,0,0,97564,0,0,8,0,0,0,0,0,0,0,2409,0,0,0,0,0,0
156,1439,157.06972956070754,99981,155,65,11,4,1809,877,0.026865104369830268,86,59,48361,49205,1385,665,0,0,0,0,0,0,97538,0,0,8,0,0,0,0,0,0,0,2435,0,0,0,0,0,0
157,1439,158.0804335699287,99981,156,69,11,4,1830,894,0.027245176583550874,84,60,48348,49188,1399,677,0,0,0,0,0,0,97505,0,0,8,0,0,0,0,0,0,0,2468,0,0,0,0,0,0
158,1439,159.0913426924403,99981,171,76,11,4,1858,914,0.027725267800882167,82,52,48329,49178,1405,688,0,0,0,0,0,0,97479,0,0,8,0,0,0,0,0,0,0,2494,0,0,0,0,0,0
159,1439,160.10250405283458,99981,177,76,11,4,1879,929,0.028085336213880638,80,54,48317,49166,1413,698,0,0,0,0,0,0,97451,0,0,10,0,0,0,0,0,0,0,2520,0,0,0,0,0,0
160,1439,161.11388439038166,99981,171,79,11,4,1898,946,0.028445404626879108,84,53,48298,49154,1434,708,0,0,0,0,0,0,97413,0,0,11,0,0,0,0,0,0,0,2557,0,0,0,0,0,0
161,1439,162.12567875675967,99981,171,82,11,4,1923,960,0.028835478740960784,94,48,48265,49145,1457,719,0,0,0,0,0,0,97377,0,0,11,0,0,0,0,0,0,0,2593,0,0,0,0,0,0
162,1439,163.13806440778774,99981,169,82,11,4,1939,969,0.029085526249987496,100,52,48244,49134,1474,726,0,0,0,0,0,0,97351,0,0,12,0,0,0,0,0,0,0,2618,0,0,0,0,0,0
163,1439,164.1508394461111,99981,171,84,11,4,1968,983,0.029515607965513446,105,50,48217,49125,1494,735,0,0,0,0,0,0,97312,0,0,12,0,0,0,0,0,0,0,2657,0,0,0,0,0,0
164,1439,165.16407592958754,99981,166,80,11,4,1988,991,0.029795661175623368,114,53,48200,49116,1507,745,0,0,0,0,0,0,97275,0,0,12,0,0,0,0,0,0,0,2694,0,0,0,0,0,0
165,1439,166.1776837747162,99981,160,82,11,4,2011,1003,0.03014572768826077,119,54,48180,49104,1528,754,0,0,0,0,0,0,97237,0,0,13,0,0,0,0,0,0,0,2731,0,0,0,0,0,0
166,1439,167.19173698206106,99981,160,75,11,4,2033,1008,0.03041577899800962,132,59,48148,49096,1547,764,0,0,0,0,0,0,97203,0,0,13,0,0,0,0,0,0,0,2765,0,0,0,0,0,0
167,1439,168.2062910169661,99980,176,79,11,5,2066,1024,0.03090618123624725,123,61,48136,49084,1552,769,0,0,0,0,0,0,97175,0,0,14,0,0,0,0,0,0,0,2791,0,0,0,0,0,0
168,1439,169.22100993481035,99980,173,86,11,5,2098,1042,0.03140628125625125,111,64,48122,49065,1581,778,0,0,0,0,0,0,97129,0,0,14,0,0,0,0,0,0,0,2837,0,0,0,0,0,0
169,1439,170.23615951504132,99980,179,86,11,5,2128,1055,0.031836367273454694,108,61,48107,49058,1593,788,0,0,0,0,0,0,97092,0,0,14,0,0,0,0,0,0,0,2874,0,0,0,0,0,0
170,1439,171.251582918656,99980,184,89,11,5,2148,1071,0.03219643928785757,125,60,48074,49047,1604,797,0,0,0,0,0,0,97065,0,0,15,0,0,0,0,0,0,0,2900,0,0,0,0,0,0
171,1439,172.2674824666475,99980,179,97,11,5,2176,1092,0.032686537307461495,130,53,48045,49034,1633,809,0,0,0,0,0,0,97019,0,0,15,0,0,0,0,0,0,0,2946,0,0,0,0,0,0
172,1439,173.28393826796025,99979,177,102,12,5,2206,1114,0.03320697346442753,135,40,48017,49028,1657,823,0,0,0,0,0,0,96970,0,0,15,0,0,0,0,0,0,0,2994,0,0,0,0,0,0
173,1439,174.3009499285867,99978,192,99,13,5,2244,1123,0.033677409029986595,124,41,48000,49019,1669,834,0,0,0,0,0,0,96937,0,0,16,0,0,0,0,0,0,0,3025,0,0,0,0,0,0
174,1439,175.31832862611049,99978,203,93,13,5,2281,1133,0.0341475124527396,120,50,47971,49000,1691,850,0,0,0,0,0,0,96896,0,0,17,0,0,0,0,0,0,0,3065,0,0,0,0,0,0
175,1439,176.33622741153846,99978,200,91,13,5,2311,1142,0.03453759827161976,121,55,47946,48990,1718,857,0,0,0,0,0,0,96853,0,0,18,0,0,0,0,0,0,0,3107,0,0,0,0,0,0
176,1439,177.01512990578408,99978,208,87,13,5,2339,1150,0.03489767748904759,114,56,47929,48983,1734,867,0,0,0,0,0,0,96823,0,0,20,0,0,0,0,0,0,0,3135,0,0,0,0,0,0
177,1439,178.0339053882882,99977,196,85,14,5,2364,1160,0.03524810706462486,116,64,47908,48968,1764,876,0,0,0,0,0,0,96776,0,0,22,0,0,0,0,0,0,0,3179,0,0,0,0,0,0
178,1439,179.05318062719977,99976,195,88,15,5,2395,1178,0.03573857725854205,115,58,47882,48956,1791,891,0,0,0,0,0,0,96730,0,0,23,0,0,0,0,0,0,0,3223,0,0,0,0,0,0
179,1439,180.07303826986316,99976,185,85,15,5,2421,1187,0.03608866127870689,111,69,47864,48937,1823,902,0,0,0,0,0,0,96682,0,0,23,0,0,0,0,0,0,0,3271,0,0,0,0,0,0
180,1439,181.09342426726076,99975,176,90,16,5,2442,1205,0.03647911977994499,118,62,47842,48928,1846,913,0,0,0,0,0,0,96641,0,0,25,0,0,0,0,0,0,0,3309,0,0,0,0,0,0
181,1439,182.1142836663537,99974,180,89,17,5,2482,1215,0.03697961469982195,104,65,47828,48918,1869,921,0,0,0,0,0,0,96595,0,0,26,0,0,0,0,0,0,0,3353,0,0,0,0,0,0
182,1439,183.13556205380465,99974,187,90,17,5,2516,1232,0.03748974733430692,95,62,47807,48906,1892,935,0,0,0,0,0,0,96552,0,0,26,0,0,0,0,0,0,0,3396,0,0,0,0,0,0
183,1439,184.15726810927433,99974,192,89,17,5,2550,1246,0.03796987216676336,87,67,47789,48890,1913,947,0,0,0,0,0,0,96508,0,0,26,0,0,0,0,0,0,0,3440,0,0,0,0,0,0
184,1439,185.17940036319928,99974,179,98,17,5,2575,1264,0.03839998399583892,93,57,47764,48884,1945,954,0,0,0,0,0,0,96461,0,0,26,0,0,0,0,0,0,0,3487,0,0,0,0,0,0
185,1439,186.20212139834427,99974,175,96,17,5,2601,1278,0.038800088022885953,93,57,47746,48872,1967,968,0,0,0,0,0,0,96416,0,0,27,0,0,0,0,0,0,0,3531,0,0,0,0,0,0
186,1439,187.22530280301208,99974,176,105,17,5,2624,1294,0.039190189449256806,99,60,47729,48854,1977,974,0,0,0,0,0,0,96388,0,0,28,0,0,0,0,0,0,0,3558,0,0,0,0,0,0
187,1439,188.2487471421834,99974,181,101,17,5,2655,1303,0.03959029347630384,102,64,47700,48845,1998,983,0,0,0,0,0,0,96349,0,0,28,0,0,0,0,0,0,0,3597,0,0,0,0,0,0
188,1439,189.2726920640838,99974,173,106,17,5,2675,1316,0.03992037929861764,100,66,47685,48838,2023,983,0,0,0,0,0,0,96314,0,0,29,0,0,0,0,0,0,0,3631,0,0,0,0,0,0
189,1439,190.29704843694697,99974,169,106,17,5,2697,1331,0.04029047552363615,104,67,47671,48823,2037,997,0,0,0,0,0,0,96275,0,0,31,0,0,0,0,0,0,0,3668,0,0,0,0,0,0
190,1439,191.3217410265453,99974,163,106,17,5,2718,1350,0.04069057955068318,111,61,47658,48813,2049,1013,0,0,0,0,0,0,96230,0,0,32,0,0,0,0,0,0,0,3712,0,0,0,0,0,0
191,1439,192.005048845938,99974,155,111,17,5,2731,1362,0.04094064456758757,106,63,47656,48799,2064,1020,0,0,0,0,0,0,96203,0,0,33,0,0,0,0,0,0,0,3738,0,0,0,0,0,0
192,1439,193.03017532017225,99974,149,112,17,5,2757,1379,0.041370756396663134,104,56,47640,48796,2088,1029,0,0,0,0,0,0,96156,0,0,34,0,0,0,0,0,0,0,3784,0,0,0,0,0,0
193,1439,194.05571634100878,99974,167,113,17,5,2793,1394,0.041880889031148096,104,53,47612,48785,2098,1042,0,0,0,0,0,0,96124,0,0,34,0,0,0,0,0,0,0,3816,0,0,0,0,0,0
194,1439,195.0816856232828,99974,170,110,17,5,2821,1412,0.04234100866225218,112,46,47586,48778,2113,1059,0,0,0,0,0,0,96080,0,0,36,0,0,0,0,0,0,0,3858,0,0,0,0,0,0
195,1439,196.10815325776565,99974,172,105,17,5,2843,1422,0.042661091883889814,118,50,47562,48768,2129,1070,0,0,0,0,0,0,96047,0,0,38,0,0,0,0,0,0,0,3889,0,0,0,0,0,0
196,1439,197.13510101312798,99974,175,100,17,5,2873,1434,0.0430812011122892,122,50,47535,48758,2149,1085,0,0,0,0,0,0,96005,0,0,40,0,0,0,0,0,0,0,3929,0,0,0,0,0,0
197,1439,198.16250642469168,99974,173,101,17,5,2899,1454,0.04354132074339328,122,45,47514,48746,2172,1101,0,0,0,0,0,0,95959,0,0,41,0,0,0,0,0,0,0,3974,0,0,0,0,0,0
198,1439,199.19045189159328,99974,176,108,17,5,2933,1473,0.0440714585792306,118,43,47490,48734,2197,1108,0,0,0,0,0,0,95917,0,0,42,0,0,0,0,0,0,0,4015,0,0,0,0,0,0
199,1439,200.21886726598072,99974,181,109,17,5,2964,1487,0.04452157560965851,133,45,47452,48719,2215,1120,0,0,0,0,0,0,95881,0,0,45,0,0,0,0,0,0,0,4048,0,0,0,0,0,0
200,1439,201.2478830673889,99973,183,110,18,5,2999,1496,0.04496213977773999,130,55,47430,48705,2237,1123,0,0,0,0,0,0,95840,0,0,45,0,0,0,0,0,0,0,4088,0,0,0,0,0,0
201,1439,202.2773622766758,99973,205,103,18,5,3041,1512,0.04554229642003341,112,53,47414,48698,2249,1139,0,0,0,0,0,0,95799,0,0,47,0,0,0,0,0,0,0,4127,0,0,0,0,0,0
202,1439,203.3071982335147,99973,189,108,18,5,3064,1530,0.04595240714993048,120,54,47389,48684,2282,1147,0,0,0,0,0,0,95748,0,0,48,0,0,0,0,0,0,0,4177,0,0,0,0,0,0
203,1439,204.33760643282272,99972,187,110,19,5,3101,1542,0.04644300404113152,113,55,47373,48673,2306,1155,0,0,0,0,0,0,95704,0,0,53,0,0,0,0,0,0,0,4215,0,0,0,0,0,0
204,1439,205.02477818051926,99972,187,110,19,5,3124,1551,0.046763093666226545,114,59,47354,48660,2324,1164,0,0,0,0,0,0,95673,0,0,54,0,0,0,0,0,0,0,4245,0,0,0,0,0,0
205,1439,206.0559620437459,99972,183,111,19,5,3142,1567,0.04710318889289001,118,57,47336,48649,2342,1176,0,0,0,0,0,0,95636,0,0,54,0,0,0,0,0,0,0,4282,0,0,0,0,0,0
206,1439,207.08757518015554,99972,188,101,19,5,3170,1585,0.04756331772896411,115,53,47317,48640,2359,1199,0,0,0,0,0,0,95586,0,0,55,0,0,0,0,0,0,0,4331,0,0,0,0,0,0
207,1439,208.11967686627244,99972,189,103,19,5,3202,1601,0.04804345216660665,108,52,47297,48628,2385,1210,0,0,0,0,0,0,95543,0,0,57,0,0,0,0,0,0,0,4372,0,0,0,0,0,0
208,1439,209.1522363280615,99972,184,101,19,5,3225,1615,0.04841355579562277,110,51,47285,48622,2400,1219,0,0,0,0,0,0,95501,0,0,59,0,0,0,0,0,0,0,4412,0,0,0,0,0,0
209,1439,210.18510011866047,99972,189,105,19,5,3258,1628,0.048873684631696876,112,55,47262,48609,2416,1224,0,0,0,0,0,0,95465,0,0,60,0,0,0,0,0,0,0,4447,0,0,0,0,0,0
210,1439,211.2183369979148,99972,192,101,19,5,3289,1650,0.04940383307326051,108,53,47244,48595,2435,1244,0,0,0,0,0,0,95414,0,0,63,0,0,0,0,0,0,0,4495,0,0,0,0,0,0
211,1439,212.25200327162796,99971,184,105,20,5,3309,1665,0.04975442878434746,119,58,47220,48578,2455,1252,0,0,0,0,0,0,95379,0,0,67,0,0,0,0,0,0,0,4525,0,0,0,0,0,0
212,1439,213.28615070792463,99971,200,109,20,5,3339,1685,0.05025457382640966,118,56,47194,48566,2466,1262,0,0,0,0,0,0,95349,0,0,67,0,0,0,0,0,0,0,4555,0,0,0,0,0,0
213,1439,214.3206971335784,99971,205,121,20,5,3374,1708,0.050834742075201805,112,52,47176,48554,2485,1266,0,0,0,0,0,0,95308,0,0,67,0,0,0,0,0,0,0,4596,0,0,0,0,0,0
214,1439,215.01057295173155,99971,195,120,20,5,3388,1719,0.05108481459623291,109,53,47169,48549,2505,1271,0,0,0,0,0,0,95274,0,0,69,0,0,0,0,0,0,0,4628,0,0,0,0,0,0
215,1439,216.0457726378893,99971,192,113,20,5,3419,1731,0.0515149393324064,102,56,47150,48539,2534,1285,0,0,0,0,0,0,95225,0,0,73,0,0,0,0,0,0,0,4673,0,0,0,0,0,0
216,1439,217.08148568330935,99971,191,112,20,5,3445,1745,0.05191505536605616,106,56,47128,48531,2553,1294,0,0,0,0,0,0,95185,0,0,75,0,0,0,0,0,0,0,4711,0,0,0,0,0,0
217,1439,218.11767231769105,99971,190,108,20,5,3471,1759,0.052315171399705915,110,68,47110,48513,2568,1304,0,0,0,0,0,0,95140,0,0,75,0,0,0,0,0,0,0,4756,0,0,0,0,0,0
218,1439,219.15421922918935,99971,189,110,20,5,3501,1779,0.052815316441768116,105,64,47092,48499,2592,1320,0,0,0,0,0,0,95095,0,0,79,0,0,0,0,0,0,0,4797,0,0,0,0,0,0
219,1439,220.19121869795205,99971,187,113,20,5,3534,1796,0.05331546148383031,104,59,47074,48490,2613,1331,0,0,0,0,0,0,95049,0,0,82,0,0,0,0,0,0,0,4840,0,0,0,0,0,0
220,1439,221.22868923453404,99971,189,122,20,5,3561,1819,0.05381560652589251,108,60,47050,48468,2631,1343,0,0,0,0,0,0,95010,0,0,82,0,0,0,0,0,0,0,4879,0,0,0,0,0,0
221,1439,222.2665547564809,99971,193,107,20,5,3588,1831,0.054205719658701024,112,66,47031,48454,2642,1366,0,0,0,0,0,0,94961,0,0,83,0,0,0,0,0,0,0,4927,0,0,0,0,0,0
222,1439,223.30479142306115,99971,193,116,20,5,3613,1848,0.05462584149403327,124,66,46999,48444,2662,1367,0,0,0,0,0,0,94930,0,0,85,0,0,0,0,0,0,0,4956,0,0,0,0,0,0
223,1439,224.34357842910438,99971,199,127,20,5,3644,1871,0.055165998139460444,120,62,46982,48427,2677,1377,0,0,0,0,0,0,94895,0,0,87,0,0,0,0,0,0,0,4989,0,0,0,0,0,0
224,1439,225.0362558450076,99971,199,125,20,5,3664,1883,0.05548609096638025,132,62,46954,48418,2693,1388,0,0,0,0,0,0,94864,0,0,88,1,0,0,0,0,0,0,5018,0,0,0,0,0,0
225,1439,226.07578783539583,99971,206,123,20,5,3700,1897,0.05598623600844245,136,63,46930,48409,2706,1398,0,0,0,0,0,0,94821,0,0,90,1,0,0,0,0,0,0,5059,0,0,0,0,0,0
226,1439,227.11581210888872,99971,201,125,20,5,3730,1914,0.05645637234798091,140,63,46907,48398,2730,1407,0,0,0,0,0,0,94772,0,0,91,1,0,0,0,0,0,0,5107,0,0,0,0,0,0
227,1439,228.1563104832936,99971,209,122,20,5,3772,1928,0.05701653479509058,126,71,46896,48380,2747,1420,0,0,0,0,0,0,94722,0,0,92,1,0,0,0,0,0,0,5156,0,0,0,0,0,0
228,1439,229.1971638688722,99971,214,118,20,5,3806,1945,0.057526682737994016,128,72,46874,48366,2762,1437,0,0,0,0,0,0,94675,0,0,95,1,0,0,0,0,0,0,5200,0,0,0,0,0,0
229,1439,230.23838633402318,99971,207,121,20,5,3834,1962,0.05797681327585,138,76,46850,48352,2783,1444,0,0,0,0,0,0,94631,0,0,100,1,0,0,0,0,0,0,5239,0,0,0,0,0,0
230,1439,231.2801062667677,99971,207,126,20,5,3873,1983,0.05857698732632463,129,66,46831,48347,2811,1454,0,0,0,0,0,0,94577,0,0,101,1,0,0,0,0,0,0,5292,0,0,0,0,0,0
231,1439,232.32235463548136,99971,216,129,20,5,3907,1998,0.05906712946754559,130,68,46806,48339,2826,1457,0,0,0,0,0,0,94540,0,0,101,1,0,0,0,0,0,0,5329,0,0,0,0,0,0
232,1439,233.01743068133575,99971,205,128,20,5,3921,2010,0.05932720488941793,147,75,46786,48328,2840,1462,0,0,0,0,0,0,94503,0,0,102,1,0,0,0,0,0,0,5365,0,0,0,0,0,0
233,1439,234.06047274333088,99971,211,130,20,5,3962,2027,0.05990737313821008,145,80,46756,48312,2866,1471,0,0,0,0,0,0,94455,0,0,104,1,0,0,0,0,0,0,5411,0,0,0,0,0,0
234,1439,235.1040952471544,99971,227,135,20,5,4000,2057,0.060587570395414674,142,68,46733,48301,2876,1489,0,0,0,0,0,0,94410,0,0,106,1,0,0,0,0,0,0,5454,0,0,0,0,0,0
235,1439,236.14809063755644,99971,228,130,20,5,4029,2075,0.061057706734953136,147,73,46711,48286,2892,1504,0,0,0,0,0,0,94361,0,0,108,1,0,0,0,0,0,0,5501,0,0,0,0,0,0
236,1439,237.19255423341585,99971,228,120,20,5,4068,2091,0.06160786628122156,155,74,46683,48274,2912,1525,0,0,0,0,0,0,94300,0,0,112,1,0,0,0,0,0,0,5558,0,0,0,0,0,0
237,1439,238.2376164352587,99971,239,120,20,5,4114,2108,0.06223804903421992,149,78,46652,48260,2938,1535,0,0,0,0,0,0,94252,0,0,116,1,0,0,0,0,0,0,5602,0,0,0,0,0,0
238,1439,239.28326986726086,99971,240,131,20,5,4154,2131,0.06286823178721829,144,75,46626,48249,2968,1538,0,0,0,0,0,0,94202,0,0,117,1,0,0,0,0,0,0,5651,0,0,0,0,0,0
239,1439,240.32950218217655,99971,251,142,20,5,4205,2156,0.06362845225115284,134,73,46596,48228,2997,1550,0,0,0,0,0,0,94153,0,0,122,1,0,0,0,0,0,0,5695,0,0,0,0,0,0
240,1439,241.02735303892575,99971,242,146,20,5,4223,2172,0.06396855087975513,151,72,46572,48217,3013,1558,0,0,0,0,0,0,94116,0,0,124,1,0,0,0,0,0,0,5730,0,0,0,0,0,0
241,1439,242.0746243276723,99971,248,132,20,5,4262,2181,0.06444869012013484,146,86,46544,48196,3040,1579,0,0,0,0,0,0,94064,0,0,128,1,0,0,0,0,0,0,5778,0,0,0,0,0,0
242,1439,243.12251525130523,99971,240,138,20,5,4296,2198,0.06495883806303829,155,83,46512,48186,3071,1586,0,0,0,0,0,0,94012,0,0,129,1,0,0,0,0,0,0,5829,0,0,0,0,0,0
243,1439,244.17106170123776,99971,248,136,20,5,4334,2215,0.0655089976093067,163,87,46472,48171,3095,1599,0,0,0,0,0,0,93966,0,0,132,1,0,0,0,0,0,0,5872,0,0,0,0,0,0
244,1439,245.22031621380535,99970,259,137,21,5,4382,2241,0.06624987496248874,155,85,46444,48156,3119,1615,0,0,0,0,0,0,93905,0,0,133,1,0,0,0,0,0,0,5931,0,0,0,0,0,0
245,1439,246.2701605623981,99970,253,138,21,5,4415,2261,0.06678003401020306,159,87,46421,48141,3144,1627,0,0,0,0,0,0,93851,0,0,137,1,0,0,0,0,0,0,5981,0,0,0,0,0,0
246,1439,247.32061536637,99970,253,153,21,5,4457,2292,0.06751025307592277,164,77,46385,48128,3175,1635,0,0,0,0,0,0,93795,0,0,139,1,0,0,0,0,0,0,6035,0,0,0,0,0,0
247,1439,248.0212933041882,99970,251,150,21,5,4482,2306,0.06790037011103331,174,75,46358,48125,3194,1643,0,0,0,0,0,0,93751,0,0,139,1,0,0,0,0,0,0,6079,0,0,0,0,0,0
248,1439,249.07298879769516,99970,266,157,21,5,4522,2323,0.0684705411623487,182,89,46323,48101,3206,1646,0,0,0,0,0,0,93717,0,0,140,1,0,0,0,0,0,0,6112,0,0,0,0,0,0
249,1439,250.12512255601834,99970,288,156,21,5,4574,2348,0.0692407722316695,172,87,46298,48081,3219,1669,0,0,0,0,0,0,93662,0,0,141,1,0,0,0,0,0,0,6166,0,0,0,0,0,0
250,1439,251.17772802496367,99970,305,156,21,5,4618,2368,0.06988096428928679,180,96,46262,48057,3230,1684,0,0,0,0,0,0,93618,0,0,144,1,0,0,0,0,0,0,6207,0,0,0,0,0,0
251,1439,252.23088369787772,99970,298,153,21,5,4664,2389,0.07055116534960489,180,99,46225,48041,3274,1700,0,0,0,0,0,0,93543,0,0,146,1,0,0,0,0,0,0,6280,0,0,0,0,0,0
252,1439,253.28484251600668,99970,304,147,21,5,4723,2404,0.07129138741622487,175,111,46179,48018,3319,1717,0,0,0,0,0,0,93473,0,0,150,1,0,0,0,0,0,0,6346,0,0,0,0,0,0
253,1439,254.33982771172828,99970,301,157,21,5,4774,2439,0.0721516454936481,194,107,46128,47989,3354,1740,0,0,0,0,0,0,93397,0,0,153,1,0,0,0,0,0,0,6419,0,0,0,0,0,0
254,1439,255.04372668574933,99970,314,157,21,5,4815,2456,0.07273181954586376,185,102,46111,47980,3367,1754,0,0,0,0,0,0,93355,0,0,156,1,0,0,0,0,0,0,6458,0,0,0,0,0,0
255,1439,256.10010303756206,99969,319,153,22,5,4864,2480,0.07346277345977253,179,101,46083,47968,3395,1771,0,0,0,0,0,0,93285,0,0,158,1,0,0,0,0,0,0,6525,0,0,0,0,0,0
256,1439,257.15716386552623,99969,325,153,22,5,4917,2509,0.07428302773859896,187,104,46037,47943,3427,1793,0,0,0,0,0,0,93211,0,0,160,1,0,0,0,0,0,0,6597,0,0,0,0,0,0
257,1439,258.2151481125214,99969,320,148,22,5,4971,2534,0.0750732727145415,190,109,45990,47919,3476,1817,0,0,0,0,0,0,93129,0,0,167,1,0,0,0,0,0,0,6672,0,0,0,0,0,0
258,1439,259.2741401421277,99969,323,150,22,5,5026,2561,0.07589352699336795,182,119,45950,47886,3521,1838,0,0,0,0,0,0,93053,0,0,168,1,0,0,0,0,0,0,6747,0,0,0,0,0,0
259,1439,260.3340237475729,99969,318,151,22,5,5071,2587,0.0766037471616201,173,125,45935,47859,3550,1858,0,0,0,0,0,0,92980,0,0,170,1,0,0,0,0,0,0,6818,0,0,0,0,0,0
260,1439,261.0409253254514,99968,300,153,22,6,5093,2606,0.07701464468629962,180,123,45914,47848,3582,1868,0,0,0,0,0,0,92927,0,0,174,1,0,0,0,0,0,0,6866,0,0,0,0,0,0
261,1439,262.1019299352057,99967,293,159,23,6,5137,2637,0.07776566266868067,177,111,45890,47843,3615,1879,0,0,0,0,0,0,92854,0,0,177,1,0,0,0,0,0,0,6935,0,0,0,0,0,0
262,1439,263.16362296134207,99967,301,169,23,6,5179,2665,0.07846589374493583,175,100,45868,47836,3631,1887,0,0,0,0,0,0,92806,0,0,181,1,0,0,0,0,0,0,6979,0,0,0,0,0,0
263,1439,264.22585084695436,99967,305,163,23,6,5231,2680,0.07913611491792291,177,111,45829,47817,3664,1901,0,0,0,0,0,0,92741,0,0,185,1,0,0,0,0,0,0,7040,0,0,0,0,0,0
264,1439,265.28884938627436,99967,296,162,23,6,5273,2702,0.07977632618764192,180,109,45796,47800,3703,1921,0,0,0,0,0,0,92671,0,0,187,2,0,0,0,0,0,0,7107,0,0,0,0,0,0
265,1439,266.35263919627425,99967,306,159,23,6,5321,2735,0.08058659357588004,170,98,45774,47785,3725,1950,0,0,0,0,0,0,92598,0,0,188,2,0,0,0,0,0,0,7179,0,0,0,0,0,0
266,1439,267.0622260758964,99967,304,154,23,6,5349,2748,0.08099672892054378,191,100,45736,47775,3744,1963,0,0,0,0,0,0,92554,0,0,190,3,0,0,0,0,0,0,7220,0,0,0,0,0,0
267,1439,268.1272413052652,99967,295,156,23,6,5386,2772,0.08160693028699471,199,93,45710,47763,3771,1980,0,0,0,0,0,0,92489,0,0,193,3,0,0,0,0,0,0,7282,0,0,0,0,0,0
268,1439,269.192978612707,99967,308,149,23,6,5438,2795,0.08235717786869667,197,95,45678,47745,3792,2003,0,0,0,0,0,0,92424,0,0,197,3,0,0,0,0,0,0,7343,0,0,0,0,0,0
269,1439,270.2593945223431,99965,311,152,25,6,5491,2824,0.08317911268944131,190,90,45643,47728,3829,2022,0,0,0,0,0,0,92351,0,0,200,3,0,0,0,0,0,0,7411,0,0,0,0,0,0
270,1439,271.3265882723665,99963,318,149,26,7,5543,2846,0.08392105078879185,191,88,45604,47715,3859,2039,0,0,0,0,0,0,92284,0,0,203,3,0,0,0,0,0,0,7473,0,0,0,0,0,0
271,1439,272.03853241489884,99962,311,140,26,8,5571,2858,0.08432204237610291,192,100,45591,47696,3878,2054,0,0,0,0,0,0,92232,0,0,207,3,0,0,0,0,0,0,7520,0,0,0,0,0,0
272,1439,273.106993135644,99961,325,141,27,8,5635,2876,0.08514320585028161,178,102,45555,47683,3913,2064,0,0,0,0,0,0,92169,0,0,209,4,0,0,0,0,0,0,7579,0,0,0,0,0,0
273,1439,274.1761784215077,99961,329,146,27,8,5692,2907,0.08602354918418183,171,100,45524,47662,3947,2082,0,0,0,0,0,0,92093,0,0,212,4,0,0,0,0,0,0,7652,0,0,0,0,0,0
274,1439,275.24613571447225,99961,324,138,27,8,5730,2926,0.08659377157091265,183,106,45491,47646,3973,2100,0,0,0,0,0,0,92026,0,0,215,4,0,0,0,0,0,0,7716,0,0,0,0,0,0
275,1439,276.3169252843473,99961,310,142,27,8,5770,2951,0.08724402516981623,183,105,45464,47633,4014,2110,0,0,0,0,0,0,91951,0,0,215,4,0,0,0,0,0,0,7791,0,0,0,0,0,0
276,1439,277.03115246363365,99960,297,144,27,9,5806,2970,0.08779511804721889,179,97,45445,47627,4050,2121,0,0,0,0,0,0,91886,0,0,216,4,0,0,0,0,0,0,7854,0,0,0,0,0,0
277,1439,278.10332643754873,99960,302,150,27,9,5859,3001,0.08863545418167267,175,91,45417,47607,4077,2141,0,0,0,0,0,0,91817,0,0,220,4,0,0,0,0,0,0,7919,0,0,0,0,0,0
278,1439,279.17612318001477,99960,308,151,27,9,5907,3024,0.08934573829531813,176,90,45374,47593,4113,2155,0,0,0,0,0,0,91757,0,0,224,4,0,0,0,0,0,0,7975,0,0,0,0,0,0
279,1439,280.2498410922069,99959,306,147,28,9,5951,3046,0.09000690283016037,183,98,45337,47572,4144,2172,0,0,0,0,0,0,91689,0,0,226,5,0,0,0,0,0,0,8039,0,0,0,0,0,0
280,1439,281.3243818557508,99958,315,143,29,9,5997,3065,0.09065807639208467,174,94,45308,47563,4172,2189,0,0,0,0,0,0,91633,0,0,230,5,0,0,0,0,0,0,8090,0,0,0,0,0,0
281,1439,282.04113360088735,99958,316,150,29,9,6019,3083,0.09105824446267433,186,97,45289,47547,4178,2195,0,0,0,0,0,0,91602,0,0,231,5,0,0,0,0,0,0,8120,0,0,0,0,0,0
282,1439,283.1165930387691,99958,332,157,29,9,6080,3114,0.09197863102503051,174,80,45256,47535,4207,2217,0,0,0,0,0,0,91537,0,0,235,5,0,0,0,0,0,0,8181,0,0,0,0,0,0
283,1439,284.19284573274507,99957,322,156,29,10,6115,3136,0.09254979641245736,197,82,45212,47522,4238,2228,0,0,0,0,0,0,91471,0,0,237,5,0,0,0,0,0,0,8244,0,0,0,0,0,0
284,1439,285.26996538463527,99957,325,156,29,10,6165,3158,0.09327010614564263,193,79,45174,47508,4277,2245,0,0,0,0,0,0,91403,0,0,238,5,0,0,0,0,0,0,8311,0,0,0,0,0,0
285,1439,286.3479458313051,99957,323,161,29,10,6213,3186,0.09403043308622708,193,80,45136,47499,4317,2248,0,0,0,0,0,0,91334,0,0,242,5,0,0,0,0,0,0,8376,0,0,0,0,0,0
286,1439,287.06712410401406,99957,333,161,29,10,6251,3200,0.09455065678241643,191,88,45113,47482,4332,2257,0,0,0,0,0,0,91296,0,0,246,5,0,0,0,0,0,0,8410,0,0,0,0,0,0
287,1439,288.14650424667764,99957,333,167,29,10,6301,3226,0.0953109837230009,199,87,45077,47463,4360,2271,0,0,0,0,0,0,91228,0,0,248,5,0,0,0,0,0,0,8476,0,0,0,0,0,0
288,1439,289.22667773032566,99957,333,163,29,10,6354,3248,0.09606130636173554,196,83,45039,47456,4401,2286,0,0,0,0,0,0,91152,0,0,251,5,0,0,0,0,0,0,8549,0,0,0,0,0,0
289,1439,290.30779577742,99957,330,154,29,10,6412,3264,0.0968016246986204,199,87,45001,47445,4439,2302,0,0,0,0,0,0,91070,0,0,253,6,0,0,0,0,0,0,8628,0,0,0,0,0,0
290,1439,291.02907055225904,99957,335,161,29,10,6451,3280,0.09735186130035915,203,87,44968,47440,4463,2300,0,0,0,0,0,0,91029,0,0,255,6,0,0,0,0,0,0,8667,0,0,0,0,0,0
291,1439,292.11173097602995,99957,329,156,29,10,6501,3300,0.09805216242984484,207,93,44942,47420,4491,2319,0,0,0,0,0,0,90951,0,0,258,6,0,0,0,0,0,0,8742,0,0,0,0,0,0
292,1439,293.19512000794344,99957,346,154,29,10,6578,3323,0.09905259261482438,171,98,44920,47398,4532,2338,0,0,0,0,0,0,90871,0,0,263,6,0,0,0,0,0,0,8817,0,0,0,0,0,0
293,1439,294.2792849299755,99957,360,158,29,10,6634,3345,0.09983292815910842,176,96,44876,47388,4557,2346,0,0,0,0,0,0,90813,0,0,265,6,0,0,0,0,0,0,8873,0,0,0,0,0,0
294,1439,295.0024425588212,99957,363,151,29,10,6671,3362,0.10037316045899737,179,98,44849,47376,4578,2363,0,0,0,0,0,0,90757,0,0,267,6,0,0,0,0,0,0,8927,0,0,0,0,0,0
295,1439,296.08793959074245,99957,356,154,29,10,6732,3388,0.10124353471992957,163,101,44827,47355,4623,2378,0,0,0,0,0,0,90673,0,0,274,6,0,0,0,0,0,0,9004,0,0,0,0,0,0
296,1439,297.17419005962995,99957,363,169,29,10,6778,3426,0.10208389607531239,170,96,44799,47332,4637,2391,0,0,0,0,0,0,90615,0,0,278,6,0,0,0,0,0,0,9058,0,0,0,0,0,0
297,1439,298.26092594965905,99957,361,172,29,10,6822,3455,0.10281421011034744,166,96,44779,47306,4663,2414,0,0,0,0,0,0,90550,0,0,285,6,0,0,0,0,0,0,9116,0,0,0,0,0,0
298,1439,299.3482276495694,99957,345,164,29,10,6861,3484,0.10349450263613354,183,99,44744,47285,4697,2440,0,0,0,0,0,0,90461,0,0,288,6,0,0,0,0,0,0,9202,0,0,0,0,0,0
299,1439,300.0735890462641,99957,344,163,29,10,6898,3503,0.10405474353972208,178,95,44730,47275,4717,2455,0,0,0,0,0,0,90407,0,0,292,6,0,0,0,0,0,0,9252,0,0,0,0,0,0
300,1439,301.1622146880113,99957,340,165,29,10,6945,3534,0.10483507908400612,186,81,44700,47270,4743,2472,0,0,0,0,0,0,90331,0,0,296,6,0,0,0,0,0,0,9324,0,0,0,0,0,0
301,1439,302.2515981452327,99957,323,165,29,10,6993,3554,0.10551537160979221,187,85,44667,47256,4792,2482,0,0,0,0,0,0,90249,0,0,299,6,0,0,0,0,0,0,9403,0,0,0,0,0,0
302,1439,303.3419100725981,99957,334,155,29,10,7049,3572,0.10625568994667707,172,94,44640,47239,4823,2500,0,0,0,0,0,0,90178,0,0,301,6,0,0,0,0,0,0,9472,0,0,0,0,0,0
303,1439,304.0691670668784,99957,326,154,29,10,7077,3587,0.10668587492621827,175,104,44623,47217,4845,2513,0,0,0,0,0,0,90128,0,0,303,6,0,0,0,0,0,0,9520,0,0,0,0,0,0
304,1439,305.1606693729324,99957,302,155,29,10,7111,3608,0.10723611152795702,184,106,44599,47202,4884,2525,0,0,0,0,0,0,90056,0,0,309,6,0,0,0,0,0,0,9586,0,0,0,0,0,0
305,1439,306.2529736594814,99956,292,153,29,11,7149,3629,0.10782744407539317,207,106,44568,47193,4902,2535,0,0,0,0,0,0,89990,0,0,313,6,0,0,0,0,0,0,9647,0,0,0,0,0,0
306,1439,307.345940168557,99955,292,158,29,12,7204,3660,0.10868891000950427,203,100,44525,47180,4949,2548,0,0,0,0,0,0,89914,0,0,318,6,0,0,0,0,0,0,9717,0,0,0,0,0,0
307,1439,308.07517052851426,99955,298,156,29,12,7238,3680,0.10922915311890351,203,95,44505,47174,4963,2561,0,0,0,0,0,0,89868,0,0,322,6,0,0,0,0,0,0,9759,0,0,0,0,0,0
308,1439,309.16958504030794,99955,312,174,29,12,7292,3714,0.11010954929718374,198,96,44477,47146,4982,2570,0,0,0,0,0,0,89818,0,0,328,6,0,0,0,0,0,0,9803,0,0,0,0,0,0
309,1439,310.2645539410053,99954,312,175,30,12,7353,3735,0.11093102827300558,188,102,44446,47131,5022,2578,0,0,0,0,0,0,89747,0,0,338,6,0,0,0,0,0,0,9863,0,0,0,0,0,0
310,1439,311.36030508387006,99954,314,163,30,12,7409,3754,0.11168137343177861,181,110,44412,47115,5061,2598,0,0,0,0,0,0,89669,0,0,343,7,0,0,0,0,0,0,9935,0,0,0,0,0,0
311,1439,312.09124791403144,99954,317,168,30,12,7450,3777,0.11232166796726495,167,99,44400,47118,5084,2601,0,0,0,0,0,0,89614,0,0,344,7,0,0,0,0,0,0,9989,0,0,0,0,0,0
312,1439,313.1883752440131,99954,324,174,30,12,7500,3809,0.1131420453408568,178,83,44354,47109,5112,2620,0,0,0,0,0,0,89550,0,0,349,7,0,0,0,0,0,0,10048,0,0,0,0,0,0
313,1439,314.286417983078,99954,334,155,30,12,7551,3827,0.11383236288692798,174,95,44327,47090,5133,2646,0,0,0,0,0,0,89477,0,0,354,7,0,0,0,0,0,0,10116,0,0,0,0,0,0
314,1439,315.01883465456643,99954,327,144,30,12,7584,3838,0.11427256538007484,179,105,44307,47078,5155,2659,0,0,0,0,0,0,89419,0,0,356,8,0,0,0,0,0,0,10171,0,0,0,0,0,0
315,1439,316.1181291384163,99954,322,152,30,12,7629,3864,0.11498289213037997,178,100,44282,47064,5186,2670,0,0,0,0,0,0,89354,0,0,359,8,0,0,0,0,0,0,10233,0,0,0,0,0,0
316,1439,317.2180499704481,99954,330,156,30,12,7683,3887,0.11575324649338696,175,102,44251,47051,5212,2677,0,0,0,0,0,0,89294,0,0,364,8,0,0,0,0,0,0,10288,0,0,0,0,0,0
317,1439,318.3186688049281,99954,320,163,30,12,7728,3920,0.11653360545851091,188,95,44214,47036,5246,2692,0,0,0,0,0,0,89218,0,0,369,8,0,0,0,0,0,0,10359,0,0,0,0,0,0
318,1439,319.05286463712287,99954,335,161,30,12,7772,3933,0.11710386777917842,174,103,44200,47019,5259,2703,0,0,0,0,0,0,89181,0,0,376,8,0,0,0,0,0,0,10389,0,0,0,0,0,0
319,1439,320.15474144288135,99952,339,171,32,12,7819,3968,0.11792660477028974,186,106,44159,46993,5281,2715,1,1,1,1,0,0,89115,0,0,380,8,0,0,0,0,0,2,10447,0,0,0,0,0,0
320,1439,321.25737214420855,99950,331,166,34,12,7872,3992,0.11869934967483742,187,105,44123,46980,5321,2733,2,2,2,2,0,0,89033,0,0,390,8,0,0,0,0,0,4,10515,0,0,0,0,0,0
321,1439,322.1822579796038,99950,320,177,34,12,7901,4015,0.11921960980490245,210,107,44078,46962,5353,2737,3,3,3,3,0,0,88984,0,0,395,8,0,0,0,0,0,6,10557,0,0,0,0,0,0
322,1439,323.2109712143147,99948,325,184,35,13,7946,4041,0.11993236482971145,209,112,44050,46937,5375,2748,4,4,4,4,0,0,88929,0,0,401,8,0,0,0,0,0,8,10602,0,0,0,0,0,0
323,1439,324.08116462632387,99948,330,191,35,13,7993,4068,0.12067274982991155,210,107,44016,46923,5401,2758,6,6,6,6,0,0,88867,0,0,405,8,0,0,0,0,0,12,10656,0,0,0,0,0,0
324,1439,325.0689974823734,99948,328,182,35,13,8054,4089,0.1214931764517549,190,116,43999,46900,5438,2779,8,8,8,8,0,0,88780,0,0,414,8,0,0,0,0,0,15,10730,1,0,0,0,0,0
325,1439,326.02092233297844,99948,337,191,35,13,8111,4119,0.12236362908712531,175,110,43971,46885,5470,2788,10,11,11,10,0,0,88707,0,0,415,8,0,0,0,0,0,20,10797,1,0,0,0,0,0
326,1439,327.08980274600276,99948,327,196,35,13,8151,4147,0.12304398287109297,187,110,43940,46866,5496,2799,13,14,14,13,0,0,88631,0,0,417,8,0,0,0,0,0,25,10865,2,0,0,0,0,0
327,1439,328.0233048009394,99948,326,194,35,13,8188,4173,0.1236743106415336,194,113,43905,46843,5522,2817,16,18,18,16,0,0,88564,0,0,423,8,0,0,0,0,0,32,10919,2,0,0,0,0,0
328,1439,329.00510939877944,99948,329,211,35,13,8237,4206,0.12449473726337695,181,104,43892,46822,5541,2825,20,23,23,20,0,0,88503,0,0,432,8,0,0,0,0,0,40,10962,3,0,0,0,0,0
329,1439,330.0560354388113,99948,326,194,35,13,8291,4229,0.12526513787169327,184,106,43851,46802,5578,2854,24,29,29,24,0,0,88402,0,0,436,9,0,0,0,0,0,50,11048,3,0,0,0,0,0
330,1439,331.2679080409491,99948,330,181,35,13,8360,4257,0.12623564253411773,206,111,43789,46773,5609,2884,29,36,36,29,0,0,88291,0,0,441,9,0,0,0,0,0,60,11142,5,0,0,0,0,0
331,1439,332.0088520228297,99948,333,178,35,13,8396,4270,0.12672589746668267,208,115,43763,46754,5625,2894,34,44,44,35,0,0,88234,0,0,444,9,0,0,0,0,0,71,11182,8,0,0,0,0,0
332,1439,333.1210186178218,99948,333,181,35,13,8458,4303,0.12767639172369633,200,118,43726,46727,5664,2906,40,53,53,41,0,0,88135,0,0,451,9,0,0,0,0,0,85,11259,9,0,0,0,0,0
333,1439,334.23422978375226,99948,339,190,35,13,8514,4344,0.12864689638612078,198,104,43687,46705,5693,2923,46,63,63,48,0,0,88043,0,0,457,9,0,0,0,0,0,101,11328,10,0,0,0,0,0
334,1439,335.3484126324695,99948,334,201,35,13,8562,4376,0.12944731260255332,195,88,43657,46688,5723,2934,54,74,74,56,0,0,87954,0,0,459,9,0,0,0,0,0,118,11396,12,0,0,0,0,0
335,1439,336.0916414964562,99948,339,191,35,13,8597,4387,0.12990755192700204,192,95,43635,46668,5735,2945,62,86,86,64,0,0,87890,0,0,465,9,0,0,0,0,0,137,11434,13,0,0,0,0,0
336,1439,337.2072656451064,99948,347,200,35,13,8660,4416,0.13082803057589948,181,95,43600,46640,5765,2950,70,100,100,73,0,0,87804,0,0,474,9,0,0,0,0,0,157,11488,16,0,0,0,0,0
337,1439,338.3237715762947,99948,338,194,35,13,8710,4436,0.13152839476527795,202,101,43545,46621,5798,2955,80,114,115,83,0,0,87706,0,0,483,9,0,0,0,0,0,179,11552,19,0,0,0,0,0
338,1439,339.06872588855526,99948,335,190,35,13,8745,4449,0.13200864449513747,194,101,43530,46599,5814,2964,90,131,132,94,0,0,87634,0,0,488,9,0,0,0,0,0,201,11591,25,0,0,0,0,0
339,1439,340.1870940817623,99946,327,187,37,13,8805,4475,0.13287175074540253,191,104,43490,46564,5851,2981,102,149,150,106,0,0,87515,0,0,493,9,0,0,0,0,0,229,11673,27,0,0,0,0,0
340,1439,341.3064975839366,99946,336,189,37,13,8861,4512,0.13380225321673703,203,95,43442,46528,5867,3004,113,169,170,118,0,0,87406,0,0,495,9,0,0,0,0,0,258,11748,30,0,0,0,0,0
341,1439,342.0533537783975,99945,333,190,38,13,8900,4530,0.13437390564810645,200,107,43412,46487,5889,3011,126,190,191,131,0,0,87323,0,0,499,10,0,0,0,0,0,288,11791,34,0,0,0,0,0
342,1439,343.17451117598927,99944,341,195,38,14,8957,4567,0.13531577683502763,186,99,43379,46446,5915,3032,139,212,214,145,0,0,87219,0,0,510,10,0,0,0,0,0,322,11846,37,0,0,0,0,0
343,1439,344.29662746201063,99944,333,178,38,14,9005,4590,0.13602617465780836,197,94,43333,46418,5944,3058,153,236,239,160,0,0,87091,0,0,515,10,0,0,0,0,0,359,11929,40,0,0,0,0,0
344,1439,345.04540009849023,99944,327,173,38,14,9038,4609,0.13654646602097176,197,95,43301,46378,5967,3076,168,262,266,176,0,0,86994,0,0,520,10,0,0,0,0,0,398,11978,44,0,0,0,0,0
345,1439,346.16976741819303,99944,331,164,38,14,9094,4632,0.13733690866885456,191,96,43253,46340,6000,3094,185,290,295,193,0,0,86871,0,0,521,11,0,0,0,0,0,440,12053,48,0,0,0,0,0
346,1439,347.2954350136527,99944,313,157,38,14,9135,4660,0.1380272952853598,210,88,43212,46309,6023,3110,202,320,326,211,0,0,86743,0,0,530,12,0,0,0,0,0,484,12123,52,0,0,0,0,0
347,1439,348.04647471845345,99944,317,168,38,14,9174,4684,0.1386576482830385,215,78,43168,46276,6039,3110,221,352,359,230,0,0,86648,0,0,533,12,0,0,0,0,0,534,12163,54,0,0,0,0,0
348,1439,349.1742021920749,99944,320,158,38,14,9229,4705,0.13941807412150806,201,80,43125,46237,6073,3124,241,385,394,250,0,0,86517,0,0,536,12,0,0,0,0,0,585,12236,58,0,0,0,0,0
349,1439,350.30314707525486,99944,329,154,38,14,9284,4726,0.14017849995997758,195,77,43103,46193,6073,3139,260,421,431,271,0,0,86399,0,0,542,12,0,0,0,0,0,638,12290,63,0,0,0,0,0
350,1439,351.05617059007267,99944,339,147,38,14,9331,4740,0.14078884175138076,186,77,43064,46150,6089,3151,282,459,470,293,0,0,86285,0,0,545,12,0,0,0,0,0,697,12340,65,0,0,0,0,0
351,1439,352.1867835564478,99944,342,144,38,14,9381,4765,0.14153926198671257,193,76,43015,46102,6106,3162,304,500,511,316,0,0,86157,0,0,551,12,0,0,0,0,0,756,12398,70,0,0,0,0,0
352,1439,353.31863433530407,99944,328,143,38,14,9416,4786,0.14209957576242696,202,91,42971,46050,6132,3157,327,543,554,340,0,0,86032,0,0,557,12,0,0,0,0,0,816,12450,77,0,0,0,0,0
353,1439,354.07383158917565,99944,336,132,38,14,9457,4802,0.14266989514127912,189,93,42941,46001,6144,3172,350,586,599,365,0,0,85916,0,0,564,13,0,0,0,0,0,880,12489,82,0,0,0,0,0
354,1439,355.20782542694417,99944,327,131,38,14,9511,4829,0.14348034899543743,191,87,42889,45952,6179,3182,374,632,647,391,0,0,85767,0,0,567,14,0,0,0,0,0,943,12560,93,0,0,0,0,0
355,1439,356.34332347929865,99944,313,136,38,14,9562,4849,0.1441907468182182,199,90,42830,45893,6219,3184,399,681,697,418,0,0,85631,0,0,577,15,0,0,0,0,0,1010,12609,102,0,0,0,0,0
356,1439,357.10119237046865,99944,302,133,38,14,9594,4863,0.14465100456255503,195,90,42796,45834,6242,3193,425,734,750,446,0,0,85502,0,0,583,15,0,0,0,0,0,1085,12651,108,0,0,0,0,0
357,1439,358.23929378664076,99944,312,133,38,14,9663,4892,0.14563155367005523,171,84,42767,45775,6259,3206,451,786,805,475,0,0,85353,0,0,590,16,0,0,0,0,0,1155,12708,122,0,0,0,0,0
358,1439,359.37831797447785,99943,301,138,38,15,9709,4924,0.14641345566973174,160,69,42730,45723,6290,3211,479,842,862,505,0,0,85204,0,0,598,18,0,0,0,0,0,1231,12760,132,0,0,0,0,0
359,1439,360.1383678216278,99943,298,129,38,15,9740,4937,0.14685370661276928,153,72,42698,45666,6301,3214,510,902,922,536,0,0,85074,0,0,603,18,0,0,0,0,0,1310,12794,144,0,0,0,0,0
360,1439,361.2797231453608,99942,298,134,39,15,9793,4960,0.14761561705789358,137,64,42667,45604,6315,3217,542,964,985,568,0,0,84932,0,0,609,19,0,0,0,0,0,1388,12834,160,0,0,0,0,0
361,1439,362.0412413291604,99942,311,135,39,15,9827,4970,0.14805587240599546,132,65,42620,45542,6320,3217,576,1024,1050,602,0,0,84819,0,0,615,19,0,0,0,0,0,1477,12842,170,0,0,0,0,0
362,1439,363.18468829733985,99942,306,131,39,15,9861,4989,0.14858617998439094,158,64,42561,45480,6328,3221,606,1087,1118,637,0,0,84669,0,0,618,19,0,0,0,0,0,1568,12886,182,0,0,0,0,0
363,1439,364.3295343321533,99942,300,121,39,15,9906,5002,0.1491665165796162,162,75,42506,45405,6351,3230,640,1152,1188,673,0,0,84511,0,0,624,20,0,0,0,0,0,1660,12931,196,0,0,0,0,0
364,1439,365.09364026874783,99942,292,124,39,15,9935,5014,0.14957675451762023,162,82,42458,45329,6371,3224,676,1224,1261,710,0,0,84367,0,0,626,21,0,0,0,0,0,1762,12962,204,0,0,0,0,0
365,1439,366.2413656071388,99942,297,131,39,15,9989,5037,0.15034720137679855,146,89,42410,45248,6396,3222,710,1293,1337,748,0,0,84210,0,0,630,22,0,0,0,0,0,1859,13001,220,0,0,0,0,0
366,1439,367.0072678583663,99942,280,137,39,15,10011,5056,0.1507574393148026,147,80,42363,45179,6420,3219,749,1368,1416,787,0,0,84055,0,0,633,25,0,0,0,0,0,1968,13035,226,0,0,0,0,0
367,1439,368.1577585049858,99942,278,145,39,15,10050,5078,0.15136779332012568,152,80,42327,45096,6414,3217,788,1445,1497,828,0,0,83905,0,0,640,26,0,0,0,0,0,2071,13056,244,0,0,0,0,0
368,1439,369.3092886607962,99942,263,144,39,15,10084,5101,0.15193812411198496,162,81,42274,45005,6435,3228,825,1525,1581,870,0,0,83719,0,0,644,26,0,0,0,0,0,2188,13112,253,0,0,0,0,0
369,1439,370.07771857204864,99941,270,149,40,15,10119,5120,0.15247996317827517,158,82,42220,44912,6444,3231,866,1609,1668,913,0,0,83565,0,0,645,26,0,0,0,0,0,2301,13134,270,0,0,0,0,0
370,1439,371.2320125610246,99940,285,152,41,15,10171,5148,0.1532819691815089,147,79,42174,44820,6443,3242,908,1690,1758,957,0,0,83393,0,0,650,27,0,0,0,0,0,2418,13166,286,0,0,0,0,0
371,1439,372.00223321527415,99939,282,154,42,15,10206,5160,0.1537537898117852,145,87,42127,44725,6450,3239,952,1778,1850,1002,0,0,83225,0,0,649,28,1,0,0,0,0,2539,13198,299,0,0,0,0,0
372,1439,373.1590502664561,99938,286,157,42,16,10253,5178,0.1544057315535632,131,95,42087,44630,6459,3237,993,1863,1945,1049,0,0,83049,0,0,654,28,1,0,0,0,0,2662,13226,318,0,0,0,0,0
373,1439,374.31695501772515,99938,293,161,42,16,10302,5209,0.155206227861274,120,100,42033,44531,6472,3240,1038,1950,2043,1097,0,0,82853,0,0,662,28,1,0,0,0,0,2797,13268,329,0,0,0,0,0
374,1439,375.089701201598,99938,288,163,42,16,10324,5229,0.15562648842282215,137,95,41983,44432,6464,3248,1084,2044,2144,1146,0,0,82672,0,0,664,29,1,0,0,0,0,2936,13297,339,0,0,0,0,0
375,1439,376.25036983955556,99938,294,161,42,16,10363,5251,0.1562368668574516,150,89,41921,44336,6463,3256,1128,2140,2248,1196,0,0,82487,0,0,669,28,2,0,0,0,0,3069,13324,359,0,0,0,0,0
376,1439,377.02500402704476,99938,268,172,42,16,10381,5275,0.1566571274189998,170,80,41859,44244,6487,3244,1172,2242,2355,1248,0,0,82312,0,0,676,30,2,0,0,0,0,3196,13333,389,0,0,0,0,0
377,1439,378.18895964183866,99938,280,165,42,16,10436,5301,0.15746762993055693,164,75,41791,44140,6499,3257,1222,2345,2465,1301,0,0,82108,0,0,681,33,2,0,0,0,0,3334,13367,413,0,0,0,0,0
378,1439,379.35481305411,99937,296,164,43,16,10498,5328,0.1583597666529914,150,79,41730,44040,6509,3257,1270,2442,2578,1355,0,0,81904,0,0,690,33,2,0,0,0,0,3473,13394,441,0,0,0,0,0
379,1439,380.13296236333264,99937,292,159,43,16,10528,5341,0.15879003772376596,154,89,41667,43928,6521,3255,1321,2551,2693,1410,0,0,81709,0,0,693,33,2,0,0,0,0,3619,13416,465,0,0,0,0,0
380,1439,381.302158255323,99937,278,157,43,16,10567,5362,0.1593904159620561,157,99,41614,43807,6537,3261,1369,2658,2811,1467,0,0,81486,0,0,701,34,2,0,0,0,0,3775,13456,483,0,0,0,0,0
381,1439,382.0825436055273,99937,281,162,43,16,10596,5383,0.1598907311606312,154,94,41565,43699,6532,3257,1423,2770,2932,1525,0,0,81288,0,0,705,35,2,0,0,0,0,3936,13471,500,0,0,0,0,0
382,1439,383.2546348096366,99937,278,155,43,16,10642,5409,0.16061118504657934,153,93,41508,43583,6540,3268,1476,2883,3056,1584,0,0,81054,0,0,708,36,3,0,0,0,0,4095,13518,523,0,0,0,0,0
383,1439,384.03703117952534,99937,278,152,43,16,10670,5428,0.16108148133323993,167,87,41433,43475,6546,3269,1531,2999,3183,1644,0,0,80845,0,0,710,37,3,0,0,0,0,4257,13538,547,0,0,0,0,0
384,1439,385.21282390703664,99937,283,153,43,16,10724,5452,0.1618619730430171,166,92,41376,43351,6548,3271,1582,3115,3313,1705,0,0,80628,0,0,716,40,3,0,0,0,0,4411,13558,581,0,0,0,0,0
385,1439,386.3903706093009,99937,289,156,43,16,10783,5481,0.16274252779250928,153,84,41307,43222,6568,3283,1638,3237,3446,1768,0,0,80390,0,0,720,42,3,0,0,0,0,4576,13596,610,0,0,0,0,0
386,1439,387.1764853216944,99937,283,148,43,16,10809,5492,0.16311276103945485,166,83,41226,43102,6580,3281,1700,3368,3581,1832,0,0,80176,0,0,725,44,3,0,0,0,0,4747,13605,637,0,0,0,0,0
387,1439,388.35816862744105,99937,286,156,43,16,10856,5525,0.16391326535717501,158,77,41165,42987,6587,3278,1759,3484,3719,1897,0,0,79943,0,0,733,45,3,0,0,0,0,4920,13627,666,0,0,0,0,0
388,1439,389.1470373536089,99937,292,150,43,16,10886,5537,0.1643335301239781,156,76,41097,42861,6588,3276,1822,3619,3860,1963,0,0,79721,0,0,735,46,3,0,0,0,0,5103,13640,689,0,0,0,0,0
389,1439,390.3325253024034,99937,278,146,43,16,10932,5559,0.16501395879404024,155,78,41028,42746,6608,3272,1886,3740,4004,2031,0,0,79471,0,0,741,49,3,0,0,0,0,5276,13672,725,0,0,0,0,0
390,1439,391.12405597098405,99937,278,146,43,16,10963,5577,0.16550426768864385,152,70,40961,42616,6611,3272,1953,3878,4151,2100,0,0,79242,0,0,746,50,3,0,0,0,0,5462,13680,754,0,0,0,0,0
391,1439,392.3137344891243,99937,262,146,43,16,11005,5595,0.16610464592693397,152,74,40901,42497,6626,3251,2014,4014,4300,2170,0,0,78991,0,0,751,50,3,0,0,0,0,5642,13707,793,0,0,0,0,0
392,1439,393.1079586368067,99936,257,141,44,16,11037,5613,0.16660662824207492,143,70,40837,42356,6637,3254,2080,4161,4452,2241,0,0,78743,0,0,754,50,3,0,0,0,0,5833,13728,825,0,0,0,0,0
393,1439,394.3015979277517,99936,264,152,44,16,11082,5640,0.1673270893371758,147,68,40774,42211,6618,3253,2151,4298,4607,2313,0,0,78494,0,0,759,50,3,0,0,0,0,6033,13745,852,0,0,0,0,0
394,1439,395.0982771537526,99936,271,146,44,16,11119,5652,0.16781740313800833,125,75,40713,42067,6624,3248,2221,4446,4764,2387,0,0,78254,0,0,760,51,3,0,0,0,0,6227,13753,888,0,0,0,0,0
395,1439,396.2956965357492,99936,266,147,44,16,11158,5677,0.1684578130003202,124,78,40644,41928,6640,3236,2280,4593,4924,2462,0,0,77996,0,0,766,54,3,0,0,0,0,6426,13770,921,0,0,0,0,0
396,1439,397.0950942678005,99936,251,149,44,16,11185,5697,0.1689281139929555,129,77,40581,41774,6645,3238,2348,4744,5086,2538,0,0,77738,0,0,772,54,3,0,0,0,0,6630,13784,955,0,0,0,0,0
397,1439,398.29662400492106,99936,246,146,44,16,11227,5719,0.16956852385526738,134,73,40508,41627,6650,3242,2416,4894,5251,2615,0,0,77464,0,0,779,58,3,0,0,0,0,6845,13807,980,0,0,0,0,0
398,1439,399.0988367416846,99935,235,137,45,16,11243,5731,0.16985040276179517,140,75,40443,41480,6647,3245,2488,5045,5418,2693,0,0,77202,0,0,784,60,3,0,0,0,0,7066,13818,1002,0,0,0,0,0
399,1439,400.3044736403837,99934,245,139,45,17,11285,5754,0.1705025316709028,139,67,40368,41338,6643,3244,2558,5193,5588,2773,0,0,76946,0,0,786,62,3,0,0,0,0,7273,13821,1043,0,0,0,0,0
400,1439,401.10947762226,99934,241,138,45,17,11313,5766,0.17090279584525786,133,74,40302,41168,6645,3243,2632,5358,5760,2854,0,0,76695,0,0,794,62,3,0,0,0,0,7487,13811,1082,0,0,0,0,0
401,1439,402.3194484716845,99934,245,140,45,17,11355,5797,0.17163327796345587,129,68,40230,41016,6648,3250,2701,5507,5935,2936,0,0,76415,0,0,793,69,3,0,0,0,0,7706,13835,1113,0,0,0,0,0
402,1439,403.12731503614947,99934,244,144,45,17,11379,5816,0.1720635619508876,138,66,40148,40874,6646,3235,2777,5662,6112,3019,0,0,76162,0,0,793,72,3,0,0,0,0,7922,13828,1154,0,0,0,0,0
403,1439,404.3416443558635,99934,244,147,45,17,11426,5841,0.17278403746472673,118,65,40083,40724,6657,3227,2851,5818,6291,3103,0,0,75881,0,0,795,74,3,0,0,0,0,8138,13844,1199,0,0,0,0,0
404,1439,405.1524723964439,99934,237,137,45,17,11449,5847,0.17307422899113414,122,75,40008,40560,6655,3231,2931,5978,6473,3188,0,0,75607,0,0,799,74,3,0,0,0,0,8370,13847,1234,0,0,0,0,0
405,1439,406.3713475060832,99934,232,144,45,17,11492,5872,0.17375467808753778,111,66,39952,40411,6659,3226,2999,6134,6657,3275,0,0,75323,0,0,808,78,3,0,0,0,0,8601,13851,1270,0,0,0,0,0
406,1439,407.1850632399532,99933,230,144,45,18,11520,5889,0.17420671850139594,107,61,39882,40257,6655,3215,3079,6303,6843,3363,0,0,75058,0,0,810,81,3,0,0,0,0,8824,13839,1318,0,0,0,0,0
407,1439,408.0001995370767,99933,227,137,45,18,11545,5901,0.1745769665676003,102,72,39813,40089,6649,3207,3162,6475,7031,3452,0,0,74781,0,0,814,83,3,0,0,0,0,9060,13835,1357,0,0,0,0,0
408,1439,409.2256313727863,99933,221,138,45,18,11573,5929,0.17513734201915282,105,57,39741,39940,6648,3211,3238,6634,7221,3542,0,0,74475,0,0,815,84,3,0,0,0,0,9307,13860,1389,0,0,0,0,0
409,1439,410.04379227824177,99933,227,131,45,18,11594,5936,0.1754175297449291,117,58,39654,39797,6633,3195,3322,6799,7413,3633,0,0,74211,0,0,816,84,3,0,0,0,0,9543,13840,1436,0,0,0,0,0
410,1439,411.27402488548546,99933,232,131,45,18,11631,5954,0.17596789849198963,109,53,39582,39647,6632,3181,3398,6968,7607,3725,0,0,73935,0,0,819,90,3,0,0,0,0,9778,13827,1481,0,0,0,0,0
411,1439,412.095448358089,99933,234,127,45,18,11659,5964,0.176348153262686,110,59,39508,39481,6620,3172,3481,7141,7803,3818,0,0,73659,0,0,820,91,4,0,0,0,0,10018,13813,1528,0,0,0,0,0
412,1439,413.33016704934914,99933,234,131,45,18,11699,5986,0.1769685689411906,95,57,39446,39317,6613,3161,3565,7314,8001,3912,0,0,73357,0,0,827,91,4,0,0,0,0,10269,13816,1569,0,0,0,0,0
413,1439,414.15451787010636,99933,215,132,45,18,11718,6001,0.17730879689391893,99,58,39386,39142,6610,3150,3643,7498,8201,4007,0,0,73057,0,0,824,96,4,0,0,0,0,10519,13824,1609,0,0,0,0,0
414,1439,415.3936022139766,99933,196,136,45,18,11742,6026,0.1777991254140274,107,52,39321,38991,6607,3140,3722,7661,8403,4103,0,0,72747,0,0,825,99,4,0,0,0,0,10769,13835,1654,0,0,0,0,0
415,1439,416.2208464728814,99933,190,131,45,18,11763,6035,0.17809932654878768,113,50,39242,38830,6600,3122,3808,7847,8606,4200,0,0,72455,0,0,828,99,4,0,0,0,0,11023,13824,1700,0,0,0,0,0
416,1439,417.0497741697351,99933,189,126,45,18,11785,6046,0.178429547797024,135,49,39140,38657,6593,3117,3896,8031,8811,4298,0,0,72159,0,0,828,101,4,0,0,0,0,11282,13817,1742,0,0,0,0,0
417,1439,418.2964772786075,99932,193,121,45,19,11821,6065,0.17898170756114157,131,45,39066,38499,6585,3101,3978,8213,9018,4397,0,0,71846,0,0,829,105,4,0,0,0,0,11544,13822,1782,0,0,0,0,0
418,1439,419.1289625009864,99932,196,122,45,19,11846,6078,0.17936196613697314,128,50,38993,38328,6571,3082,4065,8397,9226,4497,0,0,71558,0,0,832,107,4,0,0,0,0,11803,13799,1829,0,0,0,0,0
419,1439,420.3804486168676,99932,201,119,45,19,11884,6095,0.1799123403914662,158,87,38910,38146,6542,3070,4142,8557,9436,4598,0,0,71253,12,0,834,108,4,0,0,0,0,12058,13779,1884,0,0,0,0,0
420,1439,421.1398877334508,99932,206,126,45,19,11911,6114,0.18037265340431494,163,90,38821,37975,6534,3053,4229,8735,9647,4700,0,0,70961,37,3,838,110,4,0,0,0,0,12322,13729,1928,0,0,0,0,0
421,1439,422.28157222110053,99932,232,130,45,19,11964,6131,0.18107312972821518,167,108,38741,37809,6512,3027,4301,8905,9859,4803,0,0,70658,73,5,839,111,4,0,0,0,0,12587,13680,1975,0,0,0,0,0
422,1439,423.0437678364025,99932,241,136,45,19,11995,6153,0.18160349037345394,171,106,38674,37625,6489,3014,4378,9098,10073,4907,0,0,70369,106,7,839,113,4,0,0,0,0,12841,13617,2036,0,0,0,0,0
423,1439,424.18935447673323,99932,249,132,45,19,12049,6179,0.18240403474362565,175,124,38582,37445,6490,3012,4457,9266,10288,5012,0,0,70047,169,12,842,118,4,0,0,0,0,13095,13553,2092,0,0,0,0,0
424,1439,425.33728342049807,99932,259,155,45,19,12099,6223,0.18334467437857743,187,113,38470,37265,6488,3005,4549,9441,10504,5118,0,0,69727,215,20,846,121,4,0,0,0,0,13361,13501,2137,0,0,0,0,0
425,1439,426.1042313875361,99931,276,158,46,19,12154,6244,0.18410703385335883,198,123,38351,37063,6486,3004,4641,9631,10721,5225,0,0,69403,260,24,846,126,4,0,0,0,0,13635,13454,2179,0,0,0,0,0
426,1439,427.2583142255908,99931,286,173,46,19,12217,6286,0.185157758853609,205,132,38232,36873,6494,3003,4735,9798,10939,5332,0,0,69055,323,30,851,132,4,0,0,0,0,13914,13409,2213,0,0,0,0,0
427,1439,428.0294427734922,99931,300,175,46,19,12257,6308,0.1857781869489948,217,133,38121,36692,6487,2989,4827,9990,11158,5440,0,0,68755,351,41,855,135,4,0,0,0,0,14175,13350,2265,0,0,0,0,0
428,1439,429.18972739030295,99931,319,177,46,19,12323,6343,0.18678888433018784,247,140,37987,36513,6481,2992,4918,10157,11378,5549,0,0,68404,411,51,856,142,4,0,0,0,0,14456,13309,2298,0,0,0,0,0
429,1439,430.35346118772344,99931,341,190,46,19,12400,6380,0.1879296714733166,249,149,37879,36329,6483,2986,5000,10325,11599,5659,0,0,68057,480,54,858,147,4,0,0,0,0,14731,13254,2346,0,0,0,0,0
430,1439,431.1308961449593,99931,355,206,46,19,12445,6411,0.18869019623540242,259,150,37765,36140,6485,2968,5088,10515,11821,5770,0,0,67743,514,63,853,155,4,0,0,0,0,15002,13206,2391,0,0,0,0,0
431,1439,432.30060261894164,99930,361,210,47,19,12521,6447,0.18981286900830582,267,147,37641,35963,6504,2979,5178,10680,12044,5882,0,0,67393,585,76,865,157,5,0,0,0,0,15267,13136,2446,0,0,0,0,0
432,1439,433.08243087666193,99930,367,214,47,19,12567,6475,0.19055338737115982,281,148,37526,35774,6501,2973,5276,10870,12268,5994,0,0,67063,630,83,873,161,5,0,0,0,0,15545,13077,2493,0,0,0,0,0
433,1439,434.25911055730006,99930,395,207,47,19,12661,6519,0.1919343540478335,285,156,37406,35578,6503,3000,5362,11038,12492,6107,0,0,66692,713,97,889,165,5,0,0,0,0,15819,13012,2538,0,0,0,0,0
434,1439,435.0455049309112,99930,407,221,47,19,12717,6556,0.1928650055038527,279,149,37291,35386,6508,2998,5466,11225,12717,6221,0,0,66353,765,105,891,170,5,0,0,0,0,16098,12958,2585,0,0,0,0,0
435,1439,436.22914237005625,99930,405,240,47,19,12804,6611,0.19428600020014009,300,148,37149,35189,6557,3006,5540,11396,12943,6336,0,0,65977,851,124,901,177,5,0,0,0,0,16368,12895,2632,0,0,0,0,0
436,1439,437.020481183175,99930,416,232,47,19,12864,6636,0.19513659561693186,321,156,37018,34995,6560,3006,5636,11590,13169,6451,0,0,65629,913,136,906,180,5,0,0,0,0,16642,12835,2684,0,0,0,0,0
437,1439,438.21200985877164,99930,437,237,47,19,12962,6681,0.19656759731812268,338,164,36880,34814,6577,3007,5719,11757,13395,6567,0,0,65246,999,154,917,182,5,0,0,0,0,16921,12779,2727,0,0,0,0,0
438,1439,439.00840807735733,99929,459,245,47,20,13031,6717,0.1976203104203985,345,167,36740,34620,6585,3007,5822,11939,13622,6684,0,0,64908,1056,164,919,186,5,0,0,0,0,17191,12712,2788,0,0,0,0,0
439,1439,440.20803645521676,99929,491,252,47,20,13146,6774,0.19934153248806652,352,159,36583,34432,6625,3015,5900,12120,13849,6801,0,0,64540,1147,181,942,187,5,0,0,0,0,17450,12622,2855,0,0,0,0,0
440,1439,441.0103351933573,99929,490,259,47,20,13207,6805,0.20026218615216804,344,155,36475,34241,6644,3008,5998,12315,14076,6919,0,0,64194,1205,195,951,191,5,0,0,0,0,17723,12556,2909,0,0,0,0,0
441,1439,442.21826647501854,99929,512,255,47,20,13310,6846,0.2017032092785878,352,171,36341,34050,6667,3009,6079,12493,14304,7038,0,0,63809,1292,220,959,197,5,0,0,0,0,17996,12499,2952,0,0,0,0,0
442,1439,443.0256669534181,99929,523,268,47,20,13385,6889,0.20288404767384843,362,164,36224,33860,6670,3005,6172,12681,14532,7157,0,0,63461,1353,241,964,202,5,0,0,0,0,18261,12433,3009,0,0,0,0,0
443,1439,444.2411385233994,99929,548,268,47,20,13485,6936,0.20435509211540193,399,176,36073,33666,6691,3026,6240,12842,14760,7277,0,0,63077,1438,265,971,208,5,0,0,0,0,18536,12377,3052,0,0,0,0,0
444,1439,445.05376197599736,99925,570,266,49,22,13577,6972,0.20564423317488117,403,173,35921,33466,6722,3040,6333,13031,14988,7397,0,0,62703,1511,278,982,213,5,0,0,0,0,18819,12314,3100,0,0,0,0,0
445,1439,446.278007253361,99925,577,269,49,22,13706,7023,0.2074455841881411,413,201,35769,33249,6781,3058,6409,13199,15216,7518,0,0,62289,1627,299,1003,221,5,0,0,0,0,19094,12240,3147,0,0,0,0,0
446,1439,447.09693066646093,99925,601,285,49,22,13795,7071,0.20881661245934452,402,226,35632,33024,6805,3058,6509,13383,15444,7639,0,0,61932,1692,318,1012,224,5,0,0,0,0,19366,12174,3202,0,0,0,0,0
447,1439,448.33039436152745,99924,637,305,50,22,13925,7138,0.21079020055241984,413,226,35457,32819,6849,3069,6592,13557,15672,7761,0,0,61533,1789,341,1027,228,5,0,0,0,0,19643,12110,3248,0,0,0,0,0
448,1439,449.15566887930214,99924,644,312,50,22,14025,7187,0.2122813338136984,426,215,35302,32644,6893,3073,6683,13732,15900,7884,0,0,61156,1872,373,1035,238,5,0,0,0,0,19904,12044,3297,0,0,0,0,0
449,1439,450.39953409852114,99923,660,320,51,22,14147,7251,0.2141448915665062,445,229,35146,32450,6934,3087,6762,13890,16128,8007,0,0,60759,1978,410,1045,245,5,0,0,0,0,20156,11973,3352,0,0,0,0,0
450,1439,451.23159967036537,99923,692,344,51,22,14246,7301,0.21563603975060797,444,229,35001,32262,6946,3073,6864,14068,16355,8131,0,0,60410,2030,429,1062,246,6,0,0,0,0,20432,11902,3406,0,0,0,0,0
451,1439,452.06670409443075,99923,688,339,51,22,14341,7345,0.21702711087537405,451,230,34856,32069,6995,3097,6957,14241,16582,8255,0,0,60001,2137,451,1072,252,7,0,0,0,0,20710,11844,3449,0,0,0,0,0
452,1439,453.32523608751825,99923,691,357,51,22,14465,7424,0.2190586751798885,495,242,34686,31855,7043,3117,7032,14405,16809,8379,0,0,59587,2247,491,1088,266,7,0,0,0,0,20973,11780,3484,0,0,0,0,0
453,1439,454.1672804194481,99923,734,353,51,22,14578,7478,0.2207299620707945,507,237,34532,31658,7056,3140,7118,14588,17035,8504,0,0,59207,2321,528,1099,270,7,0,0,0,0,21242,11722,3527,0,0,0,0,0
454,1439,455.01266264996906,99922,744,355,52,22,14688,7521,0.22226336542503153,523,258,34365,31463,7104,3154,7210,14746,17261,8629,0,0,58837,2390,562,1123,278,8,0,0,0,0,21507,11646,3571,0,0,0,0,0
455,1439,456.2871267034676,99921,771,379,52,23,14866,7611,0.224947708689865,521,273,34197,31267,7175,3179,7282,14877,17487,8755,0,0,58411,2521,608,1150,288,8,0,0,0,0,21754,11561,3620,0,0,0,0,0
456,1439,457.13997174739626,99920,791,385,53,23,14965,7667,0.22650120096076862,544,285,34030,31071,7203,3198,7377,15036,17712,8881,0,0,58036,2594,642,1157,299,8,0,0,0,0,22020,11502,3662,0,0,0,0,0
457,1439,458.42570617021465,99918,819,417,53,25,15154,7761,0.22933805720690967,550,301,33847,30868,7281,3227,7448,15160,17937,9007,0,0,57595,2723,686,1189,311,8,0,0,0,0,22282,11429,3695,0,0,0,0,0
458,1439,459.2863573362304,99917,875,431,53,26,15298,7828,0.2314521052473553,534,318,33689,30641,7310,3248,7537,15334,18161,9134,0,0,57216,2812,716,1196,322,9,0,0,0,0,22540,11361,3745,0,0,0,0,0
459,1439,460.15045038673645,99917,887,452,53,26,15417,7901,0.23337370017114203,543,317,33538,30443,7363,3269,7614,15491,18384,9261,0,0,56833,2903,748,1215,335,9,0,0,0,0,22798,11282,3794,0,0,0,0,0
460,1439,461.018151240904,99916,913,449,53,27,15543,7967,0.23529765002602185,568,313,33362,30237,7405,3311,7697,15661,18607,9388,0,0,56437,3003,795,1222,346,9,0,0,0,0,23046,11218,3840,0,0,0,0,0
461,1439,462.32699898638657,99916,937,491,53,27,15730,8084,0.2383402057728492,597,332,33159,30016,7487,3347,7765,15785,18829,9516,0,0,55999,3137,850,1243,362,10,0,0,0,0,23289,11147,3879,0,0,0,0,0
462,1439,463.2033845703097,99916,938,511,53,27,15871,8153,0.24044197125585492,630,340,32971,29829,7558,3357,7848,15934,19050,9644,0,0,55588,3250,897,1258,371,11,0,0,0,0,23538,11080,3923,0,0,0,0,0
463,1439,464.0841321774569,99916,946,528,53,27,16018,8231,0.2426938628447896,635,355,32769,29620,7661,3381,7934,16087,19271,9772,0,0,55173,3356,942,1294,377,11,0,0,0,0,23795,11004,3964,0,0,0,0,0
464,1439,465.41383926964534,99916,981,533,53,27,16241,8335,0.2459666119540414,632,355,32567,29434,7776,3442,7989,16207,19491,9900,0,0,54693,3536,1008,1311,393,11,0,0,0,0,24022,10938,4004,0,0,0,0,0
465,1439,466.30480158149106,99915,989,539,54,27,16396,8424,0.2484111494770555,633,347,32386,29242,7860,3488,8076,16355,19710,10029,0,0,54262,3671,1062,1330,409,11,0,0,0,0,24260,10864,4046,0,0,0,0,0
466,1439,467.2006779157401,99915,1005,552,54,27,16546,8511,0.2507831656908372,655,345,32208,29052,7920,3510,8156,16512,19928,10158,0,0,53857,3786,1123,1348,417,11,0,0,0,0,24484,10788,4101,0,0,0,0,0
467,1439,468.1012351885152,99915,1049,549,54,27,16707,8586,0.2531451733973878,642,352,32055,28860,7962,3547,8236,16663,20145,10287,0,0,53462,3886,1183,1364,429,12,0,0,0,0,24714,10721,4144,0,0,0,0,0
468,1439,469.005871138056,99915,1054,563,54,27,16854,8666,0.255417104538858,667,339,31874,28702,8040,3574,8309,16793,20361,10416,0,0,53052,3998,1231,1385,446,13,0,0,0,0,24957,10652,4181,0,0,0,0,0
469,1439,470.3710863202091,99914,1076,594,55,27,17073,8790,0.2588526132473928,704,344,31659,28512,8147,3618,8357,16903,20577,10545,0,0,52601,4159,1304,1409,466,14,0,0,0,0,25169,10567,4225,0,0,0,0,0
470,1439,471.2858514266853,99914,1096,590,55,27,17235,8866,0.2612346618091559,702,361,31473,28323,8229,3644,8443,17053,20792,10675,0,0,52212,4264,1379,1422,486,14,0,0,0,0,25372,10490,4275,0,0,0,0,0
471,1439,472.20565335722915,99911,1087,614,57,28,17397,8958,0.2637847684439151,745,369,31264,28142,8331,3671,8514,17174,21006,10805,0,0,51796,4382,1444,1449,501,15,0,0,0,0,25596,10411,4317,0,0,0,0,0
472,1439,473.130780343456,99911,1093,641,57,28,17553,9058,0.2663470488734974,773,372,31081,27953,8414,3693,8580,17311,21219,10935,0,0,51410,4475,1521,1476,515,16,0,0,0,0,25804,10332,4362,0,0,0,0,0
473,1439,474.0612556738098,99908,1120,634,60,28,17738,9136,0.2689874684709933,739,385,30910,27769,8503,3733,8666,17449,21431,11065,0,0,50990,4606,1577,1501,533,18,0,0,0,0,26028,10252,4403,0,0,0,0,0
474,1439,475.4658479418762,99907,1183,630,61,28,18001,9263,0.27289379122584,757,425,30706,27581,8585,3817,8706,17517,21642,11195,0,0,50507,4790,1671,1526,550,18,0,0,0,0,26224,10182,4439,0,0,0,0,0
475,1439,476.4067370982404,99906,1173,647,61,29,18171,9372,0.275689147798931,770,425,30525,27396,8689,3858,8780,17643,21851,11325,0,0,50076,4917,1754,1558,565,18,0,0,0,0,26432,10113,4473,0,0,0,0,0
476,1439,477.3527827422493,99906,1198,654,61,29,18361,9469,0.278561848137249,779,426,30333,27222,8778,3909,8849,17758,22059,11455,0,0,49646,5060,1826,1571,585,18,0,0,0,0,26641,10049,4510,0,0,0,0,0
477,1439,478.30443040759405,99905,1183,674,62,29,18526,9573,0.2812571943346179,805,423,30143,27067,8879,3948,8926,17857,22266,11585,0,0,49223,5197,1892,1603,600,18,0,0,0,0,26849,9963,4560,0,0,0,0,0
478,1439,479.2617005058651,99905,1217,683,62,29,18719,9665,0.2841099044091887,812,415,29969,26897,8948,3999,8990,17975,22472,11715,0,0,48804,5329,1952,1621,620,18,0,0,0,0,27068,9892,4601,0,0,0,0,0
479,1439,480.2244370853035,99905,1248,676,62,29,18907,9758,0.28692257644762525,824,422,29794,26734,9013,4058,9057,18079,22677,11845,0,0,48392,5444,2040,1644,638,19,0,0,0,0,27270,9827,4631,0,0,0,0,0
480,1439,481.1921899277113,99904,1263,664,63,29,19110,9848,0.28985826393337605,845,450,29590,26546,9128,4118,9109,18191,22881,11975,0,0,47959,5593,2122,1665,662,20,0,0,0,0,27461,9755,4667,0,0,0,0,0
481,1439,482.16621723044574,99902,1320,685,64,30,19341,9964,0.2933374707213069,797,428,29420,26366,9224,4165,9173,18324,23084,12105,0,0,47528,5720,2195,1699,681,21,0,0,0,0,27680,9689,4689,0,0,0,0,0
482,1439,483.1457361171305,99900,1324,715,66,30,19540,10077,0.29646646646646646,821,443,29224,26183,9325,4200,9238,18427,23285,12235,0,0,47120,5849,2280,1725,703,22,0,0,0,0,27864,9606,4731,0,0,0,0,0
483,1439,484.1311400051164,99898,1338,699,67,31,19753,10187,0.29970569981381007,816,426,29033,26009,9435,4293,9309,18540,23485,12365,0,0,46658,6009,2377,1759,725,22,0,0,0,0,28057,9543,4748,0,0,0,0,0
484,1439,485.1228989663006,99898,1366,709,67,31,19950,10289,0.30269875272778235,819,436,28866,25826,9510,4342,9370,18654,23684,12495,0,0,46260,6118,2455,1792,749,22,0,0,0,0,28257,9464,4781,0,0,0,0,0
485,1439,486.1204329730955,99897,1375,740,68,31,20150,10415,0.30596514409842135,858,436,28672,25655,9603,4394,9422,18742,23882,12625,0,0,45857,6234,2556,1829,768,22,0,0,0,0,28431,9385,4815,0,0,0,0,0
486,1439,487.1238435904838,99897,1394,723,68,31,20370,10522,0.3092385156711413,856,450,28498,25476,9711,4476,9471,18842,24078,12755,0,0,45406,6401,2658,1856,785,24,0,0,0,0,28606,9315,4846,0,0,0,0,0
487,1439,488.1328733118424,99897,1379,750,68,31,20590,10653,0.3127521346987397,867,427,28314,25308,9837,4535,9533,18947,24273,12885,0,0,44966,6552,2770,1894,806,27,0,0,0,0,28774,9239,4869,0,0,0,0,0
488,1439,489.14865811365763,99896,1372,764,69,31,20802,10773,0.3160787218707456,871,413,28129,25158,9969,4597,9588,19035,24467,13015,0,0,44508,6700,2861,1931,826,28,0,0,0,0,28968,9185,4889,0,0,0,0,0
489,1439,490.17098089568555,99894,1407,762,71,31,21039,10881,0.31953871103369574,860,419,27947,25008,10075,4656,9638,19122,24659,13145,0,0,44083,6833,2960,1966,848,29,0,0,0,0,29144,9115,4916,0,0,0,0,0
490,1439,491.19981541751895,99892,1379,732,72,32,21231,10974,0.3223981900452489,897,440,27768,24861,10192,4732,9690,19201,24850,13275,0,0,43667,6970,3074,2004,877,29,0,0,0,0,29291,9027,4953,0,0,0,0,0
491,1439,492.2353251727416,99891,1434,729,73,32,21475,11082,0.32592525853179966,891,440,27572,24730,10274,4799,9754,19268,25040,13405,0,0,43271,7082,3178,2029,911,29,0,0,0,0,29453,8959,4979,0,0,0,0,0
492,1439,493.27727534591037,99890,1448,729,74,32,21693,11196,0.3292521773951346,905,439,27404,24588,10370,4870,9797,19340,25229,13534,0,0,42872,7200,3288,2067,940,31,0,0,0,0,29607,8881,5004,0,0,0,0,0
493,1439,494.32572593588475,99889,1493,753,75,32,21927,11313,0.3327693740051457,900,458,27241,24448,10442,4900,9847,19407,25416,13663,0,0,42479,7314,3374,2099,965,32,0,0,0,0,29783,8805,5038,0,0,0,0,0
494,1439,495.37972958203216,99888,1504,744,75,33,22179,11437,0.33653692135191415,867,471,27052,24281,10590,4981,9910,19488,25602,13792,0,0,42032,7482,3495,2127,993,34,0,0,0,0,29925,8731,5069,0,0,0,0,0
495,1439,496.4407334479619,99887,1508,736,75,34,22412,11559,0.34009430656642003,875,483,26872,24113,10717,5060,9951,19572,25787,13921,0,0,41609,7640,3623,2150,1027,35,0,0,0,0,30051,8655,5097,0,0,0,0,0
496,1439,497.50917096506214,99886,1482,735,76,34,22622,11664,0.3432513064893979,893,497,26718,23984,10840,5098,9989,19650,25970,14050,0,0,41206,7763,3754,2187,1046,40,0,0,0,0,30178,8585,5127,0,0,0,0,0
497,1439,498.04541556312944,99885,1480,746,77,34,22731,11726,0.34496671171847626,892,491,26597,23826,10870,5119,10082,19782,26152,14179,0,0,40884,7829,3819,2194,1060,42,0,0,0,0,30363,8523,5171,0,0,0,0,0
498,1439,499.1250873254128,99885,1486,771,77,34,22969,11859,0.3486809831306002,889,503,26426,23702,10990,5168,10130,19820,26332,14307,0,0,40473,7964,3940,2220,1091,44,0,0,0,0,30500,8460,5193,0,0,0,0,0
499,1439,500.21136204354355,99884,1495,791,78,34,23197,11990,0.35227864322614233,885,489,26266,23590,11090,5215,10184,19879,26511,14435,0,0,40072,8092,4067,2244,1120,45,0,0,0,0,30628,8400,5216,0,0,0,0,0
500,1439,501.30401088222465,99884,1499,795,78,34,23426,12122,0.3558928356893997,901,473,26090,23458,11195,5280,10235,19958,26689,14563,0,0,39699,8191,4197,2292,1155,50,0,0,0,0,30745,8316,5239,0,0,0,0,0
501,1439,502.4038010519596,99883,1518,808,78,35,23683,12260,0.3598510257000691,892,455,25905,23340,11328,5361,10277,19999,26865,14691,0,0,39302,8316,4326,2335,1186,54,0,0,0,0,30866,8236,5262,0,0,0,0,0
502,1439,503.5109338893288,99882,1525,792,79,35,23920,12373,0.3633587633407421,894,465,25752,23201,11433,5441,10315,20064,27040,14818,0,0,38879,8463,4437,2365,1218,57,0,0,0,0,31003,8174,5286,0,0,0,0,0
503,1439,504.0668199463929,99881,1537,779,79,36,24051,12428,0.36522461729458056,889,474,25626,23068,11481,5457,10386,20184,27214,14945,0,0,38582,8504,4532,2380,1231,62,0,0,0,0,31152,8112,5326,0,0,0,0,0
504,1439,505.1864136041928,99878,1538,786,81,37,24279,12555,0.36878992370692243,914,448,25457,22961,11586,5518,10422,20248,27386,15072,0,0,38196,8619,4668,2406,1262,65,0,0,0,0,31261,8051,5350,0,0,0,0,0
505,1439,506.3135370465515,99877,1560,780,82,37,24528,12668,0.3724180742313045,903,456,25305,22825,11688,5585,10460,20315,27557,15199,0,0,37786,8768,4774,2435,1294,67,0,0,0,0,31397,7978,5378,0,0,0,0,0
506,1439,507.44729517936327,99875,1560,823,84,37,24786,12815,0.3764806007509387,876,440,25157,22703,11827,5631,10494,20364,27726,15325,0,0,37381,8886,4894,2485,1324,67,0,0,0,0,31523,7916,5399,0,0,0,0,0
507,1439,508.01623684097706,99875,1576,814,84,37,24915,12871,0.3783329161451815,851,443,25049,22574,11865,5660,10573,20470,27894,15451,0,0,37082,8924,4993,2494,1340,68,0,0,0,0,31674,7871,5429,0,0,0,0,0
508,1439,509.16169188112707,99872,1547,818,86,38,25171,12999,0.3821892021787888,862,450,24854,22470,12028,5712,10621,20510,28061,15577,0,0,36687,9059,5123,2530,1390,74,0,0,0,0,31764,7793,5452,0,0,0,0,0
509,1439,510.3157536294781,99870,1505,810,87,39,25397,13135,0.38582156803844997,896,462,24682,22342,12169,5785,10659,20560,28226,15702,0,0,36286,9200,5273,2569,1437,75,0,0,0,0,31852,7711,5467,0,0,0,0,0
510,1439,511.47834008949263,99868,1516,816,89,39,25659,13276,0.3898646213001162,865,437,24560,22244,12284,5859,10684,20603,28390,15827,0,0,35895,9335,5410,2607,1471,78,0,0,0,0,31944,7630,5498,0,0,0,0,0
511,1439,512.0617957318705,99868,1496,799,89,39,25779,13334,0.3916469740056875,848,430,24446,22138,12351,5891,10768,20701,28553,15952,0,0,35573,9387,5512,2625,1491,79,0,0,0,0,32091,7594,5516,0,0,0,0,0
512,1439,513.2363019101342,99868,1453,787,89,39,26020,13458,0.3953017983738535,847,440,24318,22038,12488,5959,10803,20735,28714,16076,0,0,35186,9514,5670,2676,1525,85,0,0,0,0,32160,7513,5539,0,0,0,0,0
513,1439,514.4179746801035,99867,1479,796,90,39,26271,13605,0.3992910571059509,833,419,24176,21958,12599,6024,10821,20762,28874,16200,0,0,34823,9614,5813,2705,1569,89,0,0,0,0,32243,7461,5550,0,0,0,0,0
514,1439,515.0106606295169,99867,1503,780,90,39,26407,13667,0.40127369401303736,831,418,24073,21841,12604,6059,10897,20861,29032,16324,0,0,34547,9643,5910,2722,1595,89,0,0,0,0,32373,7409,5579,0,0,0,0,0
515,1439,516.2043404620476,99866,1468,767,91,39,26644,13790,0.4048825426070935,831,428,23937,21756,12751,6130,10920,20878,29189,16447,0,0,34188,9736,6065,2774,1643,90,0,0,0,0,32433,7336,5601,0,0,0,0,0
516,1439,517.4052064918966,99864,1458,758,93,39,26915,13920,0.4089061123127453,783,431,23799,21670,12912,6206,10953,20894,29345,16570,0,0,33796,9863,6203,2817,1695,94,0,0,0,0,32518,7269,5609,0,0,0,0,0
517,1439,518.0077617185855,99864,1435,755,93,39,27031,13981,0.41067852279099576,784,425,23693,21570,12965,6223,11028,20986,29499,16693,0,0,33527,9883,6299,2837,1725,98,0,0,0,0,32647,7216,5632,0,0,0,0,0
518,1439,519.2218587025749,99863,1421,772,94,39,27261,14121,0.41438771116429507,754,424,23570,21491,13093,6275,11066,20997,29652,16815,0,0,33176,9985,6420,2874,1775,101,0,0,0,0,32732,7144,5656,0,0,0,0,0
519,1439,520.4429176642019,99863,1438,777,94,39,27509,14247,0.4181328419935311,758,445,23442,21417,13160,6322,11106,20998,29804,16937,0,0,32855,10057,6575,2903,1818,107,0,0,0,0,32788,7087,5673,0,0,0,0,0
520,1439,521.0554020110793,99863,1420,769,94,39,27624,14320,0.4200154211269439,759,440,23351,21316,13207,6358,11167,21076,29954,17058,0,0,32602,10078,6698,2919,1851,107,0,0,0,0,32878,7030,5700,0,0,0,0,0
521,1439,522.2880083712984,99861,1403,754,96,39,27845,14432,0.42335846827089657,779,436,23227,21230,13304,6417,11189,21122,30103,17179,0,0,32249,10179,6849,2952,1888,110,0,0,0,0,32949,6972,5713,0,0,0,0,0
522,1439,523.5271968888587,99859,1421,769,98,39,28088,14563,0.427112228241821,759,414,23110,21152,13384,6489,11226,21135,30251,17300,0,0,31899,10283,6978,2985,1924,111,0,0,0,0,33032,6915,5732,0,0,0,0,0
523,1439,524.1485607333727,99859,1400,783,98,39,28197,14635,0.428924783945363,774,394,22997,21074,13431,6492,11298,21216,30397,17420,0,0,31635,10311,7084,2989,1952,112,0,0,0,0,33145,6878,5753,0,0,0,0,0
524,1439,525.3998407773274,99858,1398,755,99,39,28462,14751,0.4327444971860041,716,395,22892,21014,13570,6576,11323,21219,30542,17540,0,0,31293,10408,7265,3028,1992,118,0,0,0,0,33174,6812,5768,0,0,0,0,0
525,1439,526.0277640600792,99857,1381,750,100,39,28571,14808,0.4344112080274793,733,394,22795,20921,13607,6599,11382,21295,30686,17659,0,0,31045,10413,7359,3055,2018,119,0,0,0,0,33290,6764,5794,0,0,0,0,0
526,1439,527.2916258376122,99857,1384,734,100,39,28802,14928,0.43792623451535695,710,381,22704,20870,13704,6670,11396,21304,30828,17778,0,0,30722,10502,7506,3092,2062,122,0,0,0,0,33341,6695,5815,0,0,0,0,0
527,1439,528.561495120115,99856,1397,729,101,39,29053,15054,0.44170605672167923,660,360,22625,20816,13791,6727,11424,21327,30969,17897,0,0,30401,10582,7643,3125,2121,126,0,0,0,0,33400,6636,5822,0,0,0,0,0
528,1439,529.1974181466235,99856,1369,718,101,39,29158,15107,0.4432883352026919,661,354,22526,20744,13840,6741,11501,21402,31109,18015,0,0,30146,10618,7732,3133,2157,128,0,0,0,0,33511,6584,5847,0,0,0,0,0
529,1439,530.4776712228487,99855,1326,688,101,40,29361,15207,0.44632717440288416,633,380,22469,20689,13952,6808,11517,21393,31247,18133,0,0,29836,10681,7856,3175,2224,132,0,0,0,0,33574,6520,5857,0,0,0,0,0
530,1439,531.1190814794077,99855,1312,708,101,40,29458,15284,0.4480697010665465,641,358,22414,20626,13950,6815,11580,21451,31384,18250,0,0,29619,10680,7963,3184,2251,135,0,0,0,0,33666,6474,5883,0,0,0,0,0
531,1439,532.4083618982481,99854,1285,712,102,40,29667,15409,0.45141907184489355,618,363,22342,20572,14052,6871,11599,21440,31520,18367,0,0,29310,10755,8119,3218,2294,137,0,0,0,0,33704,6416,5901,0,0,0,0,0
532,1439,533.054031328554,99853,1268,690,103,40,29758,15449,0.4527355212161878,613,378,22240,20508,14082,6891,11692,21491,31655,18483,0,0,29067,10780,8204,3227,2324,138,0,0,0,0,33819,6373,5921,0,0,0,0,0
533,1439,534.3529006265046,99851,1230,662,105,40,29956,15561,0.45584921533084294,606,358,22168,20480,14189,6967,11700,21491,31788,18599,0,0,28740,10875,8355,3260,2366,144,0,0,0,0,33860,6321,5930,0,0,0,0,0
534,1439,535.0042463880795,99850,1201,677,106,40,30046,15630,0.4574461692538808,589,334,22110,20422,14217,6974,11775,21551,31920,18714,0,0,28516,10878,8455,3273,2400,145,0,0,0,0,33961,6281,5941,0,0,0,0,0
535,1439,536.3135454318912,99849,1170,655,107,40,30239,15729,0.46037516650141713,578,313,22056,20418,14293,7024,11794,21548,32051,18829,0,0,28239,10929,8592,3310,2451,154,0,0,0,0,34005,6217,5952,0,0,0,0,0
536,1439,537.6266695261784,99849,1121,622,107,40,30422,15830,0.4632194613866939,578,301,22013,20392,14373,7092,11806,21551,32181,18943,0,0,27956,10990,8752,3333,2503,162,0,0,0,0,34022,6163,5968,0,0,0,0,0
537,1439,538.2841500068411,99849,1095,618,107,40,30515,15887,0.46472172981201615,561,288,21961,20317,14403,7112,11871,21623,32309,19057,0,0,27728,11004,8854,3339,2528,167,0,0,0,0,34117,6123,5989,0,0,0,0,0
538,1439,539.6052024501613,99848,1078,578,108,40,30716,15971,0.4675807226985017,502,290,21916,20312,14491,7164,11903,21614,32436,19171,0,0,27455,11049,9012,3377,2570,170,0,0,0,0,34142,6063,6010,0,0,0,0,0
539,1439,540.2664085115318,99847,1053,572,108,41,30801,16007,0.4687972598075055,496,292,21871,20241,14498,7161,11972,21691,32562,19284,0,0,27245,11046,9109,3373,2599,174,0,0,0,0,34241,6034,6026,0,0,0,0,0
540,1439,541.5950714593973,99847,1019,573,108,41,30969,16113,0.47154145843140005,470,284,21836,20234,14572,7196,11993,21670,32687,19397,0,0,26979,11091,9238,3403,2649,180,0,0,0,0,34296,5983,6028,0,0,0,0,0
541,1439,542.2600544641249,99847,997,548,108,41,31050,16153,0.4727533125682294,466,289,21785,20179,14589,7214,12053,21727,32811,19509,0,0,26773,11090,9336,3417,2679,183,0,0,0,0,34386,5938,6045,0,0,0,0,0
542,1439,543.5952223115336,99847,978,539,108,41,31204,16247,0.4752371127825573,471,282,21745,20160,14638,7251,12058,21725,32933,19621,0,0,26542,11116,9460,3443,2723,189,0,0,0,0,34428,5878,6068,0,0,0,0,0
543,1439,544.2633501596745,99847,959,528,108,41,31275,16292,0.4763988903021623,480,289,21685,20103,14640,7263,12126,21774,33054,19732,0,0,26343,11125,9546,3442,2753,193,0,0,0,0,34518,5837,6090,0,0,0,0,0
544,1439,545.605121234176,99847,954,524,108,41,31447,16392,0.4791230582791671,465,260,21635,20112,14680,7301,12156,21760,33174,19843,0,0,26090,11167,9672,3463,2794,198,0,0,0,0,34567,5792,6104,0,0,0,0,0
545,1439,546.2768108869492,99847,951,510,108,41,31532,16432,0.48037497370977594,458,255,21583,20073,14674,7311,12224,21808,33293,19953,0,0,25893,11166,9760,3465,2817,203,0,0,0,0,34659,5757,6127,0,0,0,0,0
546,1439,547.6259188063169,99845,933,504,109,42,31683,16529,0.48286844609144175,448,245,21552,20052,14703,7366,12253,21789,33411,20063,0,0,25672,11179,9892,3483,2862,210,0,0,0,0,34689,5715,6143,0,0,0,0,0
547,1439,548.3013181101255,99845,909,499,109,42,31752,16568,0.48395012269016974,447,249,21505,20011,14700,7362,12328,21835,33528,20172,0,0,25495,11167,9984,3485,2896,212,0,0,0,0,34769,5676,6161,0,0,0,0,0
548,1439,549.6563217534792,99845,860,494,109,42,31877,16651,0.48603335169512746,470,235,21467,20000,14746,7390,12346,21837,33643,20281,0,0,25253,11211,10105,3492,2944,215,0,0,0,0,34816,5637,6172,0,0,0,0,0
549,1439,550.3340927143889,99844,846,491,109,43,31961,16697,0.48734025079123433,442,227,21420,19958,14755,7384,12426,21895,33757,20389,0,0,25058,11204,10180,3498,2982,217,0,0,0,0,34914,5608,6183,0,0,0,0,0
550,1439,551.0139220139996,99844,842,468,109,43,32035,16721,0.4883217819798886,447,240,21369,19937,14744,7383,12487,21927,33870,20497,0,0,24875,11190,10267,3498,3012,218,0,0,0,0,35009,5579,6196,0,0,0,0,0
551,1439,552.3789173610428,99844,825,465,109,43,32185,16805,0.4906654380834101,416,222,21364,19968,14782,7386,12502,21914,33982,20604,0,0,24672,11190,10387,3527,3058,227,0,0,0,0,35047,5538,6198,0,0,0,0,0
552,1439,553.061372549856,99844,822,464,109,43,32257,16846,0.49179720363767476,406,217,21349,19957,14750,7371,12562,21946,34093,20711,0,0,24488,11189,10470,3521,3080,231,0,0,0,0,35138,5512,6215,0,0,0,0,0
553,1439,554.4297946806303,99844,821,459,109,43,32399,16921,0.49397059412683786,401,221,21349,19965,14751,7379,12567,21931,34203,20817,0,0,24292,11193,10608,3537,3111,234,0,0,0,0,35169,5467,6233,0,0,0,0,0
554,1439,555.1132749213947,99844,799,465,109,43,32456,16967,0.4950022034373623,390,202,21309,19933,14753,7377,12638,21978,34312,20923,0,0,24132,11173,10696,3536,3141,237,0,0,0,0,35248,5430,6251,0,0,0,0,0
555,1439,556.4839642433706,99844,787,452,109,43,32585,17044,0.49706542205841114,406,183,21300,19954,14759,7399,12637,21967,34420,21028,0,0,23935,11179,10820,3546,3183,241,0,0,0,0,35281,5391,6268,0,0,0,0,0
556,1439,557.1694004121276,99844,754,438,109,43,32643,17075,0.4979568126276992,399,178,21255,19934,14775,7398,12706,22007,34527,21132,0,0,23755,11177,10903,3550,3208,245,0,0,0,0,35362,5358,6286,0,0,0,0,0
557,1439,558.544267195629,99843,766,412,110,43,32796,17136,0.5001051651092214,369,175,21231,19951,14784,7428,12738,21989,34633,21236,0,0,23551,11188,11025,3559,3249,249,0,0,0,0,35404,5324,6294,0,0,0,0,0
558,1439,559.2323492455508,99843,763,400,110,43,32869,17165,0.501126769027373,350,180,21193,19921,14783,7427,12799,22027,34738,21339,0,0,23391,11174,11116,3550,3276,252,0,0,0,0,35476,5294,6314,0,0,0,0,0
559,1439,560.6124808810674,99842,741,392,111,43,33011,17226,0.5031650007011077,336,193,21206,19942,14798,7425,12806,22003,34842,21442,0,0,23200,11174,11230,3573,3327,253,0,0,0,0,35515,5249,6321,0,0,0,0,0
560,1439,561.301800962374,99841,738,389,111,44,33078,17266,0.504241744373554,321,189,21177,19904,14791,7422,12860,22050,34945,21544,0,0,23047,11154,11311,3567,3354,258,0,0,0,0,35590,5219,6341,0,0,0,0,0
561,1439,562.6841143953626,99840,734,389,112,44,33191,17331,0.5060296474358974,303,183,21195,19917,14772,7423,12882,22042,35046,21646,0,0,22880,11132,11404,3582,3398,262,0,0,0,0,35645,5186,6351,0,0,0,0,0
562,1439,563.3745100470635,99840,705,377,112,44,33241,17368,0.5069010416666667,312,171,21194,19903,14746,7429,12929,22074,35146,21747,0,0,22712,11130,11489,3588,3415,267,0,0,0,0,35717,5151,6371,0,0,0,0,0
563,1439,564.0657956991852,99839,692,361,113,44,33294,17393,0.507687376676449,309,165,21189,19882,14708,7433,12987,22113,35245,21848,0,0,22554,11121,11563,3580,3447,268,0,0,0,0,35797,5122,6387,0,0,0,0,0
564,1439,565.4492989017036,99836,675,341,116,44,33404,17447,0.5093453263351897,303,164,21171,19946,14731,7427,13002,22076,35343,21948,0,0,22374,11121,11657,3599,3483,273,0,0,0,0,35846,5078,6405,0,0,0,0,0
565,1439,566.1405693246875,99836,686,335,116,44,33467,17472,0.5102267719059257,295,161,21157,19917,14682,7423,13062,22118,35441,22048,0,0,22236,11093,11731,3604,3500,275,0,0,0,0,35926,5042,6429,0,0,0,0,0
566,1439,567.5265392576833,99836,647,326,116,44,33561,17522,0.511669137385312,314,160,21169,19941,14693,7423,13059,22104,35538,22147,0,0,22062,11083,11835,3616,3539,277,0,0,0,0,35973,5008,6443,0,0,0,0,0
567,1439,568.2181601957399,99836,625,309,116,44,33602,17541,0.5122701230017228,312,161,21158,19919,14670,7413,13117,22152,35634,22246,0,0,21921,11056,11907,3615,3572,280,0,0,0,0,36051,4984,6450,0,0,0,0,0
568,1439,569.6048449856477,99836,640,304,116,44,33722,17593,0.5139929484354341,276,149,21170,19954,14659,7408,13137,22139,35729,22344,0,0,21758,11054,11998,3614,3606,288,0,0,0,0,36099,4959,6460,0,0,0,0,0
569,1439,570.2977469030764,99836,624,309,116,44,33766,17621,0.5147141311751272,286,142,21147,19931,14636,7393,13189,22179,35823,22442,0,0,21621,11025,12064,3608,3632,291,0,0,0,0,36182,4936,6477,0,0,0,0,0
570,1439,571.6854602433635,99836,619,303,116,44,33878,17670,0.5163267759124965,266,150,21165,19965,14627,7392,13205,22144,35916,22539,0,0,21457,11027,12167,3602,3667,296,0,0,0,0,36221,4908,6491,0,0,0,0,0
571,1439,572.3787361028036,99836,597,299,116,44,33928,17697,0.5170980407868905,264,155,21143,19944,14619,7384,13259,22172,36008,22636,0,0,21318,11008,12237,3607,3689,300,0,0,0,0,36292,4872,6513,0,0,0,0,0
572,1439,573.0725866214121,99836,590,287,116,44,33975,17720,0.5177991906727032,253,153,21126,19942,14591,7384,13322,22188,36099,22732,0,0,21197,10976,12301,3601,3725,302,0,0,0,0,36360,4842,6532,0,0,0,0,0
573,1439,574.4628566609613,99835,546,293,117,44,34057,17780,0.5192267240947563,260,141,21138,19994,14592,7366,13345,22160,36189,22828,0,0,21025,10969,12384,3622,3751,311,0,0,0,0,36416,4815,6542,0,0,0,0,0
574,1439,575.1570503880886,99835,547,287,117,44,34109,17801,0.519957930585466,256,144,21118,20013,14577,7354,13383,22156,36278,22923,0,0,20913,10916,12463,3621,3781,313,0,0,0,0,36484,4796,6548,0,0,0,0,0
575,1439,576.5485748209699,99835,509,278,117,44,34191,17844,0.5212099964942155,244,138,21173,20062,14563,7343,13392,22133,36366,23018,0,0,20753,10908,12555,3621,3823,319,0,0,0,0,36535,4773,6548,0,0,0,0,0
576,1439,577.2432789374236,99835,505,272,117,44,34232,17867,0.5218510542394952,233,139,21156,20052,14544,7337,13443,22154,36453,23112,0,0,20622,10879,12628,3619,3840,321,0,0,0,0,36612,4753,6561,0,0,0,0,0
577,1439,578.6334436308777,99835,470,261,117,44,34314,17906,0.5230630540391646,224,137,21196,20115,14536,7326,13455,22115,36539,23205,0,0,20465,10877,12713,3623,3876,326,0,0,0,0,36660,4721,6574,0,0,0,0,0
578,1439,579.3272930877259,99835,463,257,117,44,34351,17932,0.5236940952571744,221,132,21197,20098,14500,7324,13500,22143,36625,23298,0,0,20340,10844,12780,3618,3903,327,0,0,0,0,36737,4703,6583,0,0,0,0,0
579,1439,580.0217946011212,99835,451,256,117,44,34387,17953,0.524265037311564,222,124,21176,20074,14480,7321,13552,22179,36710,23390,0,0,20215,10821,12844,3613,3921,331,0,0,0,0,36814,4678,6598,0,0,0,0,0
580,1439,581.4117570646555,99835,453,255,117,44,34473,17996,0.5255571693293934,208,122,21219,20132,14435,7303,13566,22142,36794,23482,0,0,20105,10776,12939,3623,3952,335,0,0,0,0,36847,4645,6613,0,0,0,0,0
581,1439,582.1057570335614,99835,441,260,117,44,34503,18020,0.5260980618019733,201,118,21223,20124,14393,7287,13623,22165,36877,23573,0,0,19989,10748,12992,3617,3972,340,0,0,0,0,36927,4620,6630,0,0,0,0,0
582,1439,583.493895468751,99835,454,266,117,44,34581,18069,0.5273701607652627,184,99,21250,20179,14349,7268,13644,22142,36959,23664,0,0,19863,10725,13059,3616,4004,344,0,0,0,0,36984,4597,6643,0,0,0,0,0
583,1439,584.1867251984046,99835,443,268,117,44,34618,18096,0.5280112185105424,186,90,21236,20162,14326,7264,13690,22170,37040,23754,0,0,19754,10693,13122,3614,4027,349,0,0,0,0,37049,4571,6656,0,0,0,0,0
584,1439,585.5737613092145,99835,427,244,117,44,34682,18124,0.528932739019382,190,104,21273,20221,14301,7257,13690,22128,37121,23844,0,0,19627,10672,13227,3616,4054,350,0,0,0,0,37076,4545,6668,0,0,0,0,0
585,1439,586.2661670188412,99835,401,242,117,44,34715,18145,0.5294736314919617,184,103,21258,20215,14289,7237,13749,22157,37201,23933,0,0,19499,10667,13276,3610,4080,353,0,0,0,0,37148,4515,6687,0,0,0,0,0
586,1439,587.6523801947227,99835,394,216,117,44,34782,18176,0.5304552511644213,175,103,21285,20282,14255,7228,13772,22125,37280,24022,0,0,19367,10656,13369,3618,4095,362,0,0,0,0,37184,4488,6696,0,0,0,0,0
587,1439,588.3447571285337,99835,379,214,117,44,34810,18200,0.5309761105824611,176,88,21288,20300,14212,7211,13826,22141,37358,24110,0,0,19262,10622,13437,3611,4116,364,0,0,0,0,37243,4463,6717,0,0,0,0,0
588,1439,589.037577560672,99835,377,206,117,44,34844,18213,0.5314468873641508,163,88,21279,20303,14185,7201,13877,22156,37435,24198,0,0,19156,10599,13489,3603,4132,369,0,0,0,0,37312,4434,6741,0,0,0,0,0
589,1439,590.4237877271242,99834,371,185,118,44,34908,18239,0.5323537071538754,163,92,21313,20370,14146,7195,13887,22112,37512,24285,0,0,19044,10579,13566,3602,4164,372,0,0,0,0,37344,4403,6760,0,0,0,0,0
590,1439,591.1158098012991,99834,365,182,118,44,34941,18252,0.5328144720235591,146,89,21307,20380,14122,7169,13940,22134,37588,24372,0,0,18943,10553,13623,3597,4179,374,0,0,0,0,37405,4371,6789,0,0,0,0,0
591,1439,592.5008369541655,99834,344,181,118,44,34992,18289,0.5336959352525191,130,68,21370,20448,14086,7141,13950,22116,37663,24458,0,0,18828,10533,13695,3594,4216,377,0,0,0,0,37454,4345,6792,0,0,0,0,0
592,1439,593.1918900616291,99834,332,173,118,44,35016,18299,0.5340365005909811,133,68,21360,20459,14055,7120,14000,22134,37737,24544,0,0,18723,10495,13758,3597,4227,381,0,0,0,0,37525,4327,6801,0,0,0,0,0
593,1439,594.574330963543,99834,333,166,118,44,35075,18320,0.5348378307991265,124,68,21409,20533,14003,7096,14011,22091,37811,24629,0,0,18614,10471,13836,3592,4250,382,0,0,0,0,37567,4307,6815,0,0,0,0,0
594,1439,595.2642951487624,99834,310,163,118,44,35084,18335,0.5350782298615702,145,61,21413,20537,13964,7089,14048,22104,37884,24714,0,0,18521,10434,13896,3588,4268,383,0,0,0,0,37626,4283,6835,0,0,0,0,0
595,1439,596.6440968222965,99834,294,149,118,44,35125,18347,0.5356091111244666,141,73,21483,20588,13904,7065,14058,22079,37956,24798,0,0,18421,10402,13967,3589,4295,383,0,0,0,0,37672,4257,6848,0,0,0,0,0
596,1439,597.3324732436303,99834,294,149,118,44,35151,18361,0.5360097762285394,130,69,21478,20597,13874,7038,14104,22101,38027,24882,0,0,18311,10382,14005,3584,4311,386,0,0,0,0,37758,4238,6859,0,0,0,0,0
597,1439,598.0202616251195,99834,290,147,118,44,35181,18368,0.5363803914498066,127,69,21490,20607,13840,7019,14133,22112,38098,24965,0,0,18217,10355,14054,3578,4322,391,0,0,0,0,37825,4211,6881,0,0,0,0,0
598,1439,599.3960120422382,99834,282,159,118,44,35229,18392,0.5371015886371376,121,57,21546,20660,13797,6994,14134,22084,38168,25048,0,0,18114,10329,14103,3567,4352,395,0,0,0,0,37890,4195,6889,0,0,0,0,0
599,1439,600.0822358486015,99834,266,149,118,44,35242,18399,0.5373019211891741,124,62,21547,20669,13763,6986,14180,22088,38237,25130,0,0,18012,10299,14153,3563,4367,398,0,0,0,0,37963,4180,6899,0,0,0,0,0
600,1439,601.4543636069283,99833,267,137,118,45,35288,18419,0.537968407240091,108,60,21632,20726,13687,6967,14186,22063,38306,25212,0,0,17914,10275,14216,3559,4386,404,0,0,0,0,38006,4159,6914,0,0,0,0,0
601,1439,602.13827721116,99833,256,127,118,45,35301,18427,0.5381787585267397,109,59,21640,20726,13644,6966,14231,22075,38374,25293,0,0,17826,10245,14258,3551,4413,404,0,0,0,0,38072,4135,6929,0,0,0,0,0
602,1439,603.505271566163,99833,242,118,118,45,35336,18447,0.5387296785632005,105,53,21715,20800,13579,6949,14239,22033,38441,25374,0,0,17742,10209,14333,3547,4435,409,0,0,0,0,38104,4113,6941,0,0,0,0,0
603,1439,604.1870103498738,99833,233,115,118,45,35354,18456,0.5390001302174632,105,48,21728,20826,13538,6917,14276,22047,38508,25454,0,0,17660,10171,14383,3546,4451,409,0,0,0,0,38166,4083,6964,0,0,0,0,0
604,1439,605.5492108065209,99833,224,110,118,45,35390,18469,0.5394909498863102,89,55,21793,20892,13484,6902,14290,21994,38574,25534,0,0,17561,10140,14446,3542,4466,413,0,0,0,0,38223,4069,6973,0,0,0,0,0
605,1439,606.2282835406962,99833,213,102,118,45,35402,18473,0.5396512175332806,90,56,21796,20905,13445,6884,14336,22006,38639,25613,0,0,17480,10106,14493,3536,4484,415,0,0,0,0,38283,4048,6988,0,0,0,0,0
606,1439,607.5864677174441,99833,202,108,118,45,35434,18500,0.5402422044814841,78,48,21858,20992,13405,6848,14337,21957,38704,25692,0,0,17387,10076,14546,3530,4509,418,0,0,0,0,38339,4032,6996,0,0,0,0,0
607,1439,608.2639936278686,99833,196,109,118,45,35454,18512,0.5405627397754249,78,44,21863,20995,13364,6829,14379,21976,38768,25770,0,0,17309,10038,14595,3517,4535,419,0,0,0,0,38397,4018,7005,0,0,0,0,0
608,1439,609.6185637641281,99833,186,108,118,45,35481,18527,0.5409834423487224,80,47,21937,21068,13292,6802,14385,21928,38831,25848,0,0,17227,10004,14651,3505,4561,421,0,0,0,0,38444,4006,7014,0,0,0,0,0
609,1439,610.2938610163684,99833,191,112,118,45,35503,18539,0.5413240110985346,71,40,21939,21090,13250,6784,14429,21927,38894,25925,0,0,17156,9963,14700,3495,4578,424,0,0,0,0,38502,3989,7026,0,0,0,0,0
610,1439,611.6438353787506,99833,170,96,118,45,35529,18549,0.541684613304218,67,40,22010,21164,13193,6771,14440,21882,38956,26002,0,0,17062,9946,14757,3483,4609,425,0,0,0,0,38544,3973,7034,0,0,0,0,0
611,1439,612.317227753022,99833,159,88,118,45,35539,18554,0.5418348642232528,70,37,22024,21169,13150,6762,14477,21897,39018,26078,0,0,16976,9920,14799,3475,4625,427,0,0,0,0,38607,3956,7048,0,0,0,0,0
612,1439,613.6629796356632,99832,153,79,119,45,35558,18563,0.5421207628816411,74,34,22084,21228,13085,6739,14483,21873,39079,26154,0,0,16901,9887,14851,3458,4650,430,0,0,0,0,38653,3944,7058,0,0,0,0,0
613,1439,614.3341204511484,99832,149,83,119,45,35570,18571,0.5423210994470711,75,30,22088,21236,13049,6719,14518,21885,39139,26229,0,0,16828,9847,14894,3452,4665,431,0,0,0,0,38716,3929,7070,0,0,0,0,0
614,1439,615.0050571203901,99832,146,77,119,45,35581,18575,0.5424713518711435,72,29,22101,21245,13004,6702,14556,21900,39199,26304,0,0,16751,9814,14938,3446,4678,431,0,0,0,0,38777,3910,7087,0,0,0,0,0
615,1439,616.3464015795315,99832,149,68,119,45,35610,18584,0.5428519913454604,64,30,22178,21317,12939,6682,14549,21856,39258,26379,0,0,16673,9779,14991,3442,4689,438,0,0,0,0,38831,3894,7095,0,0,0,0,0
616,1439,617.0149741773033,99832,142,70,119,45,35616,18592,0.5429922269412614,65,24,22187,21346,12891,6654,14594,21859,39317,26453,0,0,16602,9747,15032,3428,4708,440,0,0,0,0,38891,3879,7105,0,0,0,0,0
617,1439,618.351240317636,99832,139,66,119,45,35634,18603,0.5432827149611347,64,20,22259,21424,12819,6623,14598,21820,39375,26527,0,0,16530,9708,15086,3420,4727,441,0,0,0,0,38940,3866,7114,0,0,0,0,0
618,1439,619.0177522681837,99832,136,66,119,45,35634,18604,0.5432927317894062,65,19,22218,21385,12796,6612,14664,21871,39432,26600,0,0,16454,9674,15121,3412,4735,442,0,0,0,0,39014,3854,7126,0,0,0,0,0
619,1439,620.1258545431583,99832,136,62,119,45,35650,18610,0.5435131020113791,55,18,22283,21448,12730,6590,14675,21835,39489,26673,0,0,16373,9645,15166,3406,4745,444,0,0,0,0,39076,3841,7136,0,0,0,0,0
620,1439,621.1301737768515,99832,119,66,119,45,35663,18620,0.5437434890616235,61,12,22331,21502,12680,6565,14688,21808,39545,26745,0,0,16298,9614,15217,3400,4756,448,0,0,0,0,39126,3827,7146,0,0,0,0,0
621,1439,622.0206335393542,99832,114,56,119,45,35679,18624,0.5439438256270535,57,16,22385,21559,12616,6537,14707,21785,39601,26817,0,0,16228,9581,15268,3393,4767,452,0,0,0,0,39171,3811,7161,0,0,0,0,0
622,1439,623.0413973977256,99832,119,52,119,45,35692,18626,0.5440940780511259,51,17,22383,21573,12582,6515,14744,21796,39656,26888,0,0,16152,9554,15295,3392,4776,452,0,0,0,0,39241,3790,7180,0,0,0,0,0
623,1439,624.5125795740959,99832,106,44,119,45,35699,18629,0.5441942463338408,57,19,22480,21666,12507,6485,14729,21739,39711,26959,0,0,16072,9535,15331,3380,4794,453,0,0,0,0,39298,3775,7194,0,0,0,0,0
624,1439,625.0633311359053,99832,107,43,119,45,35710,18632,0.5443344819296418,48,16,22476,21665,12471,6466,14777,21763,39765,27029,0,0,16003,9503,15370,3369,4809,453,0,0,0,0,39358,3762,7205,0,0,0,0,0
625,1439,626.1198463886733,99832,105,40,119,45,35731,18637,0.5445949194647007,47,21,22580,21787,12398,6425,14749,21680,39819,27099,0,0,15934,9479,15411,3361,4822,456,0,0,0,0,39406,3740,7223,0,0,0,0,0
626,1439,627.4339352618962,99832,106,39,119,45,35747,18646,0.5448453401714881,39,23,22654,21859,12327,6399,14753,21633,39872,27169,0,0,15877,9436,15463,3359,4831,458,0,0,0,0,39448,3720,7240,0,0,0,0,0
627,1439,628.0893480918788,99832,105,41,119,45,35753,18651,0.5449555252824746,40,19,22668,21878,12278,6383,14788,21632,39925,27238,0,0,15816,9400,15509,3345,4845,458,0,0,0,0,39499,3710,7250,0,0,0,0,0
628,1439,629.0976990848669,99832,105,39,119,45,35759,18655,0.5450556935651896,34,18,22688,21896,12227,6362,14825,21638,39977,27307,0,0,15749,9371,15546,3337,4854,459,0,0,0,0,39556,3694,7266,0,0,0,0,0
629,1439,630.1147688278425,99832,99,37,119,45,35770,18665,0.5452660469588909,67,37,22748,21964,12161,6328,14804,21587,40029,27375,0,0,15682,9333,15588,3328,4869,461,2,0,0,7,39604,3688,7270,0,0,0,0,0
630,1439,631.217806891381,99832,108,46,119,45,35802,18679,0.5457268210593798,58,32,22802,22030,12112,6297,14799,21548,40080,27443,0,0,15609,9303,15614,3320,4882,462,9,0,0,20,39657,3672,7284,0,0,0,0,0
631,1439,632.318024018815,99832,116,49,119,45,35827,18688,0.5460673932206106,51,35,22855,22088,12055,6267,14802,21514,40131,27510,0,0,15538,9276,15634,3306,4902,463,15,0,0,28,39714,3659,7297,0,0,0,0,0
632,1439,633.4159296969431,99832,106,49,119,45,35842,18698,0.546317813927398,53,36,22903,22129,12007,6244,14810,21495,40181,27577,0,0,15475,9241,15660,3295,4921,468,20,0,0,43,39757,3650,7302,0,0,0,0,0
633,1439,634.5112521662079,99832,105,53,119,45,35855,18707,0.5465381841493709,54,33,22966,22195,11944,6213,14810,21459,40231,27644,0,0,15423,9201,15694,3287,4937,470,22,0,0,48,39802,3631,7317,0,0,0,0,0
634,1439,635.0576405243304,99832,104,50,119,45,35859,18710,0.5466083019472714,63,35,22977,22209,11889,6196,14846,21463,40280,27710,0,0,15360,9167,15723,3286,4942,472,24,0,0,50,39861,3613,7334,0,0,0,0,0
635,1439,636.1496569760681,99832,101,55,119,45,35871,18725,0.5468787563106018,61,30,23027,22274,11838,6164,14852,21430,40329,27776,0,0,15302,9134,15749,3275,4958,474,26,0,0,63,39904,3597,7350,0,0,0,0,0
636,1439,637.239032883707,99832,95,53,119,45,35887,18732,0.5471091433608463,72,27,23063,22334,11790,6133,14859,21406,40377,27841,0,0,15230,9107,15768,3269,4972,477,32,0,0,77,39956,3586,7358,0,0,0,0,0
637,1439,638.3265731444349,99832,100,48,119,45,35911,18738,0.5474096482089911,60,32,23116,22390,11740,6102,14863,21381,40425,27906,0,0,15167,9074,15795,3261,4986,479,38,0,0,93,39997,3573,7369,0,0,0,0,0
638,1439,639.412038119977,99832,96,48,119,45,35922,18747,0.547609984774421,71,31,23168,22441,11684,6075,14860,21358,40472,27970,0,0,15116,9036,15826,3250,5005,482,39,0,0,104,40036,3563,7375,0,0,0,0,0
639,1439,640.4949117106252,99832,93,46,119,45,35935,18754,0.547810321339851,78,32,23199,22483,11634,6057,14875,21335,40519,28034,0,0,15067,8998,15859,3241,5017,487,42,0,0,114,40072,3547,7388,0,0,0,0,0
640,1439,641.0354697650877,99832,94,45,119,45,35949,18754,0.5479505569356519,73,35,23196,22509,11605,6032,14911,21332,40565,28098,0,0,15017,8969,15887,3228,5029,492,44,0,0,121,40113,3531,7401,0,0,0,0,0
641,1439,642.1168153705198,99832,96,48,119,45,35971,18762,0.5482510617837968,70,32,23262,22569,11547,6010,14904,21294,40611,28161,0,0,14959,8931,15915,3218,5047,495,50,0,0,128,40158,3524,7407,0,0,0,0,0
642,1439,643.1956720390675,99832,100,46,119,45,35991,18766,0.5484914656623127,65,36,23299,22644,11498,5979,14917,21248,40657,28224,0,0,14902,8892,15952,3208,5060,496,58,0,0,137,40198,3513,7416,0,0,0,0,0
643,1439,644.2722474390006,99832,99,49,119,45,36004,18773,0.5486918022277426,69,38,23344,22693,11458,5951,14909,21222,40702,28286,0,0,14837,8867,15976,3200,5069,498,64,0,0,145,40249,3499,7428,0,0,0,0,0
644,1439,645.3468681048065,99832,101,53,119,45,36023,18785,0.549002323904159,63,34,23383,22751,11405,5925,14927,21190,40747,28348,0,0,14788,8832,16006,3190,5087,500,67,0,0,156,40284,3484,7438,0,0,0,0,0
645,1439,646.4197743759651,99832,106,58,119,45,36041,18799,0.5493228624088469,71,30,23395,22800,11364,5907,14943,21158,40791,28410,0,0,14730,8800,16035,3184,5097,501,73,0,0,167,40325,3469,7451,0,0,0,0,0
646,1439,647.4912543793894,99832,109,54,119,45,36058,18802,0.5495231989742768,69,37,23457,22856,11302,5886,14942,21120,40835,28471,0,0,14680,8769,16060,3170,5114,506,77,0,0,173,40365,3457,7461,0,0,0,0,0
647,1439,648.0262406896344,99832,113,53,119,45,36068,18805,0.5496534177418062,69,39,23452,22860,11262,5871,14983,21130,40878,28532,0,0,14628,8738,16087,3158,5131,506,78,0,0,177,40412,3447,7470,0,0,0,0,0
648,1439,649.095499834459,99831,113,58,120,45,36085,18819,0.5499694483677415,69,30,23481,22907,11209,5848,15006,21110,40921,28592,0,0,14577,8708,16109,3148,5149,508,82,0,0,187,40449,3432,7482,0,0,0,0,0
649,1439,650.163421931736,99831,115,57,120,45,36110,18827,0.55030000701185,56,30,23538,22964,11168,5822,15001,21080,40964,28652,0,0,14526,8669,16140,3141,5164,510,89,0,0,200,40480,3419,7493,0,0,0,0,0
650,1439,651.2290807866519,99831,118,56,120,45,36128,18837,0.5505804810129118,68,34,23576,23006,11118,5803,14998,21054,41006,28712,0,0,14465,8644,16161,3135,5173,515,97,0,0,208,40525,3404,7504,0,0,0,0,0
651,1439,652.2927651330422,99831,119,56,120,45,36149,18845,0.5508709719425829,74,41,23612,23062,11081,5784,14992,21010,41048,28771,0,0,14397,8621,16180,3133,5180,518,102,0,0,218,40578,3389,7515,0,0,0,0,0
652,1439,653.3545761541882,99831,114,61,120,45,36160,18860,0.551131412086426,81,40,23658,23129,11027,5762,14998,20961,41089,28830,0,0,14347,8584,16208,3128,5194,521,106,0,0,227,40615,3379,7522,0,0,0,0,0
653,1439,654.414399296068,99831,127,58,120,45,36185,18866,0.5514419368733159,81,45,23692,23190,10972,5740,15006,20920,41130,28888,0,0,14294,8554,16234,3124,5206,523,111,0,0,232,40658,3364,7531,0,0,0,0,0
654,1439,655.4724577366773,99831,131,57,120,45,36206,18878,0.5517724955174245,73,46,23730,23248,10936,5730,15008,20872,41171,28946,0,0,14244,8524,16258,3120,5217,527,113,0,0,247,40691,3349,7541,0,0,0,0,0
655,1439,656.000673159437,99831,130,63,120,45,36216,18886,0.5519528002323928,69,46,23742,23268,10905,5710,15032,20866,41211,29004,0,0,14200,8493,16289,3111,5227,528,118,0,0,253,40724,3331,7557,0,0,0,0,0
656,1439,657.0568733105413,99831,127,75,120,45,36232,18905,0.55230339273372,90,40,23792,23325,10849,5686,15020,20827,41251,29061,0,0,14150,8460,16311,3107,5245,529,121,0,0,261,40763,3319,7565,0,0,0,0,0
657,1439,658.1104869465095,99831,135,70,120,45,36262,18920,0.5527541545211407,92,37,23834,23391,10813,5679,15004,20776,41291,29118,0,0,14088,8433,16330,3098,5266,531,132,0,0,276,40799,3309,7569,0,0,0,0,0
658,1439,659.1620955630372,99831,143,62,120,45,36282,18927,0.5530246115935932,92,45,23872,23451,10769,5658,15002,20737,41330,29175,0,0,14037,8408,16348,3086,5286,531,135,0,0,291,40832,3298,7579,0,0,0,0,0
659,1439,660.2119633905098,99831,150,60,120,45,36308,18937,0.5533852210235297,88,53,23924,23493,10725,5641,14991,20706,41369,29231,0,0,13993,8372,16376,3077,5303,534,138,0,0,305,40859,3289,7585,0,0,0,0,0
660,1439,661.2597091613655,99831,156,67,120,45,36336,18955,0.5538459997395598,78,54,23985,23555,10670,5617,14989,20660,41407,29287,0,0,13947,8335,16405,3069,5319,537,143,0,0,317,40888,3279,7592,0,0,0,0,0
661,1439,662.3049838212576,99831,143,69,120,45,36356,18968,0.5541765583836684,78,49,24029,23607,10643,5601,14985,20627,41445,29343,0,0,13880,8309,16418,3068,5339,537,149,0,0,333,40933,3270,7595,0,0,0,0,0
662,1439,663.3479587963249,99831,147,69,120,45,36376,18980,0.5544971000991676,106,45,24060,23661,10584,5595,14981,20583,41483,29398,0,0,13820,8291,16428,3060,5357,538,154,0,0,345,40976,3259,7603,0,0,0,0,0
663,1439,664.3892505070071,99831,151,63,120,45,36401,18991,0.5548577095291042,106,54,24108,23696,10532,5586,14981,20554,41520,29453,0,0,13763,8260,16448,3060,5371,539,159,0,0,361,41012,3249,7609,0,0,0,0,0
664,1439,665.4286988131331,99831,146,74,120,45,36423,19009,0.5552583866734782,109,52,24134,23751,10504,5566,14985,20510,41557,29507,0,0,13708,8233,16468,3054,5389,540,163,0,0,374,41050,3239,7613,0,0,0,0,0
665,1439,666.4666496863831,99831,165,73,120,45,36459,19021,0.555739199246727,108,45,24169,23814,10456,5551,14980,20470,41594,29561,0,0,13659,8202,16488,3051,5403,543,172,0,0,378,41086,3222,7627,0,0,0,0,0
666,1439,667.5029572172502,99831,170,72,120,45,36487,19032,0.5561298594624916,117,49,24217,23866,10412,5540,14962,20426,41630,29615,0,0,13614,8165,16516,3048,5413,547,176,0,0,396,41109,3215,7632,0,0,0,0,0
667,1439,668.0201454559201,99831,174,72,120,45,36502,19037,0.5563301980346786,112,51,24215,23870,10389,5534,14988,20426,41666,29668,0,0,13571,8135,16545,3040,5424,549,179,0,0,403,41142,3205,7638,0,0,0,0,0
668,1439,669.054313649991,99831,184,73,120,45,36538,19048,0.556800993679318,102,53,24264,23930,10350,5516,14978,20381,41702,29721,0,0,13515,8106,16568,3029,5446,549,194,0,0,412,41174,3196,7642,0,0,0,0,0
669,1439,670.0864900343772,99830,181,80,121,45,36562,19066,0.5572272863868577,114,54,24298,23960,10319,5506,14965,20353,41737,29774,0,0,13462,8078,16584,3028,5460,550,200,0,0,428,41204,3184,7652,0,0,0,0,0
670,1439,671.117022734245,99830,194,74,121,45,36597,19079,0.5577081037764199,109,53,24320,24021,10288,5494,14966,20311,41772,29826,0,0,13406,8060,16593,3020,5480,550,207,0,0,450,41231,3172,7661,0,0,0,0,0
671,1439,672.1463350158306,99830,191,73,121,45,36623,19089,0.5580687168185916,115,58,24336,24063,10272,5480,14963,20279,41807,29878,0,0,13353,8027,16616,3020,5493,553,216,0,0,463,41262,3163,7664,0,0,0,0,0
672,1439,673.1748296579665,99830,199,72,121,45,36659,19097,0.558509466092357,101,65,24378,24119,10237,5465,14962,20232,41841,29930,0,0,13302,7999,16636,3017,5506,554,224,0,0,478,41290,3151,7673,0,0,0,0,0
673,1439,674.2017483570579,99830,203,73,121,45,36683,19112,0.5589001302213763,107,74,24419,24178,10183,5445,14965,20183,41875,29981,0,0,13255,7973,16650,3016,5522,556,230,0,0,488,41321,3135,7684,0,0,0,0,0
674,1439,675.2270932321993,99830,205,87,121,45,36710,19133,0.5593809476109386,116,63,24453,24235,10146,5428,14957,20140,41909,30032,0,0,13201,7944,16674,3011,5534,559,239,0,0,497,41357,3128,7686,0,0,0,0,0
675,1439,676.2507799183136,99830,216,93,121,45,36747,19147,0.5598918160873485,113,63,24501,24288,10111,5412,14936,20097,41943,30083,0,0,13150,7912,16697,3014,5541,562,249,0,0,506,41389,3114,7696,0,0,0,0,0
676,1439,677.2725314536845,99830,225,93,121,45,36784,19158,0.5603726334769108,117,62,24543,24346,10072,5400,14920,20052,41976,30133,0,0,13099,7890,16709,3007,5561,562,254,0,0,525,41416,3104,7703,0,0,0,0,0
677,1439,678.2920529284017,99830,222,90,121,45,36807,19170,0.5607232294901332,126,70,24578,24404,10041,5384,14910,20005,42009,30183,0,0,13055,7858,16731,3005,5576,564,261,0,0,542,41436,3092,7710,0,0,0,0,0
678,1439,679.3102546282687,99830,221,93,121,45,36838,19189,0.5612240809375939,130,69,24607,24460,10017,5369,14902,19962,42042,30233,0,0,13008,7831,16749,3002,5592,566,264,0,0,568,41454,3082,7714,0,0,0,0,0
679,1439,680.3269977828058,99830,220,93,121,45,36874,19206,0.5617549834719022,125,66,24637,24500,10006,5359,14889,19935,42074,30282,0,0,12955,7810,16763,2999,5612,567,272,0,0,591,41475,3067,7719,0,0,0,0,0
680,1439,681.3425573266442,99830,223,94,121,45,36905,19224,0.5622458178904137,120,69,24658,24545,9988,5351,14888,19894,42106,30331,0,0,12898,7783,16782,3003,5618,570,282,0,0,608,41503,3056,7727,0,0,0,0,0
681,1439,682.3571763139769,99830,227,94,121,45,36939,19240,0.5627466693378744,127,70,24704,24591,9952,5338,14867,19860,42138,30380,0,0,12839,7762,16791,3009,5628,573,288,0,0,628,41536,3045,7731,0,0,0,0,0
682,1439,683.370068778349,99830,226,103,121,45,36976,19262,0.563337674045878,120,63,24735,24646,9942,5321,14854,19820,42170,30428,0,0,12782,7738,16802,3012,5646,575,295,0,0,646,41567,3036,7731,0,0,0,0,0
683,1439,684.3815380458494,99830,215,104,121,45,37003,19279,0.5637784233196433,132,64,24755,24694,9925,5314,14850,19777,42201,30476,0,0,12738,7709,16812,3008,5673,576,302,0,0,667,41583,3026,7736,0,0,0,0,0
684,1439,685.391921519586,99830,215,101,121,45,37032,19292,0.5641991385355104,133,78,24779,24736,9910,5301,14840,19737,42232,30524,0,0,12689,7682,16824,3008,5686,579,307,0,0,688,41606,3018,7743,0,0,0,0,0
685,1439,686.4015324051098,99829,201,96,122,45,37059,19305,0.5646054753628705,140,79,24823,24790,9899,5291,14813,19697,42263,30571,0,0,12644,7650,16841,3013,5696,585,312,0,0,710,41623,3003,7752,0,0,0,0,0
686,1439,687.4096632811272,99829,196,99,122,45,37092,19322,0.5651063318274249,137,80,24860,24856,9889,5278,14794,19640,42293,30618,0,0,12600,7619,16853,3011,5717,586,319,0,0,733,41637,2995,7759,0,0,0,0,0
687,1439,688.416334615333,99829,198,108,122,45,37118,19348,0.5656272225505614,146,67,24887,24910,9863,5270,14782,19598,42323,30665,0,0,12550,7603,16859,3004,5741,587,325,0,0,748,41666,2984,7762,0,0,0,0,0
688,1439,689.4215590182345,99829,197,111,122,45,37149,19366,0.5661180618858248,149,69,24909,24958,9855,5255,14766,19560,42353,30712,0,0,12499,7576,16872,3003,5755,589,335,0,0,766,41689,2974,7771,0,0,0,0,0
689,1439,690.4257802889978,99829,196,106,122,45,37178,19379,0.5665387813160504,153,74,24945,25002,9834,5236,14748,19535,42383,30758,0,0,12455,7550,16885,2999,5774,592,342,0,0,785,41706,2965,7776,0,0,0,0,0
690,1439,691.4286840130419,99829,209,102,122,45,37215,19391,0.5670296206513138,137,76,24988,25077,9805,5218,14737,19480,42412,30804,0,0,12413,7527,16899,2991,5795,593,349,0,0,800,41726,2953,7783,0,0,0,0,0
691,1439,692.4297537139242,99829,206,109,122,45,37243,19415,0.5675505113744503,146,68,25020,25134,9781,5207,14723,19435,42441,30850,0,0,12370,7504,16909,2988,5810,600,358,0,0,816,41744,2941,7789,0,0,0,0,0
692,1439,693.4296337174749,99829,212,111,122,45,37276,19435,0.5680814192268779,147,65,25054,25173,9745,5203,14718,19401,42470,30895,0,0,12326,7475,16928,2986,5829,600,365,0,0,836,41761,2934,7789,0,0,0,0,0
693,1439,694.4281282504222,99829,211,118,122,45,37307,19458,0.5686223442085967,151,54,25090,25199,9719,5209,14705,19373,42499,30940,0,0,12286,7445,16953,2987,5836,604,373,0,0,861,41768,2922,7794,0,0,0,0,0
694,1439,695.4250408470172,99829,220,115,122,45,37346,19467,0.5691031664145689,150,60,25111,25238,9701,5197,14694,19343,42527,30985,0,0,12250,7417,16972,2981,5855,606,377,0,0,879,41782,2912,7798,0,0,0,0,0
695,1439,696.421101696548,99829,232,110,122,45,37384,19476,0.56957397149125,137,65,25156,25298,9674,5185,14677,19295,42555,31030,0,0,12215,7387,16990,2979,5869,609,382,0,0,896,41795,2901,7806,0,0,0,0,0
696,1439,697.4153044212036,99829,239,112,122,45,37424,19492,0.570134930731551,126,65,25172,25357,9660,5177,14679,19242,42583,31074,0,0,12165,7363,17006,2976,5880,613,391,0,0,917,41815,2896,7807,0,0,0,0,0
697,1439,698.4088629294903,99829,255,111,122,45,37461,19508,0.5706658385839786,115,69,25215,25405,9629,5175,14662,19193,42611,31118,0,0,12122,7334,17022,2974,5896,615,397,0,0,931,41838,2892,7808,0,0,0,0,0
698,1439,699.400676597669,99828,246,102,122,46,37489,19519,0.5710622270304925,118,78,25251,25441,9610,5169,14651,19162,42638,31162,0,0,12080,7313,17028,2972,5915,621,404,0,0,946,41858,2874,7817,0,0,0,0,0
699,1439,700.3911513463175,99828,238,109,122,46,37522,19539,0.5715931402011459,117,76,25280,25481,9599,5155,14642,19131,42665,31205,0,0,12039,7284,17046,2969,5936,622,412,0,0,969,41867,2867,7817,0,0,0,0,0
700,1439,701.3806096143065,99828,236,124,122,46,37549,19568,0.5721541050607044,129,63,25308,25541,9582,5149,14621,19075,42692,31248,0,0,11988,7267,17053,2970,5948,626,420,0,0,984,41895,2857,7820,0,0,0,0,0
701,1439,702.3688148197856,99828,227,120,122,46,37575,19578,0.5725147253275634,143,68,25342,25598,9565,5144,14599,19022,42719,31291,0,0,11949,7242,17058,2966,5969,631,428,0,0,998,41912,2847,7828,0,0,0,0,0
702,1439,703.3556320224874,99828,225,117,122,46,37609,19596,0.573035621268582,136,64,25377,25652,9553,5133,14585,18986,42745,31334,0,0,11908,7220,17069,2956,5989,635,436,0,0,1025,41918,2840,7832,0,0,0,0,0
703,1439,704.341151609762,99828,229,116,122,46,37641,19613,0.5735264655206956,135,58,25419,25693,9529,5121,14564,18964,42771,31376,0,0,11873,7189,17082,2961,6002,637,438,0,0,1048,41928,2832,7838,0,0,0,0,0
704,1439,705.3252328456209,99828,235,110,122,46,37678,19626,0.5740273270024442,128,63,25445,25744,9513,5113,14555,18922,42797,31418,0,0,11833,7168,17092,2957,6025,640,444,0,0,1061,41944,2822,7842,0,0,0,0,0
705,1439,706.3080664277163,99828,234,109,122,46,37706,19640,0.574448050647113,142,62,25471,25798,9486,5109,14543,18874,42823,31460,0,0,11795,7147,17100,2954,6045,643,449,0,0,1076,41961,2811,7847,0,0,0,0,0
706,1439,707.2897840605264,99828,240,108,122,46,37744,19656,0.5749889810474015,129,69,25512,25841,9474,5097,14521,18837,42849,31501,0,0,11755,7130,17111,2954,6060,644,451,0,0,1103,41971,2797,7852,0,0,0,0,0
707,1439,708.2703252532098,99828,239,115,122,46,37771,19673,0.5754297391513403,141,61,25545,25891,9455,5086,14496,18799,42874,31542,0,0,11721,7104,17123,2950,6081,647,457,0,0,1110,41992,2787,7856,0,0,0,0,0
708,1439,709.2492405763418,99828,231,114,122,46,37798,19687,0.5758404455663741,143,66,25586,25947,9430,5079,14486,18746,42899,31583,0,0,11681,7072,17139,2947,6098,651,468,0,0,1126,42005,2784,7857,0,0,0,0,0
709,1439,710.22656901884,99828,222,124,122,46,37825,19707,0.5763112553592179,146,62,25604,25996,9413,5059,14491,18711,42924,31624,0,0,11637,7046,17157,2947,6113,651,478,0,0,1145,42019,2777,7858,0,0,0,0,0
710,1439,711.2033027457398,99828,221,118,122,46,37858,19719,0.5767620306927916,154,67,25612,26036,9396,5050,14493,18681,42949,31664,0,0,11607,7025,17162,2938,6139,654,480,0,0,1168,42024,2766,7865,0,0,0,0,0
711,1439,712.1793335002769,99828,231,126,122,46,37898,19736,0.577333012781985,142,75,25638,26067,9384,5044,14481,18640,42973,31704,0,0,11572,6996,17181,2940,6149,657,483,0,0,1186,42038,2761,7865,0,0,0,0,0
712,1439,713.1545508585731,99828,238,128,122,46,37931,19754,0.5778438914933686,140,76,25669,26112,9356,5042,14473,18594,42997,31744,0,0,11537,6967,17202,2938,6162,658,489,0,0,1208,42045,2756,7866,0,0,0,0,0
713,1439,714.1285334514932,99828,229,131,122,46,37963,19776,0.5783848218936571,136,74,25704,26151,9353,5036,14454,18560,43021,31784,0,0,11496,6951,17206,2939,6179,662,494,0,0,1233,42056,2741,7871,0,0,0,0,0
714,1439,715.1012987709399,99828,239,129,122,46,37999,19793,0.5789157350643106,145,82,25720,26178,9331,5032,14441,18531,43045,31823,0,0,11458,6929,17218,2936,6198,664,500,0,0,1249,42072,2733,7871,0,0,0,0,0
715,1439,716.0732684218016,99828,248,133,122,46,38035,19812,0.5794666826942341,137,83,25737,26223,9310,5023,14444,18490,43069,31862,0,0,11419,6908,17230,2937,6211,666,508,0,0,1264,42087,2721,7877,0,0,0,0,0
716,1439,717.0446093909516,99828,249,136,122,46,38068,19830,0.5799775614056176,144,78,25768,26277,9297,5021,14418,18440,43092,31901,0,0,11384,6886,17241,2933,6232,666,516,0,0,1283,42094,2710,7883,0,0,0,0,0
717,1439,718.0147065022046,99828,249,132,122,46,38098,19844,0.5804183195095565,145,82,25791,26331,9280,5017,14411,18390,43115,31940,0,0,11347,6869,17246,2928,6250,671,519,0,0,1302,42108,2702,7886,0,0,0,0,0
718,1439,719.4676885439443,99828,242,134,122,46,38145,19875,0.5811996634210843,146,71,25850,26414,9281,5018,14357,18315,43138,31978,0,0,11307,6844,17254,2931,6270,673,528,0,0,1345,42093,2693,7890,0,0,0,0,0
719,1439,720.4348823558794,99828,232,133,122,46,38168,19890,0.5815803181472132,165,76,25865,26446,9278,5022,14336,18275,43161,32016,0,0,11269,6823,17262,2933,6286,677,533,0,0,1362,42108,2684,7891,0,0,0,0,0
720,1439,721.4011630828256,99828,245,124,122,46,38210,19903,0.5821312657771367,159,86,25875,26497,9265,5015,14332,18230,43184,32054,0,0,11237,6802,17272,2927,6305,682,541,0,0,1382,42112,2674,7894,0,0,0,0,0
721,1439,722.3668683903475,99828,259,114,122,46,38254,19915,0.5826922306366951,143,94,25897,26530,9257,5024,14320,18190,43207,32092,0,0,11196,6783,17280,2921,6325,684,551,0,0,1403,42121,2667,7897,0,0,0,0,0
722,1439,723.332008796506,99828,246,109,122,46,38280,19924,0.5830428336739192,158,100,25942,26566,9237,5018,14293,18159,43229,32129,0,0,11163,6754,17292,2925,6341,687,558,0,0,1423,42127,2659,7899,0,0,0,0,0
723,1439,724.2957282550393,99828,236,110,122,46,38314,19945,0.5835937813038427,153,91,25969,26612,9230,5019,14288,18120,43251,32166,0,0,11126,6731,17301,2925,6360,689,561,0,0,1456,42126,2654,7899,0,0,0,0,0
724,1439,725.2583712145437,99827,235,117,122,47,38355,19972,0.5842808057940236,144,84,26008,26650,9227,5017,14262,18083,43273,32203,0,0,11091,6715,17301,2919,6387,690,567,0,0,1483,42126,2644,7904,0,0,0,0,0
725,1439,726.219798068283,99827,222,111,122,47,38380,19986,0.5846714816632774,150,89,26037,26693,9220,5018,14247,18040,43295,32240,0,0,11061,6689,17309,2919,6409,692,571,0,0,1510,42125,2637,7905,0,0,0,0,0
726,1439,727.1801833393862,99827,225,116,122,47,38417,20010,0.5852825387921103,137,72,26079,26743,9205,5012,14230,18008,43317,32276,0,0,11024,6676,17309,2912,6433,695,580,0,0,1532,42131,2628,7907,0,0,0,0,0
727,1439,728.1392158391512,99827,224,127,122,47,38454,20033,0.5858835785909624,136,60,26095,26787,9206,5005,14215,17972,43338,32312,0,0,10985,6659,17316,2911,6448,698,589,0,0,1552,42141,2618,7910,0,0,0,0,0
728,1439,729.0973735039573,99827,220,130,122,47,38490,20047,0.5863844450900058,129,61,26121,26839,9210,4994,14196,17927,43359,32348,0,0,10946,6642,17327,2906,6463,701,598,0,0,1576,42146,2612,7910,0,0,0,0,0
729,1439,730.0549007572414,99827,222,120,122,47,38519,20060,0.5868051729492021,136,64,26150,26888,9199,5000,14169,17879,43380,32384,0,0,10910,6619,17332,2907,6486,701,605,0,0,1593,42157,2605,7912,0,0,0,0,0
730,1439,731.0113765960316,99827,225,120,122,47,38553,20078,0.5873260741082073,144,66,26173,26941,9188,4993,14146,17831,43401,32420,0,0,10872,6605,17333,2906,6503,706,610,0,0,1610,42172,2596,7914,0,0,0,0,0
731,1439,732.4441309204484,99827,218,133,122,47,38598,20107,0.5880673565267913,144,63,26234,27019,9183,4973,14097,17763,43422,32455,0,0,10834,6589,17334,2901,6524,712,623,0,0,1635,42171,2585,7919,0,0,0,0,0
732,1439,733.3975609469445,99827,224,123,122,47,38635,20116,0.5885281537059113,128,76,26279,27057,9170,4968,14075,17727,43443,32490,0,0,10806,6572,17337,2900,6546,716,621,0,0,1659,42177,2578,7915,0,0,0,0,0
733,1439,734.3495008558649,99827,217,123,122,47,38662,20134,0.5889789335550503,140,68,26297,27097,9165,4977,14057,17686,43463,32525,0,0,10769,6555,17338,2900,6573,718,625,0,0,1672,42195,2572,7910,0,0,0,0,0
734,1439,735.3002999835367,99827,204,131,122,47,38685,20156,0.5894297134041893,153,64,26325,27141,9160,4973,14034,17642,43483,32560,0,0,10739,6532,17348,2896,6588,722,630,0,0,1696,42196,2567,7913,0,0,0,0,0
735,1439,736.2503073533256,99827,218,125,122,47,38723,20170,0.5899506145631943,149,70,26341,27183,9147,4975,14021,17598,43503,32594,0,0,10705,6515,17359,2893,6605,722,638,0,0,1716,42201,2559,7914,0,0,0,0,0
736,1439,737.1995209286586,99827,218,124,122,47,38750,20188,0.5904013944123333,154,67,26372,27232,9132,4978,14000,17550,43523,32628,0,0,10669,6496,17372,2885,6617,726,651,0,0,1736,42203,2555,7917,0,0,0,0,0
737,1439,738.1477572627052,99827,222,123,122,47,38791,20202,0.590952347561281,143,67,26420,27281,9111,4969,13980,17511,43543,32662,0,0,10632,6479,17378,2886,6633,729,657,0,0,1758,42212,2547,7916,0,0,0,0,0
738,1439,739.0944694680469,99827,236,117,122,47,38828,20216,0.5914632313903052,143,66,26457,27325,9091,4977,13949,17466,43563,32696,0,0,10607,6461,17385,2885,6648,732,659,0,0,1780,42213,2536,7921,0,0,0,0,0
739,1439,740.0396193608467,99827,241,110,122,47,38866,20226,0.5919440632293869,136,70,26474,27364,9088,4975,13937,17432,43582,32730,0,0,10582,6436,17394,2882,6671,735,662,0,0,1798,42215,2532,7920,0,0,0,0,0
740,1439,741.4557102267346,99827,239,119,122,47,38915,20250,0.5926753283179901,119,60,26534,27434,9076,4964,13908,17374,43601,32763,0,0,10549,6414,17400,2884,6692,739,669,0,0,1825,42214,2525,7916,0,0,0,0,0
741,1439,742.3981764604248,99827,234,115,122,47,38948,20263,0.59313612549711,121,63,26554,27488,9074,4953,13893,17332,43620,32796,0,0,10521,6398,17405,2882,6711,744,674,0,0,1849,42212,2516,7915,0,0,0,0,0
742,1439,743.3399405443315,99827,244,116,122,47,38987,20277,0.5936670439860959,118,67,26579,27531,9064,4943,13871,17294,43639,32829,0,0,10491,6382,17414,2875,6725,748,679,0,0,1868,42216,2511,7918,0,0,0,0,0
743,1439,744.2808636467346,99827,241,127,122,47,39016,20297,0.5941578931551584,114,75,26617,27567,9051,4921,13853,17261,43658,32862,0,0,10459,6363,17423,2872,6740,750,684,0,0,1889,42222,2509,7916,0,0,0,0,0
744,1439,745.2205831378153,99827,232,130,122,47,39038,20317,0.5945786210143549,123,70,26638,27613,9041,4915,13842,17223,43677,32895,0,0,10427,6347,17427,2870,6757,753,689,0,0,1909,42228,2502,7918,0,0,0,0,0
745,1439,746.1591779083519,99826,227,129,122,48,39062,20331,0.5949652395167592,138,71,26678,27656,9022,4907,13811,17187,43696,32927,0,0,10401,6331,17435,2863,6770,756,691,0,0,1934,42226,2494,7925,0,0,0,0,0
746,1439,747.0965434297017,99826,234,135,122,48,39096,20358,0.5955763027668143,135,63,26708,27686,9009,4910,13790,17156,43714,32959,0,0,10363,6316,17444,2856,6787,759,701,0,0,1952,42235,2491,7922,0,0,0,0,0
747,1439,748.0326473343346,99826,226,129,122,48,39118,20371,0.5959269128283213,144,65,26746,27729,8998,4912,13762,17115,43732,32991,0,0,10333,6296,17458,2861,6793,763,704,0,0,1977,42236,2482,7923,0,0,0,0,0
748,1439,749.4346043454177,99826,231,136,122,48,39166,20399,0.5966882375333079,144,57,26812,27809,8978,4904,13711,17044,43750,33023,0,0,10299,6275,17463,2859,6818,766,713,0,0,2000,42237,2478,7918,0,0,0,0,0
749,1439,750.3672676257736,99826,241,136,122,48,39203,20414,0.5972091439104041,153,59,26853,27860,8942,4895,13687,17000,43768,33055,0,0,10269,6253,17472,2856,6833,771,720,0,0,2011,42249,2474,7918,0,0,0,0,0
750,1439,751.2983909545775,99826,245,132,122,48,39240,20423,0.5976699457055277,149,68,26883,27895,8930,4894,13669,16961,43786,33086,0,0,10239,6237,17478,2853,6850,773,724,0,0,2030,42254,2467,7921,0,0,0,0,0
751,1439,752.2282906640692,99826,246,125,122,48,39271,20438,0.5981307475006511,159,68,26915,27949,8917,4895,13639,16913,43804,33117,0,0,10202,6220,17486,2850,6860,778,734,0,0,2054,42257,2464,7921,0,0,0,0,0
752,1439,753.1570522099871,99826,247,122,122,48,39301,20450,0.5985514795744595,163,72,26939,27999,8907,4888,13620,16869,43822,33148,0,0,10179,6202,17491,2853,6872,786,737,0,0,2063,42265,2453,7925,0,0,0,0,0
753,1439,754.0848850873726,99826,251,127,122,48,39337,20470,0.5991124556728707,173,75,26961,28032,8894,4876,13597,16840,43839,33179,0,0,10147,6185,17502,2851,6888,788,742,0,0,2081,42273,2447,7922,0,0,0,0,0
754,1439,755.0117046328592,99826,268,125,122,48,39388,20487,0.5997936409352272,163,80,26990,28080,8883,4869,13572,16796,43856,33210,0,0,10118,6163,17510,2852,6903,790,748,0,0,2105,42272,2441,7924,0,0,0,0,0
755,1439,756.3998620110598,99825,273,133,123,48,39447,20526,0.6007813673929376,167,63,27043,28141,8880,4874,13512,16739,43873,33240,0,0,10085,6142,17511,2854,6930,793,758,0,0,2137,42258,2435,7922,0,0,0,0,0
756,1439,757.3237398530333,99825,278,126,123,48,39485,20536,0.6012622088655146,164,73,27079,28176,8864,4876,13490,16699,43890,33270,0,0,10051,6126,17516,2853,6946,794,767,0,0,2156,42264,2426,7926,0,0,0,0,0
757,1439,758.2464096528481,99825,289,120,123,48,39522,20552,0.6017931379914851,161,80,27104,28217,8848,4873,13473,16660,43907,33300,0,0,10023,6105,17521,2857,6959,797,767,0,0,2177,42269,2422,7928,0,0,0,0,0
758,1439,759.1680449918636,99825,298,123,123,48,39564,20567,0.6023641372401703,161,87,27117,28252,8841,4865,13458,16623,43924,33330,0,0,9994,6094,17520,2852,6974,802,771,0,0,2199,42272,2418,7929,0,0,0,0,0
759,1439,760.0890744070846,99825,308,126,123,48,39607,20582,0.6029451540195342,150,86,27154,28288,8827,4860,13436,16590,43941,33360,0,0,9967,6074,17528,2851,6990,805,777,0,0,2216,42274,2414,7929,0,0,0,0,0
760,1439,761.0090607428842,99825,298,133,123,48,39643,20608,0.6035662409216128,150,80,27166,28328,8837,4854,13424,16555,43957,33389,0,0,9936,6057,17527,2852,7008,812,784,0,0,2239,42275,2407,7928,0,0,0,0,0
761,1439,762.3878421337346,99825,280,139,123,48,39683,20634,0.6042273979464062,165,86,27204,28384,8842,4850,13384,16491,43973,33418,0,0,9898,6037,17525,2862,7026,817,794,0,0,2264,42275,2399,7928,0,0,0,0,0
762,1439,763.3058980939264,99825,272,140,123,48,39731,20650,0.6048685199098423,148,83,27236,28418,8853,4846,13366,16463,43989,33447,0,0,9862,6021,17524,2874,7032,822,801,0,0,2299,42267,2388,7935,0,0,0,0,0
763,1439,764.2233031694076,99825,278,145,123,48,39764,20675,0.6054495366892061,141,78,27278,28462,8837,4848,13341,16417,44005,33476,0,0,9837,6009,17529,2868,7047,824,808,0,0,2324,42258,2379,7942,0,0,0,0,0
764,1439,765.139468331372,99825,284,138,123,48,39806,20683,0.6059504132231405,146,93,27313,28506,8823,4841,13309,16372,44021,33505,0,0,9805,5990,17531,2873,7064,829,813,0,0,2333,42272,2374,7941,0,0,0,0,0
765,1439,766.0542638901885,99825,290,149,123,48,39839,20706,0.606511394941147,151,91,27328,28565,8806,4830,13300,16315,44037,33534,0,0,9786,5970,17543,2875,7073,831,817,0,0,2353,42266,2363,7948,0,0,0,0,0
766,1439,767.4246980128751,99825,286,171,123,48,39891,20743,0.6074029551715502,155,89,27365,28613,8812,4821,13257,16256,44053,33562,0,0,9753,5949,17549,2878,7093,833,829,0,0,2382,42256,2357,7946,0,0,0,0,0
767,1439,768.3371774199475,99825,300,177,123,48,39936,20770,0.6081242173804158,152,80,27396,28643,8807,4823,13220,16227,44069,33590,0,0,9725,5938,17543,2874,7113,837,831,0,0,2408,42256,2354,7946,0,0,0,0,0
768,1439,769.2486888671522,99825,293,168,123,48,39969,20794,0.608695216629101,162,83,27421,28666,8798,4843,13201,16190,44084,33618,0,0,9696,5917,17546,2872,7136,842,842,0,0,2435,42246,2350,7943,0,0,0,0,0
769,1439,770.1593558647353,99825,298,157,123,48,40009,20807,0.6092261457550714,151,88,27441,28703,8801,4850,13184,16152,44099,33646,0,0,9674,5899,17544,2874,7157,845,843,0,0,2462,42239,2343,7945,0,0,0,0,0
770,1439,771.069442669704,99825,301,159,123,48,40042,20831,0.6097971450037566,155,75,27453,28744,8800,4855,13166,16117,44114,33674,0,0,9645,5884,17550,2874,7168,850,849,0,0,2489,42235,2340,7941,0,0,0,0,0
771,1439,772.4333735443669,99825,303,156,123,48,40101,20855,0.6106286000500877,151,83,27500,28805,8794,4856,13127,16050,44129,33702,0,0,9616,5859,17547,2887,7188,855,856,0,0,2523,42222,2333,7939,0,0,0,0,0
772,1439,773.3414137335827,99825,304,166,123,48,40140,20878,0.6112496869521663,144,82,27537,28843,8793,4845,13097,16014,44144,33729,0,0,9591,5840,17547,2891,7204,859,858,0,0,2542,42226,2327,7940,0,0,0,0,0
773,1439,774.2485539169222,99825,305,164,123,48,40177,20897,0.6118106686701728,164,88,27546,28869,8787,4844,13073,15985,44159,33756,0,0,9565,5824,17552,2892,7219,864,861,0,0,2568,42221,2323,7936,0,0,0,0,0
774,1439,775.1549193598006,99825,311,162,123,48,40221,20911,0.6123916854495367,167,98,27583,28901,8779,4839,13035,15950,44174,33783,0,0,9536,5809,17556,2892,7235,866,865,0,0,2593,42219,2319,7935,0,0,0,0,0
775,1439,776.0600731669551,99825,318,156,123,48,40264,20928,0.6129927372902579,180,101,27606,28940,8777,4849,12994,15904,44189,33810,0,0,9507,5797,17550,2890,7260,869,872,0,0,2614,42220,2311,7935,0,0,0,0,0
776,1439,777.4159663487376,99825,321,161,123,48,40326,20960,0.6139343851740546,179,87,27644,29020,8780,4850,12951,15832,44204,33837,0,0,9474,5786,17548,2891,7281,875,878,0,0,2656,42203,2304,7929,0,0,0,0,0
777,1439,778.318818012133,99825,323,164,123,48,40363,20986,0.6145654896068119,182,80,27667,29051,8774,4853,12929,15802,44218,33864,0,0,9443,5774,17550,2892,7296,879,885,0,0,2682,42200,2298,7926,0,0,0,0,0
778,1439,779.2208292059298,99825,315,159,123,48,40396,21002,0.6150563486100676,197,89,27685,29087,8772,4852,12906,15763,44232,33890,0,0,9420,5760,17548,2890,7318,885,889,0,0,2707,42192,2294,7922,0,0,0,0,0
779,1439,780.122159058576,99825,313,163,123,48,40443,21027,0.6157776108189331,194,80,27718,29131,8781,4852,12869,15724,44246,33916,0,0,9398,5744,17552,2891,7336,891,893,0,0,2732,42178,2285,7925,0,0,0,0,0
780,1439,781.0226174357798,99825,319,159,123,48,40489,21045,0.6164187327823691,195,77,27732,29173,8778,4862,12851,15679,44260,33942,0,0,9379,5724,17559,2889,7358,895,900,0,0,2757,42163,2280,7921,0,0,0,0,0
781,1439,782.3722034523504,99824,328,156,124,48,40557,21067,0.6173264946305498,192,90,27764,29216,8781,4868,12809,15620,44274,33968,0,0,9343,5709,17553,2887,7390,901,914,0,0,2777,42161,2274,7915,0,0,0,0,0
782,1439,783.2707913276458,99824,324,154,124,48,40603,21091,0.6180277288026927,193,85,27785,29257,8791,4873,12781,15581,44288,33994,0,0,9320,5689,17554,2888,7412,908,924,0,0,2806,42144,2267,7912,0,0,0,0,0
783,1439,784.1688429779172,99824,312,157,124,48,40644,21107,0.6185987337714377,179,86,27825,29301,8807,4867,12751,15539,44302,34020,0,0,9291,5670,17556,2890,7428,913,935,0,0,2830,42138,2261,7912,0,0,0,0,0
784,1439,785.0660078356923,99824,306,162,124,48,40684,21122,0.6191497034781215,177,97,27846,29333,8818,4860,12727,15498,44316,34045,0,0,9265,5653,17562,2890,7447,916,942,0,0,2850,42135,2257,7907,0,0,0,0,0
785,1439,786.4103306293399,99824,297,165,124,48,40734,21153,0.6199611315916013,184,95,27904,29394,8813,4861,12676,15435,44330,34070,0,0,9235,5641,17552,2887,7482,917,951,0,0,2886,42117,2249,7907,0,0,0,0,0
786,1439,787.3050737478816,99824,305,164,124,48,40771,21173,0.6205321365603462,193,96,27933,29425,8802,4867,12641,15398,44344,34095,0,0,9213,5625,17558,2887,7496,919,956,0,0,2910,42109,2242,7909,0,0,0,0,0
787,1439,788.1986267183047,99824,299,164,124,48,40808,21192,0.6210931238980606,193,101,27955,29461,8806,4866,12621,15358,44357,34120,0,0,9190,5606,17554,2892,7518,921,962,0,0,2935,42101,2235,7910,0,0,0,0,0
788,1439,789.0914180517702,99824,298,167,124,48,40844,21213,0.6216641288668056,188,97,27986,29501,8795,4860,12607,15325,44370,34145,0,0,9171,5593,17555,2888,7538,924,962,0,0,2963,42090,2230,7910,0,0,0,0,0
789,1439,790.4290329887084,99824,297,172,124,48,40908,21244,0.6226158038147139,175,103,28034,29543,8804,4871,12564,15261,44383,34170,0,0,9139,5583,17547,2884,7573,928,971,0,0,2997,42076,2224,7902,0,0,0,0,0
790,1439,791.3195470970733,99824,312,173,124,48,40949,21262,0.6232068440455201,172,105,28053,29604,8786,4862,12551,15206,44396,34195,0,0,9114,5572,17550,2880,7589,929,978,0,0,3016,42073,2219,7904,0,0,0,0,0
791,1439,792.2091805861498,99824,312,168,124,48,40986,21284,0.6237978842763263,176,101,28068,29657,8784,4867,12534,15157,44409,34219,0,0,9090,5558,17547,2883,7610,932,983,0,0,3041,42065,2211,7904,0,0,0,0,0
792,1439,793.0984761144747,99824,306,164,124,48,41024,21303,0.6243688892450713,174,98,28100,29694,8787,4870,12507,15124,44422,34243,0,0,9063,5543,17548,2890,7622,937,990,0,0,3071,42054,2202,7904,0,0,0,0,0
793,1439,794.4305752584769,99824,313,175,124,48,41084,21342,0.6253606347171021,168,91,28135,29779,8785,4870,12473,15035,44435,34267,0,0,9040,5528,17547,2898,7643,939,992,0,0,3113,42031,2191,7902,0,0,0,0,0
794,1439,795.3177657247086,99824,318,175,124,48,41126,21365,0.626011780734092,160,92,28170,29819,8781,4873,12445,14991,44448,34291,0,0,9021,5512,17547,2896,7667,944,993,0,0,3135,42023,2189,7897,0,0,0,0,0
795,1439,796.2038677486653,99824,317,174,124,48,41158,21389,0.6265727680718064,171,90,28194,29853,8771,4881,12421,14952,44461,34315,0,0,8999,5497,17548,2898,7689,944,997,0,0,3161,42014,2180,7897,0,0,0,0,0
796,1439,797.088989232815,99824,310,170,124,48,41187,21406,0.6270335790992146,177,91,28219,29883,8769,4887,12399,14919,44474,34339,0,0,8971,5484,17548,2893,7713,946,1008,0,0,3179,42011,2175,7896,0,0,0,0,0
797,1439,798.4153430410504,99824,313,164,124,48,41247,21431,0.6278850777368168,181,89,28235,29943,8778,4892,12367,14862,44487,34363,0,0,8954,5465,17544,2889,7750,950,1015,0,0,3210,41987,2166,7894,0,0,0,0,0
798,1439,799.2991326992245,99824,307,171,124,48,41285,21453,0.6284861355986536,182,85,28262,29988,8782,4893,12341,14813,44499,34386,0,0,8938,5447,17546,2894,7772,952,1014,0,0,3234,41977,2160,7890,0,0,0,0,0
799,1439,800.1822481143092,99824,313,166,124,48,41322,21468,0.6290070524122455,177,89,28278,30034,8776,4895,12330,14766,44511,34409,0,0,8920,5432,17547,2897,7787,957,1018,0,0,3254,41970,2153,7889,0,0,0,0,0
800,1439,801.064795417315,99824,307,175,124,48,41362,21494,0.629668216060266,173,82,28300,30057,8789,4900,12305,14736,44523,34432,0,0,8893,5422,17544,2900,7804,960,1021,0,0,3283,41963,2146,7888,0,0,0,0,0
801,1439,802.387387807873,99823,292,181,125,48,41413,21528,0.6305260310750027,165,80,28340,30132,8796,4890,12280,14667,44535,34455,0,0,8866,5406,17539,2905,7835,963,1030,0,0,3320,41941,2138,7880,0,0,0,0,0
802,1439,803.2682809558269,99823,288,186,125,48,41452,21550,0.6311371126894604,166,76,28366,30157,8799,4890,12254,14641,44547,34478,0,0,8846,5395,17534,2903,7857,965,1034,0,0,3351,41926,2131,7881,0,0,0,0,0
803,1439,804.1484313282567,99823,272,178,125,48,41477,21564,0.6315278042134578,170,80,28396,30196,8799,4893,12236,14603,44559,34501,0,0,8826,5381,17536,2901,7874,969,1039,0,0,3384,41907,2126,7880,0,0,0,0,0
804,1439,805.0278890075405,99823,275,171,125,48,41517,21580,0.6320887971709926,159,79,28415,30241,8802,4896,12222,14563,44571,34524,0,0,8801,5373,17535,2896,7896,971,1044,0,0,3413,41896,2121,7877,0,0,0,0,0
805,1439,806.3459424074933,99823,286,173,125,48,41578,21610,0.6330004107269868,150,79,28460,30298,8805,4899,12172,14501,44583,34546,0,0,8778,5358,17538,2898,7921,974,1049,0,0,3443,41879,2115,7870,0,0,0,0,0
806,1439,807.2236089253329,99823,284,171,125,48,41608,21631,0.6335113150275988,150,77,28484,30317,8802,4907,12153,14478,44595,34568,0,0,8761,5339,17543,2902,7940,976,1050,0,0,3462,41869,2111,7870,0,0,0,0,0
807,1439,808.1003247510504,99823,278,166,125,48,41650,21647,0.6340923434479028,149,79,28507,30343,8813,4915,12126,14447,44607,34590,0,0,8735,5327,17532,2906,7963,983,1054,0,0,3483,41868,2106,7866,0,0,0,0,0
808,1439,809.4143910064156,99823,274,164,125,48,41704,21678,0.6349438506155896,155,69,28530,30398,8833,4928,12081,14391,44619,34612,0,0,8713,5315,17533,2903,7985,991,1058,0,0,3527,41838,2102,7858,0,0,0,0,0
809,1439,810.2898117966243,99823,273,155,125,48,41741,21693,0.6354647726475863,158,74,28550,30431,8831,4933,12061,14357,44630,34634,0,0,8688,5304,17533,2902,8006,993,1065,0,0,3554,41827,2097,7854,0,0,0,0,0
810,1439,811.1646081507793,99823,277,155,125,48,41775,21712,0.6359957124109674,162,67,28579,30478,8815,4938,12040,14312,44641,34656,0,0,8671,5292,17536,2904,8020,995,1062,0,0,3583,41816,2093,7851,0,0,0,0,0
811,1439,812.0385512084994,99823,274,149,125,48,41816,21724,0.6365266521743486,149,83,28616,30520,8817,4938,12017,14260,44652,34678,0,0,8644,5278,17535,2904,8042,998,1074,0,0,3602,41811,2087,7848,0,0,0,0,0
812,1439,813.3478516279932,99823,263,139,125,48,41861,21746,0.6371978401771135,154,72,28647,30599,8823,4945,11986,14195,44663,34700,0,0,8623,5267,17529,2903,8068,1008,1082,0,0,3633,41788,2081,7841,0,0,0,0,0
813,1439,814.219724789574,99823,255,130,125,48,41889,21759,0.63760856716388,160,79,28676,30631,8818,4948,11964,14162,44674,34721,0,0,8607,5253,17522,2899,8091,1013,1085,0,0,3657,41776,2079,7841,0,0,0,0,0
814,1439,815.0910557425532,99823,248,123,125,48,41920,21774,0.6380693828075694,157,79,28702,30673,8821,4952,11945,14123,44685,34742,0,0,8584,5243,17520,2900,8112,1015,1089,0,0,3681,41766,2074,7839,0,0,0,0,0
815,1439,816.3966684592907,99823,246,126,125,48,41963,21797,0.6387305530789498,145,79,28780,30737,8799,4953,11903,14055,44696,34763,0,0,8567,5228,17519,2899,8133,1020,1091,0,0,3711,41748,2073,7834,0,0,0,0,0
816,1439,817.2653839846821,99823,252,126,125,48,41995,21812,0.6392013864540236,148,85,28787,30773,8797,4951,11889,14015,44707,34784,0,0,8546,5220,17519,2896,8145,1025,1096,0,0,3725,41749,2066,7836,0,0,0,0,0
817,1439,818.1333970309589,99823,249,135,125,48,42022,21834,0.6396922552918666,143,88,28811,30804,8791,4939,11879,13984,44718,34805,0,0,8527,5205,17526,2896,8159,1026,1104,0,0,3741,41743,2058,7838,0,0,0,0,0
818,1439,819.0006801385584,99823,251,142,125,48,42051,21855,0.6401931418610941,138,84,28842,30837,8783,4941,11859,13946,44729,34826,0,0,8507,5195,17528,2895,8173,1028,1105,0,0,3761,41740,2055,7836,0,0,0,0,0
819,1439,820.3000879063608,99823,248,145,125,48,42102,21881,0.6409645071777046,133,78,28895,30922,8785,4935,11812,13870,44740,34847,0,0,8482,5180,17525,2898,8191,1035,1112,0,0,3793,41724,2052,7831,0,0,0,0,0
820,1439,821.165139886197,99823,238,145,125,48,42117,21898,0.6412850745820101,142,71,28929,30964,8771,4934,11793,13836,44751,34868,0,0,8463,5163,17530,2902,8205,1035,1116,0,0,3811,41720,2047,7831,0,0,0,0,0
821,1439,822.0293014058722,99823,233,144,125,48,42139,21920,0.6417258547629304,147,69,28945,31002,8768,4934,11780,13801,44762,34888,0,0,8449,5151,17534,2897,8218,1040,1122,0,0,3836,41703,2040,7833,0,0,0,0,0
822,1439,823.3241441391125,99823,231,148,125,48,42183,21946,0.6424270959598489,150,59,28994,31078,8771,4932,11727,13733,44773,34908,0,0,8425,5136,17533,2904,8233,1043,1130,0,0,3863,41689,2032,7835,0,0,0,0,0
823,1439,824.1862697231529,99823,237,151,125,48,42209,21963,0.6428578584093846,153,59,29020,31117,8762,4931,11701,13692,44783,34928,0,0,8416,5122,17538,2904,8246,1045,1130,0,0,3879,41681,2025,7837,0,0,0,0,0
824,1439,825.0474865275713,99823,249,153,125,48,42250,21974,0.6433787804413812,148,63,29031,31149,8758,4918,11687,13667,44793,34948,0,0,8393,5107,17544,2904,8256,1046,1137,0,0,3896,41679,2025,7836,0,0,0,0,0
825,1439,826.338392659618,99823,249,143,125,48,42302,21989,0.6440499684441462,138,67,29069,31213,8769,4913,11648,13614,44803,34968,0,0,8367,5093,17540,2908,8280,1048,1147,0,0,3927,41661,2020,7832,0,0,0,0,0
826,1439,827.198084178729,99823,248,137,125,48,42331,22007,0.64452080181922,142,68,29089,31247,8766,4920,11628,13578,44813,34988,0,0,8350,5081,17536,2901,8307,1050,1151,0,0,3947,41651,2019,7830,0,0,0,0,0
827,1439,828.0572536707901,99823,247,131,125,48,42363,22022,0.6449916351942939,138,68,29106,31273,8764,4924,11618,13554,44823,35008,0,0,8332,5069,17536,2902,8314,1059,1156,0,0,3968,41642,2013,7832,0,0,0,0,0
828,1439,829.345103128626,99823,248,126,125,48,42414,22040,0.6456828586598279,132,65,29147,31332,8763,4924,11583,13503,44833,35028,0,0,8311,5057,17539,2902,8326,1070,1163,0,0,3995,41625,2008,7827,0,0,0,0,0
829,1439,830.2027500976732,99823,248,120,125,48,42446,22057,0.6461737274976709,118,63,29175,31371,8767,4930,11565,13466,44843,35048,0,0,8290,5046,17540,2900,8346,1072,1168,0,0,4019,41616,2004,7822,0,0,0,0,0
830,1439,831.0596400663312,99823,249,127,125,48,42471,22075,0.6466044899472065,119,61,29210,31396,8757,4925,11538,13441,44853,35067,0,0,8276,5036,17539,2895,8368,1073,1168,0,0,4029,41617,2002,7820,0,0,0,0,0
831,1439,832.3433602707606,99823,237,120,125,48,42519,22088,0.6472155715616641,118,68,29248,31461,8767,4912,11503,13389,44863,35086,0,0,8259,5021,17533,2899,8390,1082,1174,0,0,4053,41602,1991,7819,0,0,0,0,0
832,1439,833.19828604051,99823,222,129,125,48,42543,22111,0.647686404936738,111,61,29276,31502,8778,4904,11486,13354,44873,35105,0,0,8239,5011,17534,2900,8401,1087,1180,0,0,4078,41590,1986,7817,0,0,0,0,0
833,1439,834.0525242296413,99823,217,135,125,48,42561,22128,0.6480370255351973,123,60,29305,31536,8762,4901,11466,13318,44883,35124,0,0,8226,5001,17539,2900,8411,1088,1179,0,0,4099,41582,1980,7818,0,0,0,0,0
834,1439,835.3324698914664,99823,216,131,125,48,42599,22149,0.6486280716868857,119,61,29341,31593,8767,4904,11430,13261,44893,35143,0,0,8208,4988,17539,2897,8427,1094,1187,0,0,4126,41563,1975,7819,0,0,0,0,0
835,1439,836.1848737067866,99823,212,130,125,48,42623,22162,0.6489987277481142,125,63,29367,31618,8762,4906,11407,13233,44903,35162,0,0,8185,4980,17542,2894,8440,1098,1191,0,0,4141,41564,1974,7814,0,0,0,0,0
836,1439,837.0363578226982,99823,210,132,125,48,42641,22181,0.6493693838093425,120,62,29403,31653,8748,4908,11392,13195,44913,35181,0,0,8168,4973,17543,2895,8452,1099,1192,0,0,4160,41560,1966,7815,0,0,0,0,0
837,1439,838.3119324059684,99823,212,126,125,48,42677,22204,0.649960429961031,129,59,29439,31704,8733,4918,11360,13143,44922,35200,0,0,8153,4960,17542,2898,8468,1105,1196,0,0,4187,41542,1960,7812,0,0,0,0,0
838,1439,839.1615194340544,99823,212,126,125,48,42699,22217,0.6503110505594903,138,55,29464,31754,8726,4911,11333,13104,44931,35219,0,0,8134,4953,17542,2897,8478,1106,1198,0,0,4206,41537,1957,7815,0,0,0,0,0
839,1439,840.0101504827358,99823,220,122,125,48,42729,22228,0.6507217775462569,138,52,29492,31781,8714,4917,11309,13078,44940,35237,0,0,8113,4948,17541,2897,8483,1111,1202,0,0,4224,41536,1952,7816,0,0,0,0,0
840,1439,841.2816292582135,99823,223,113,125,48,42766,22238,0.6511926109213307,145,63,29537,31844,8697,4904,11271,13026,44949,35255,0,0,8093,4944,17533,2889,8501,1116,1204,0,0,4250,41528,1950,7815,0,0,0,0,0
841,1439,842.1282151467465,99823,234,126,125,48,42801,22257,0.6517335684160965,141,59,29542,31879,8693,4894,11263,12992,44958,35273,0,0,8076,4936,17530,2887,8516,1118,1205,0,0,4259,41534,1947,7815,0,0,0,0,0
842,1439,843.3971496790639,99823,232,129,125,48,42841,22281,0.6523747032247077,136,58,29587,31929,8678,4893,11240,12941,44967,35291,0,0,8057,4929,17525,2886,8537,1124,1210,0,0,4285,41521,1943,7806,0,0,0,0,0
843,1439,844.2421537457842,99823,231,134,125,48,42868,22301,0.6528455365997816,131,60,29596,31956,8681,4896,11234,12904,44976,35309,0,0,8043,4921,17526,2884,8549,1129,1212,0,0,4302,41511,1939,7807,0,0,0,0,0
844,1439,845.0868908910676,99823,225,124,125,48,42897,22308,0.6532061749296254,125,65,29620,31994,8685,4894,11218,12873,44985,35327,0,0,8023,4913,17522,2883,8562,1134,1217,0,0,4327,41501,1936,7805,0,0,0,0,0
845,1439,846.3527874839072,99823,237,116,125,48,42946,22324,0.6538573274696212,126,74,29667,32040,8672,4894,11171,12826,44994,35345,0,0,8001,4901,17526,2885,8581,1136,1224,0,0,4349,41490,1932,7798,0,0,0,0,0
846,1439,847.1955938274677,99823,245,111,125,48,42982,22337,0.6543481963074642,116,76,29686,32077,8673,4897,11153,12789,45003,35363,0,0,7985,4895,17527,2883,8590,1141,1226,0,0,4374,41477,1927,7798,0,0,0,0,0
847,1439,848.037823161535,99823,224,116,125,48,43002,22357,0.6547489055628463,129,65,29694,32099,8685,4899,11141,12771,45012,35381,0,0,7972,4886,17524,2884,8602,1148,1225,0,0,4399,41463,1921,7799,0,0,0,0,0
848,1439,849.3004534889915,99823,231,124,125,48,43040,22383,0.6553900403714574,140,45,29735,32146,8666,4896,11101,12739,45021,35399,0,0,7955,4875,17523,2884,8617,1151,1229,0,0,4422,41452,1918,7797,0,0,0,0,0
849,1439,850.1411983862015,99823,236,120,125,48,43073,22397,0.6558608737465313,138,49,29771,32172,8658,4896,11070,12713,45030,35416,0,0,7939,4864,17524,2884,8629,1154,1235,0,0,4441,41441,1912,7800,0,0,0,0,0
850,1439,851.4005183735388,99823,234,119,125,48,43118,22413,0.6564719553609889,135,53,29824,32219,8661,4890,11019,12669,45039,35433,0,0,7917,4854,17520,2882,8644,1157,1243,0,0,4473,41423,1907,7803,0,0,0,0,0
851,1439,852.2387558798524,99823,244,123,125,48,43151,22427,0.6569427887360628,131,54,29857,32246,8640,4880,11001,12647,45048,35450,0,0,7901,4846,17520,2882,8648,1164,1245,0,0,4488,41422,1905,7802,0,0,0,0,0
852,1439,853.076089075364,99823,247,122,125,48,43184,22437,0.6573735511855985,125,58,29873,32276,8643,4879,10985,12615,45057,35467,0,0,7889,4839,17518,2873,8673,1165,1247,0,0,4501,41415,1901,7802,0,0,0,0,0
853,1439,854.3311385501767,99823,237,115,125,48,43220,22459,0.6579545796059024,130,60,29906,32330,8656,4882,10944,12563,45066,35484,0,0,7867,4828,17508,2874,8697,1168,1256,0,0,4534,41395,1896,7800,0,0,0,0,0
854,1439,855.167145279303,99823,240,105,125,48,43249,22468,0.6583352533985154,122,66,29932,32361,8653,4882,10926,12536,45075,35501,0,0,7851,4818,17509,2875,8702,1177,1261,0,0,4552,41387,1893,7798,0,0,0,0,0
855,1439,856.002526855059,99823,243,108,125,48,43274,22482,0.6587259449225128,121,66,29958,32400,8646,4874,10905,12502,45083,35518,0,0,7832,4809,17514,2875,8706,1181,1267,0,0,4565,41385,1890,7799,0,0,0,0,0
856,1439,857.2540230551465,99823,238,117,125,48,43309,22507,0.6593270088055859,119,60,30011,32447,8634,4867,10871,12459,45091,35535,0,0,7816,4795,17513,2877,8724,1186,1272,0,0,4581,41378,1885,7796,0,0,0,0,0
857,1439,858.087236066929,99823,242,120,125,48,43342,22518,0.6597677889865061,114,60,30028,32476,8637,4859,10852,12435,45099,35552,0,0,7800,4787,17513,2877,8736,1190,1275,0,0,4591,41377,1881,7796,0,0,0,0,0
858,1439,859.336045328051,99823,238,108,125,48,43388,22535,0.6603989060637329,120,57,30059,32528,8642,4865,10814,12392,45107,35569,0,0,7776,4777,17500,2881,8769,1191,1283,0,0,4616,41364,1875,7791,0,0,0,0,0
859,1439,860.1679141245929,99823,218,113,125,48,43409,22553,0.6607895975877303,124,46,30101,32570,8650,4857,10780,12364,45115,35586,0,0,7758,4766,17502,2886,8779,1197,1287,0,0,4634,41358,1869,7787,0,0,0,0,0
860,1439,861.4139638447829,99823,205,113,125,48,43441,22570,0.6612804664255733,124,49,30141,32620,8656,4851,10747,12317,45123,35602,0,0,7742,4756,17497,2886,8793,1206,1290,0,0,4656,41345,1867,7785,0,0,0,0,0
861,1439,862.2438263402923,99823,210,108,125,48,43469,22580,0.6616611402181862,126,50,30161,32646,8650,4854,10726,12292,45131,35618,0,0,7731,4747,17497,2888,8802,1209,1287,0,0,4678,41334,1865,7785,0,0,0,0,0
862,1439,863.0731306159104,99823,204,108,125,48,43497,22593,0.6620718672049528,118,43,30192,32668,8648,4860,10711,12271,45139,35634,0,0,7713,4736,17497,2895,8813,1213,1288,0,0,4693,41331,1862,7782,0,0,0,0,0
863,1439,864.3158453950081,99823,206,105,125,48,43538,22610,0.6626528956252568,114,57,30223,32720,8649,4856,10681,12212,45147,35650,0,0,7701,4727,17488,2890,8841,1217,1290,0,0,4716,41317,1860,7776,0,0,0,0,0
864,1439,865.1435384757352,99823,206,102,125,48,43561,22620,0.6629834807609469,112,59,30264,32757,8636,4850,10655,12182,45155,35666,0,0,7691,4715,17493,2891,8850,1222,1291,0,0,4729,41311,1857,7773,0,0,0,0,0
865,1439,866.3832705920476,99823,197,97,125,48,43593,22641,0.6635144205243281,111,58,30329,32798,8631,4861,10605,12136,45163,35682,0,0,7676,4701,17490,2894,8873,1226,1295,0,0,4753,41295,1853,7767,0,0,0,0,0
866,1439,867.2083671774495,99823,200,100,125,48,43619,22653,0.6638950943169409,103,62,30355,32815,8624,4856,10591,12117,45171,35698,0,0,7660,4698,17484,2891,8889,1227,1295,0,0,4765,41296,1849,7769,0,0,0,0,0
867,1439,868.0326805053535,99823,192,98,125,48,43632,22660,0.664095448944632,108,66,30375,32843,8617,4853,10581,12090,45179,35714,0,0,7651,4693,17484,2887,8900,1231,1294,0,0,4778,41291,1843,7771,0,0,0,0,0
868,1439,869.268029381641,99823,195,96,125,48,43674,22678,0.664696512827705,104,71,30418,32889,8614,4849,10542,12045,45187,35730,0,0,7634,4685,17474,2889,8919,1237,1301,0,0,4798,41280,1837,7769,0,0,0,0,0
869,1439,870.0906194260707,99823,189,104,125,48,43690,22696,0.6650371156947797,114,62,30437,32918,8610,4842,10523,12024,45195,35746,0,0,7620,4677,17474,2888,8929,1240,1301,0,0,4813,41278,1835,7768,0,0,0,0,0
870,1439,871.3232117372653,99823,180,97,125,48,43714,22711,0.6654278072187773,118,63,30491,32983,8595,4838,10489,11969,45203,35762,0,0,7604,4669,17472,2887,8944,1243,1306,0,0,4840,41259,1831,7768,0,0,0,0,0
871,1439,872.1439861765352,99823,184,95,125,48,43737,22721,0.6657583923544674,117,63,30516,33023,8583,4836,10473,11933,45211,35778,0,0,7587,4661,17474,2885,8952,1246,1309,0,0,4854,41259,1829,7767,0,0,0,0,0
872,1439,873.3735887447476,99823,195,104,125,48,43780,22740,0.6663794917003095,108,67,30558,33065,8575,4828,10437,11886,45219,35793,0,0,7576,4655,17473,2878,8971,1249,1313,0,0,4870,41247,1825,7766,0,0,0,0,0
873,1439,874.1923049791397,99823,198,104,125,48,43800,22753,0.6667100768359997,105,71,30586,33087,8564,4825,10420,11863,45227,35808,0,0,7562,4648,17474,2875,8979,1251,1315,0,0,4889,41240,1825,7765,0,0,0,0,0
874,1439,875.0104048285855,99823,195,106,125,48,43827,22763,0.6670807328972281,98,75,30607,33109,8570,4821,10403,11839,45235,35823,0,0,7547,4634,17475,2877,8993,1252,1319,0,0,4903,41236,1824,7763,0,0,0,0,0
875,1439,876.2361244603453,99823,194,112,125,48,43857,22791,0.6676617613175321,99,60,30665,33156,8559,4825,10356,11797,45242,35838,0,0,7531,4630,17471,2876,9003,1258,1322,0,0,4929,41222,1818,7763,0,0,0,0,0
876,1439,877.052234525772,99823,188,100,125,48,43876,22801,0.667952275527684,109,57,30701,33191,8549,4830,10326,11772,45249,35853,0,0,7518,4623,17471,2879,9009,1263,1324,0,0,4955,41207,1811,7763,0,0,0,0,0
877,1439,878.2745409468174,99823,178,100,125,48,43904,22820,0.6684231089027579,109,51,30783,33252,8526,4828,10277,11719,45256,35868,0,0,7507,4611,17471,2880,9023,1269,1326,0,0,4976,41189,1809,7762,0,0,0,0,0
878,1439,879.0877412709109,99823,180,102,125,48,43928,22833,0.6687937649639862,104,48,30809,33283,8516,4825,10264,11692,45263,35883,0,0,7497,4601,17471,2876,9041,1270,1325,0,0,4990,41185,1809,7758,0,0,0,0,0
879,1439,880.3060293270275,99823,165,109,125,48,43953,22851,0.6692245274135219,94,41,30871,33322,8507,4821,10236,11657,45270,35898,0,0,7484,4593,17470,2874,9056,1275,1326,0,0,5011,41174,1806,7754,0,0,0,0,0
880,1439,881.1170612968567,99823,162,104,125,48,43964,22858,0.6694048465784438,100,42,30913,33363,8488,4817,10210,11624,45277,35913,0,0,7472,4583,17473,2871,9070,1275,1329,0,0,5021,41172,1806,7751,0,0,0,0,0
881,1439,882.3316799849981,99823,159,85,125,48,43992,22866,0.6697654849082877,96,52,30969,33423,8476,4815,10173,11575,45284,35928,0,0,7459,4577,17468,2872,9086,1279,1332,0,0,5050,41152,1799,7749,0,0,0,0,0
882,1439,883.1402834469333,99823,160,93,125,48,44010,22883,0.6701161055067469,95,47,30997,33447,8457,4810,10164,11553,45291,35943,0,0,7445,4568,17469,2871,9091,1285,1334,0,0,5056,41157,1798,7749,0,0,0,0,0
883,1439,884.3516763921782,99823,153,92,125,48,44032,22898,0.6704867615679753,93,45,31043,33488,8447,4813,10137,11512,45298,35958,0,0,7432,4559,17466,2869,9108,1289,1340,0,0,5069,41149,1793,7749,0,0,0,0,0
884,1439,885.1584282665237,99823,147,85,125,48,44047,22908,0.670737204852589,91,43,31072,33516,8441,4817,10122,11489,45305,35972,0,0,7417,4556,17466,2866,9123,1290,1341,0,0,5085,41142,1790,7747,0,0,0,0,0
885,1439,886.367045360148,99823,140,82,125,48,44071,22919,0.6710878254510484,91,42,31120,33560,8434,4811,10088,11455,45312,35986,0,0,7399,4551,17460,2869,9136,1294,1346,0,0,5100,41139,1784,7745,0,0,0,0,0
886,1439,887.1718466786152,99823,146,75,125,48,44089,22924,0.671318233272893,85,47,31152,33605,8414,4809,10076,11414,45319,36000,0,0,7387,4544,17459,2866,9149,1295,1349,0,0,5108,41139,1782,7745,0,0,0,0,0
887,1439,888.3775753604054,99823,152,75,125,48,44113,22940,0.671718942528275,82,41,31200,33650,8393,4811,10046,11373,45326,36014,0,0,7375,4536,17453,2868,9167,1296,1348,0,0,5120,41140,1779,7741,0,0,0,0,0
888,1439,889.1803930235151,99823,150,76,125,48,44135,22946,0.6719994390070425,74,44,31226,33677,8390,4805,10033,11348,45333,36028,0,0,7363,4530,17452,2867,9179,1298,1350,0,0,5130,41139,1775,7740,0,0,0,0,0
889,1439,890.3833050433859,99823,145,72,125,48,44157,22955,0.6723099886799635,71,46,31275,33721,8377,4796,10005,11315,45340,36042,0,0,7349,4526,17450,2869,9185,1301,1350,0,0,5156,41127,1770,7740,0,0,0,0,0
890,1439,891.1843886167312,99823,137,73,125,48,44166,22964,0.6724903078448854,71,40,31298,33756,8377,4784,9990,11297,45347,36056,0,0,7334,4520,17451,2870,9193,1304,1355,0,0,5160,41131,1765,7740,0,0,0,0,0
891,1439,892.3849078557326,99823,133,69,125,48,44185,22976,0.6728008575178065,66,39,31338,33824,8370,4767,9966,11251,45354,36070,0,0,7325,4509,17449,2868,9212,1304,1357,0,0,5176,41120,1762,7741,0,0,0,0,0
892,1439,893.1843838260893,99823,131,75,125,48,44198,22984,0.6730112298768821,62,36,31360,33843,8360,4761,9960,11235,45361,36084,0,0,7312,4505,17451,2864,9219,1305,1358,0,0,5187,41121,1761,7740,0,0,0,0,0
893,1439,894.3827153495522,99823,126,80,125,48,44220,22998,0.6733718682067259,57,35,31415,33892,8354,4747,9921,11196,45368,36098,0,0,7305,4494,17453,2865,9233,1308,1357,0,0,5199,41115,1757,7737,0,0,0,0,0
894,1439,895.1805488364289,99823,123,80,125,48,44230,23005,0.6735421696402633,60,33,31451,33925,8337,4739,9902,11173,45375,36112,0,0,7300,4484,17460,2864,9237,1310,1354,0,0,5215,41106,1757,7736,0,0,0,0,0
895,1439,896.3755053048706,99823,115,77,125,48,44247,23018,0.6738427015817998,59,29,31503,33967,8323,4727,9873,11150,45382,36126,0,0,7293,4478,17455,2862,9256,1311,1351,0,0,5237,41093,1752,7735,0,0,0,0,0
896,1439,897.1710830721998,99823,110,78,125,48,44258,23026,0.6740330384781063,58,29,31551,33991,8306,4719,9848,11133,45389,36140,0,0,7284,4470,17455,2860,9268,1312,1352,0,0,5244,41092,1749,7737,0,0,0,0,0
897,1439,898.3626271554646,99823,103,76,125,48,44275,23036,0.6743035172254891,59,31,31607,34046,8295,4700,9809,11097,45396,36154,0,0,7275,4463,17458,2855,9284,1315,1352,0,0,5260,41083,1748,7730,0,0,0,0,0
898,1439,899.1558069944994,99823,102,75,125,48,44286,23044,0.6744938541217956,64,28,31632,34082,8279,4698,9796,11067,45402,36167,0,0,7264,4458,17457,2853,9295,1315,1355,0,0,5269,41082,1744,7731,0,0,0,0,0
899,1439,900.3442046450075,99823,100,72,125,48,44296,23050,0.6746541378239483,89,52,31653,34115,8259,4692,9772,11019,45402,36167,0,0,7263,4457,17456,2855,9300,1318,1355,0,0,5274,41075,1744,7726,0,0,0,0,0
900,1439,900.3442046450075,99823,103,64,125,48,44303,23054,0.6747643328691785,87,50,31677,34130,8250,4704,9756,11002,45402,36167,0,0,7262,4456,17453,2854,9306,1318,1355,1,7,5273,41068,1744,7726,0,0,0,0,0
901,1439,901.1354698479425,99823,108,62,125,48,44320,23062,0.6750147761537922,83,45,31714,34167,8234,4702,9734,10974,45402,36167,0,0,7260,4455,17450,2857,9311,1319,1355,3,17,5272,41058,1742,7724,0,0,0,0,0
902,1439,902.3204843341288,99823,113,64,125,48,44344,23074,0.675375414483636,77,43,31792,34225,8210,4691,9681,10927,45402,36167,0,0,7256,4454,17447,2860,9317,1321,1354,7,28,5271,41047,1740,7721,0,0,0,0,0
903,1439,903.1090092978635,99823,118,60,125,48,44358,23080,0.675575769111327,73,43,31838,34257,8196,4692,9648,10898,45402,36167,0,0,7253,4454,17446,2860,9319,1321,1354,10,42,5270,41033,1740,7721,0,0,0,0,0
904,1439,904.2895706511996,99823,114,58,125,48,44381,23089,0.6758963365156326,70,50,31892,34297,8183,4682,9614,10863,45402,36167,0,0,7249,4451,17437,2861,9333,1323,1354,14,55,5268,41020,1740,7718,0,0,0,0,0
905,1439,905.0755767848286,99823,109,56,125,48,44391,23098,0.6760866734119392,67,52,31931,34327,8182,4679,9584,10836,45402,36167,0,0,7247,4449,17433,2864,9338,1326,1353,16,64,5266,41011,1739,7717,0,0,0,0,0
906,1439,906.2528598726901,99823,109,65,125,48,44415,23114,0.6764873826673211,64,44,31988,34376,8172,4670,9540,10795,45402,36167,0,0,7243,4445,17431,2869,9343,1327,1353,20,78,5265,40997,1737,7715,0,0,0,0,0
907,1439,907.0365342293949,99823,107,66,125,48,44429,23127,0.6767578614147041,58,39,32035,34412,8163,4675,9510,10758,45402,36167,0,0,7239,4445,17428,2869,9348,1331,1353,24,89,5264,40986,1737,7710,0,0,0,0,0
908,1439,908.210120167505,99823,105,71,125,48,44447,23141,0.6770784288190096,58,33,32086,34469,8156,4669,9468,10708,45402,36167,0,0,7239,4443,17421,2869,9359,1334,1353,24,99,5263,40976,1737,7706,0,0,0,0,0
909,1439,909.3818232983846,99823,107,68,125,48,44469,23151,0.6773989962233152,61,31,32135,34534,8148,4664,9422,10653,45402,36167,0,0,7238,4442,17416,2872,9364,1337,1351,25,116,5263,40959,1737,7703,0,0,0,0,0
910,1439,910.1619278996604,99823,110,68,125,48,44485,23156,0.6776093685823908,62,37,32174,34566,8131,4660,9396,10619,45402,36167,0,0,7237,4440,17414,2874,9368,1340,1351,26,120,5261,40955,1736,7701,0,0,0,0,0
911,1439,911.3305258687907,99823,116,68,125,48,44506,23164,0.6778998827925428,63,37,32204,34621,8122,4654,9368,10570,45402,36167,0,0,7237,4440,17412,2874,9375,1343,1351,26,129,5259,40946,1736,7695,0,0,0,0,0
912,1439,912.1088625052529,99823,122,72,125,48,44520,23173,0.6781302906143875,60,34,32248,34648,8105,4655,9338,10541,45402,36167,0,0,7235,4439,17411,2875,9378,1343,1350,28,135,5259,40940,1736,7694,0,0,0,0,0
913,1439,913.2743670617126,99823,123,74,125,48,44541,23184,0.6784508580186931,61,40,32303,34690,8092,4647,9294,10499,45402,36167,0,0,7233,4438,17407,2876,9389,1344,1350,30,148,5256,40927,1736,7689,0,0,0,0,0
914,1439,914.0502761138755,99823,115,77,125,48,44551,23194,0.6786512126463841,63,40,32342,34730,8084,4640,9269,10463,45402,36167,0,0,7230,4437,17403,2875,9397,1345,1350,33,159,5254,40916,1736,7688,0,0,0,0,0
915,1439,915.2123852813447,99823,112,71,125,48,44565,23205,0.6789016559309978,72,44,32394,34772,8068,4648,9227,10415,45402,36167,0,0,7228,4437,17395,2876,9407,1349,1349,35,171,5251,40904,1735,7686,0,0,0,0,0
916,1439,916.3727269243777,99823,112,80,125,48,44591,23226,0.6793724893060717,66,35,32443,34820,8058,4645,9194,10370,45402,36167,0,0,7223,4434,17389,2879,9420,1352,1349,40,181,5248,40894,1735,7679,0,0,0,0,0
917,1439,917.1453589081666,99823,114,79,125,48,44604,23235,0.6795928793965319,64,33,32486,34849,8047,4641,9162,10348,45402,36167,0,0,7219,4434,17384,2879,9428,1353,1349,44,188,5246,40887,1735,7677,0,0,0,0,0
918,1439,918.3023584595552,99823,113,76,125,48,44621,23244,0.6798533404125302,62,34,32544,34893,8024,4634,9130,10313,45402,36167,0,0,7216,4433,17380,2877,9436,1354,1349,47,204,5244,40871,1735,7677,0,0,0,0,0
919,1439,919.0726509941447,99823,116,73,125,48,44634,23249,0.6800336595774521,54,37,32592,34929,8007,4625,9104,10286,45402,36167,0,0,7215,4432,17377,2878,9438,1356,1349,48,213,5244,40862,1735,7676,0,0,0,0,0
920,1439,920.2261280002267,99823,123,72,125,48,44663,23259,0.6804243511014496,45,36,32634,34989,8001,4610,9070,10243,45402,36167,0,0,7212,4430,17375,2881,9443,1358,1349,51,229,5243,40846,1732,7674,0,0,0,0,0
921,1439,921.3781068932428,99823,111,70,125,48,44673,23273,0.6806647766546787,54,32,32684,35043,7993,4606,9031,10199,45402,36167,0,0,7206,4428,17365,2882,9460,1359,1348,57,238,5241,40837,1731,7671,0,0,0,0,0
922,1439,922.1451575046653,99823,113,76,125,48,44683,23285,0.6808851667451389,56,25,32715,35068,7982,4602,9007,10179,45402,36167,0,0,7205,4426,17361,2884,9464,1360,1348,58,243,5241,40832,1731,7670,0,0,0,0,0
923,1439,923.2943672730268,99823,109,70,125,48,44697,23292,0.6810955391042145,67,30,32748,35107,7975,4596,8974,10147,45402,36167,0,0,7205,4422,17358,2889,9472,1362,1348,58,257,5240,40818,1730,7664,0,0,0,0,0
924,1439,924.0597546038325,99823,110,73,125,48,44707,23299,0.6812658405377519,68,33,32786,35141,7970,4584,8939,10119,45402,36167,0,0,7203,4420,17356,2892,9477,1362,1347,60,260,5240,40815,1730,7661,0,0,0,0,0
925,1439,925.2061199945938,99823,121,66,125,48,44734,23304,0.6815864079420575,60,36,32830,35186,7956,4580,8906,10082,45402,36167,0,0,7200,4420,17350,2891,9488,1365,1347,63,267,5238,40808,1729,7657,0,0,0,0,0
926,1439,926.3509021644961,99823,117,60,125,48,44755,23311,0.6818669044208249,57,43,32896,35247,7940,4571,8863,10029,45402,36167,0,0,7198,4417,17345,2894,9497,1366,1346,65,288,5237,40787,1729,7654,0,0,0,0,0
927,1439,927.1129588287338,99823,113,65,125,48,44762,23324,0.6820672590485158,62,36,32930,35280,7930,4570,8838,9999,45402,36167,0,0,7197,4416,17343,2896,9499,1368,1346,66,298,5237,40777,1728,7652,0,0,0,0,0
928,1439,928.2544316467892,99823,118,69,125,48,44779,23339,0.6823878264528215,62,35,32981,35324,7911,4560,8801,9962,45402,36167,0,0,7196,4416,17339,2898,9505,1370,1344,67,308,5236,40767,1728,7649,0,0,0,0,0
929,1439,929.0144008058077,99823,120,71,125,48,44791,23350,0.6826182342746662,61,32,33013,35348,7901,4559,8778,9940,45402,36167,0,0,7195,4416,17334,2897,9510,1373,1343,68,314,5236,40761,1728,7648,0,0,0,0,0
930,1439,930.1530060121004,99823,116,68,125,48,44808,23362,0.6829087484848181,60,34,33056,35393,7890,4561,8751,9894,45402,36167,0,0,7194,4414,17329,2900,9521,1376,1343,69,328,5231,40747,1726,7645,0,0,0,0,0
931,1439,931.2900913760055,99823,121,59,125,48,44826,23369,0.6831591917694319,60,44,33112,35426,7869,4557,8711,9864,45402,36167,0,0,7191,4412,17328,2901,9525,1379,1342,72,340,5230,40734,1726,7643,0,0,0,0,0
932,1439,932.047061172999,99823,117,65,125,48,44836,23378,0.6833495286657384,65,38,33139,35460,7863,4547,8689,9840,45402,36167,0,0,7191,4410,17325,2905,9528,1380,1342,72,348,5230,40726,1724,7642,0,0,0,0,0
933,1439,933.1812026253093,99823,119,63,125,48,44858,23391,0.6837001492641976,62,41,33188,35501,7852,4546,8652,9799,45402,36167,0,0,7189,4406,17316,2909,9541,1382,1342,74,360,5228,40714,1724,7638,0,0,0,0,0
934,1439,934.3137332176622,99823,126,64,125,48,44882,23405,0.6840808230568105,59,34,33234,35560,7834,4541,8620,9751,45402,36167,0,0,7186,4405,17313,2911,9541,1387,1342,77,375,5228,40699,1723,7636,0,0,0,0,0
935,1439,935.0678698196307,99823,128,68,125,48,44902,23414,0.6843713372669625,51,32,33260,35585,7832,4534,8602,9731,45402,36167,0,0,7182,4404,17308,2912,9549,1388,1342,81,383,5227,40691,1723,7633,0,0,0,0,0
936,1439,936.1979014195899,99823,123,67,125,48,44919,23422,0.6846217805515763,60,36,33303,35630,7823,4526,8564,9691,45402,36167,0,0,7179,4402,17303,2912,9557,1390,1342,84,397,5225,40677,1723,7632,0,0,0,0,0
937,1439,937.3263542103939,99823,129,65,125,48,44943,23431,0.6849523656872665,52,37,33354,35677,7803,4521,8535,9650,45402,36167,0,0,7177,4402,17300,2907,9568,1393,1342,86,407,5223,40667,1723,7628,0,0,0,0,0
938,1439,938.0777888572707,99823,125,67,125,48,44953,23436,0.6851026316580348,58,34,33383,35713,7796,4511,8511,9625,45402,36167,0,0,7176,4400,17299,2910,9572,1394,1341,87,414,5222,40660,1723,7625,0,0,0,0,0
939,1439,939.2035422449852,99823,120,68,125,48,44962,23444,0.6852729330915721,69,41,33447,35756,7770,4504,8467,9581,45402,36167,0,0,7173,4398,17295,2912,9578,1395,1340,90,421,5221,40653,1723,7624,0,0,0,0,0
940,1439,940.3272623278785,99823,123,61,125,48,44982,23458,0.6856135359586468,66,37,33508,35796,7743,4513,8433,9543,45402,36167,0,0,7171,4394,17289,2916,9592,1396,1339,92,436,5217,40638,1723,7620,0,0,0,0,0
941,1439,941.0751965285491,99823,113,60,125,48,44990,23464,0.6857537841980306,64,41,33543,35814,7740,4509,8413,9526,45402,36167,0,0,7165,4390,17287,2920,9595,1397,1339,98,446,5217,40628,1723,7618,0,0,0,0,0
942,1439,942.195830727602,99823,119,55,125,48,45013,23472,0.6860643338709516,56,43,33593,35867,7724,4507,8381,9478,45402,36167,0,0,7165,4389,17279,2920,9606,1398,1339,98,462,5215,40612,1723,7617,0,0,0,0,0
943,1439,943.314729132595,99823,115,58,125,48,45026,23487,0.686344830349719,61,44,33642,35896,7706,4500,8349,9452,45402,36167,0,0,7163,4387,17275,2922,9614,1399,1339,100,476,5214,40598,1722,7614,0,0,0,0,0
944,1439,944.0597293559005,99823,116,61,125,48,45037,23494,0.6865251495146409,65,43,33679,35920,7691,4493,8322,9433,45402,36167,0,0,7161,4386,17271,2923,9618,1400,1339,102,481,5213,40593,1722,7614,0,0,0,0,0
945,1439,945.1757489798349,99823,109,61,125,48,45050,23505,0.6867655750678702,67,41,33725,35972,7687,4483,8285,9393,45402,36167,0,0,7158,4382,17266,2926,9628,1401,1339,105,488,5211,40585,1720,7614,0,0,0,0,0
946,1439,946.2903637802667,99823,117,63,125,48,45073,23515,0.6870961602035603,66,45,33764,36001,7671,4474,8255,9367,45402,36167,0,0,7158,4381,17258,2928,9637,1403,1338,105,496,5209,40577,1720,7613,0,0,0,0,0
947,1439,947.0325938219147,99823,121,68,125,48,45088,23526,0.6873566212195587,68,42,33790,36029,7661,4470,8233,9341,45402,36167,0,0,7155,4379,17255,2931,9641,1404,1338,108,500,5207,40573,1719,7613,0,0,0,0,0
948,1439,948.1447677910179,99823,123,67,125,48,45114,23540,0.6877573304749407,70,37,33828,36066,7651,4468,8201,9312,45402,36167,0,0,7151,4379,17249,2929,9655,1404,1338,112,520,5203,40553,1719,7611,0,0,0,0,0
949,1439,949.2556378724213,99823,118,63,125,48,45137,23551,0.6880979333420154,70,37,33875,36124,7653,4463,8157,9263,45402,36167,0,0,7144,4377,17239,2931,9667,1406,1338,118,537,5202,40536,1719,7609,0,0,0,0,0
950,1439,950.364996431482,99823,122,64,125,48,45156,23560,0.6883784298207828,79,38,33928,36165,7631,4457,8113,9226,45402,36167,0,0,7143,4376,17234,2934,9674,1407,1336,119,547,5202,40526,1719,7606,0,0,0,0,0
951,1439,951.1035649636896,99823,126,60,125,48,45173,23564,0.6885888021798583,75,42,33963,36185,7617,4452,8092,9211,45402,36167,0,0,7141,4373,17231,2937,9679,1407,1335,121,557,5201,40516,1719,7606,0,0,0,0,0
952,1439,952.2100160958305,99823,124,58,125,48,45190,23571,0.6888292277330875,81,46,33995,36230,7610,4438,8063,9178,45402,36167,0,0,7139,4371,17222,2939,9687,1410,1335,123,567,5200,40506,1719,7605,0,0,0,0,0
953,1439,953.3152771862627,99823,136,58,125,48,45216,23580,0.6891798483315469,71,46,34038,36268,7594,4439,8034,9139,45402,36167,0,0,7139,4369,17218,2938,9696,1411,1334,123,575,5200,40497,1719,7604,0,0,0,0,0
954,1439,954.0513206886873,99823,132,58,125,48,45225,23585,0.6893200965709305,75,46,34070,36295,7588,4437,8008,9114,45402,36167,0,0,7139,4369,17215,2938,9701,1412,1334,123,585,5199,40487,1718,7603,0,0,0,0,0
955,1439,955.1541395878288,99823,131,67,125,48,45254,23602,0.6897809122146199,67,44,34102,36333,7592,4428,7981,9078,45402,36167,0,0,7131,4368,17213,2939,9707,1417,1334,131,597,5196,40475,1717,7598,0,0,0,0,0
956,1439,956.2558794071965,99823,134,69,125,48,45273,23616,0.6901114973503101,73,39,34152,36377,7580,4423,7934,9042,45402,36167,0,0,7128,4365,17212,2943,9709,1419,1333,134,611,5196,40461,1716,7596,0,0,0,0,0
957,1439,957.355970823776,99823,126,65,125,48,45287,23625,0.6903419051721548,82,41,34207,36411,7564,4425,7894,9008,45402,36167,0,0,7124,4364,17209,2944,9717,1421,1333,138,629,5191,40443,1716,7594,0,0,0,0,0
958,1439,958.0883618605199,99823,122,70,125,48,45298,23635,0.6905522775312303,81,37,34236,36441,7562,4422,7872,8980,45402,36167,0,0,7124,4361,17206,2949,9721,1423,1331,138,636,5190,40436,1716,7592,0,0,0,0,0
959,1439,959.1858605096714,99823,124,66,125,48,45321,23642,0.6908528094727668,76,44,34272,36474,7552,4417,7849,8949,45402,36167,0,0,7120,4360,17198,2950,9729,1426,1331,142,648,5187,40424,1716,7592,0,0,0,0,0
960,1439,960.282224262587,99823,133,68,125,48,45345,23653,0.6912034300712261,79,46,34305,36510,7540,4406,7816,8920,45402,36167,0,0,7116,4359,17195,2952,9734,1427,1331,146,659,5186,40413,1715,7590,0,0,0,0,0
961,1439,961.0124714385471,99823,125,66,125,48,45352,23660,0.6913436783106098,83,42,34337,36544,7534,4400,7794,8898,45402,36167,0,0,7112,4359,17192,2952,9744,1429,1331,150,661,5186,40409,1713,7585,0,0,0,0,0
962,1439,962.1066615429214,99823,124,67,125,48,45372,23671,0.6916542279835308,81,37,34376,36587,7528,4393,7764,8866,45402,36167,0,0,7109,4357,17184,2953,9753,1430,1331,153,676,5186,40394,1713,7584,0,0,0,0,0
963,1439,963.1996281114737,99823,119,62,125,48,45386,23678,0.6918646003426064,80,39,34420,36630,7517,4386,7737,8833,45402,36167,0,0,7107,4357,17180,2953,9758,1433,1331,155,693,5185,40377,1712,7582,0,0,0,0,0
964,1439,964.2913548170351,99823,124,63,125,48,45405,23688,0.6921551145527584,82,41,34482,36668,7490,4375,7695,8803,45402,36167,0,0,7104,4357,17178,2953,9766,1434,1331,158,702,5182,40368,1711,7579,0,0,0,0,0
965,1439,965.0180273767006,99823,134,61,125,48,45422,23695,0.6923955401059876,80,45,34499,36686,7481,4371,7679,8787,45402,36167,0,0,7102,4357,17175,2954,9771,1434,1330,160,709,5182,40361,1710,7578,0,0,0,0,0
966,1439,966.1070169492804,99823,130,62,125,48,45441,23702,0.6926560011219859,83,49,34524,36725,7478,4362,7658,8752,45402,36167,0,0,7100,4355,17172,2958,9772,1440,1330,162,719,5179,40351,1708,7577,0,0,0,0,0
967,1439,967.1951352917748,99823,120,56,125,48,45457,23712,0.6929164621379842,87,50,34556,36755,7479,4365,7631,8724,45402,36167,0,0,7093,4354,17167,2960,9784,1442,1328,169,735,5177,40335,1708,7571,0,0,0,0,0
968,1439,968.2823852515218,99823,127,60,125,48,45482,23725,0.6932971359305972,74,48,34601,36781,7467,4364,7604,8697,45402,36167,0,0,7091,4353,17165,2963,9789,1443,1328,171,750,5176,40320,1706,7568,0,0,0,0,0
969,1439,969.0065302498358,99822,127,73,126,48,45495,23743,0.6936146340486066,74,40,34627,36805,7463,4358,7581,8674,45402,36167,0,0,7088,4353,17161,2963,9794,1444,1328,174,755,5176,40314,1706,7566,0,0,0,0,0
970,1439,970.0915128074051,99822,133,73,126,48,45514,23755,0.693925186832562,77,40,34655,36837,7447,4357,7560,8643,45402,36167,0,0,7087,4353,17158,2964,9797,1446,1327,175,770,5175,40299,1705,7566,0,0,0,0,0
971,1439,971.175584534825,99822,132,76,126,48,45530,23764,0.6941756326260744,81,52,34693,36869,7430,4345,7536,8608,45402,36167,0,0,7085,4352,17151,2964,9806,1449,1327,177,775,5174,40294,1705,7563,0,0,0,0,0
972,1439,972.2583473836727,99822,138,75,126,48,45557,23779,0.6945963815591754,75,49,34734,36912,7420,4334,7505,8580,45402,36167,0,0,7079,4349,17147,2967,9816,1451,1327,183,789,5169,40280,1705,7560,0,0,0,0,0
973,1439,973.3397945136807,99822,133,75,126,48,45573,23793,0.6948969165113903,86,50,34763,36941,7409,4331,7481,8553,45402,36167,0,0,7078,4347,17139,2969,9830,1454,1327,184,800,5164,40269,1704,7557,0,0,0,0,0
974,1439,974.0602056665457,99822,133,65,126,48,45586,23796,0.6950572018192382,87,54,34792,36957,7404,4332,7456,8542,45402,36167,0,0,7076,4346,17134,2971,9839,1455,1327,186,811,5162,40258,1703,7554,0,0,0,0,0
975,1439,975.1398423461095,99822,136,77,126,48,45605,23818,0.6954679329205987,83,43,34840,36986,7386,4330,7427,8514,45402,36167,0,0,7073,4345,17131,2971,9844,1457,1327,189,824,5161,40245,1703,7552,0,0,0,0,0
976,1439,976.2178129491381,99822,138,81,126,48,45622,23830,0.6957584500410731,85,44,34898,37022,7362,4323,7389,8480,45402,36167,0,0,7072,4342,17129,2973,9847,1461,1327,190,832,5159,40237,1703,7550,0,0,0,0,0
977,1439,977.2940704644119,99822,137,81,126,48,45645,23843,0.696119091983731,77,43,34938,37058,7356,4316,7364,8452,45402,36167,0,0,7067,4339,17127,2976,9847,1466,1326,195,849,5157,40220,1703,7550,0,0,0,0,0
978,1439,978.0109560987039,99822,142,82,126,48,45663,23854,0.6964096091042055,74,38,34967,37079,7348,4316,7341,8435,45402,36167,0,0,7065,4339,17125,2975,9855,1466,1326,197,860,5155,40208,1703,7548,0,0,0,0,0
979,1439,979.085139065473,99822,148,79,126,48,45683,23862,0.6966901083929394,72,42,35024,37112,7323,4309,7305,8408,45402,36167,0,0,7064,4336,17119,2978,9864,1467,1325,198,868,5155,40199,1703,7546,0,0,0,0,0
980,1439,980.1576545464882,99822,137,88,126,48,45699,23882,0.6970507503355974,75,40,35057,37143,7325,4306,7278,8373,45402,36167,0,0,7060,4335,17113,2979,9871,1471,1324,202,883,5154,40184,1701,7545,0,0,0,0,0
981,1439,981.229028299669,99822,138,85,126,48,45718,23890,0.6973212317925908,73,43,35106,37184,7312,4301,7243,8337,45402,36167,0,0,7057,4334,17107,2979,9882,1472,1324,205,895,5153,40172,1701,7541,0,0,0,0,0
982,1439,982.2991559734616,99822,143,87,126,48,45741,23903,0.6976818737352487,69,44,35143,37227,7305,4292,7212,8300,45402,36167,0,0,7055,4333,17101,2980,9891,1474,1324,207,907,5152,40160,1700,7538,0,0,0,0,0
983,1439,983.0118567011622,99822,136,83,126,48,45753,23908,0.6978521768748372,71,47,35158,37253,7314,4292,7193,8275,45402,36167,0,0,7055,4331,17099,2985,9896,1477,1323,207,919,5150,40148,1698,7534,0,0,0,0,0
984,1439,984.0802720724562,99822,132,85,126,48,45771,23921,0.6981627296587927,82,51,35195,37292,7307,4287,7156,8235,45402,36167,0,0,7052,4331,17090,2985,9907,1478,1323,210,934,5149,40133,1697,7533,0,0,0,0,0
985,1439,985.1475918054538,99822,128,94,126,48,45790,23939,0.6985333894331911,90,42,35223,37338,7304,4283,7127,8193,45402,36167,0,0,7047,4330,17087,2987,9913,1480,1323,214,947,5147,40119,1696,7532,0,0,0,0,0
986,1439,986.2139146119987,99822,133,91,126,48,45811,23950,0.698853960048887,93,41,35262,37367,7286,4289,7098,8162,45402,36167,0,0,7045,4329,17082,2989,9922,1482,1323,216,960,5146,40106,1695,7527,0,0,0,0,0
987,1439,987.279098628402,99822,134,90,126,48,45837,23958,0.699194566328064,85,41,35297,37406,7287,4282,7069,8131,45402,36167,0,0,7043,4329,17070,2989,9937,1485,1323,218,971,5143,40095,1695,7524,0,0,0,0,0
988,1439,988.343254794438,99822,149,86,126,48,45866,23968,0.6995852617659434,78,50,35329,37440,7269,4276,7047,8098,45402,36167,0,0,7040,4329,17065,2989,9944,1486,1323,221,987,5142,40079,1695,7522,0,0,0,0,0
989,1439,989.0520356637827,99822,153,84,126,48,45883,23976,0.6998357075594558,78,47,35344,37464,7260,4276,7037,8079,45402,36167,0,0,7037,4329,17062,2988,9952,1487,1323,224,996,5142,40070,1695,7517,0,0,0,0,0
990,1439,990.1145039620001,99822,133,79,126,48,45898,23987,0.7000961711847088,89,49,35375,37496,7268,4276,7007,8050,45402,36167,0,0,7037,4323,17053,2994,9968,1490,1323,224,1016,5140,40049,1693,7512,0,0,0,0,0
991,1439,991.1761595919803,99822,143,80,126,48,45922,23999,0.7004568131273667,86,51,35404,37531,7258,4269,6981,8019,45402,36167,0,0,7035,4323,17052,2994,9969,1491,1323,226,1036,5140,40029,1693,7511,0,0,0,0,0
992,1439,992.2369277275819,99822,142,83,126,48,45940,24011,0.7007573480795817,89,52,35437,37551,7247,4263,6957,8001,45402,36167,0,0,7031,4321,17046,2997,9975,1494,1322,230,1045,5139,40020,1693,7509,0,0,0,0,0
993,1439,993.2967192740257,99822,145,80,126,48,45965,24022,0.7011179900222396,89,53,35458,37593,7248,4259,6932,7965,45402,36167,0,0,7030,4318,17040,3000,9982,1497,1322,231,1063,5139,40001,1693,7506,0,0,0,0,0
994,1439,994.0028548191098,99822,145,79,126,48,45975,24030,0.7012983109935685,92,49,35495,37613,7238,4260,6902,7949,45402,36167,0,0,7030,4317,17038,3003,9985,1498,1322,231,1074,5139,39990,1691,7504,0,0,0,0,0
995,1439,995.0608164849715,99821,151,83,127,48,46007,24041,0.7017361076326625,83,47,35537,37649,7232,4251,6868,7920,45402,36167,0,0,7028,4316,17028,3004,9999,1498,1322,233,1088,5137,39976,1691,7501,0,0,0,0,0
996,1439,996.1174717268616,99821,152,91,127,48,46031,24058,0.7021468428486992,86,39,35559,37686,7234,4247,6840,7887,45402,36167,0,0,7027,4316,17022,3006,10008,1500,1321,234,1104,5136,39960,1690,7497,0,0,0,0,0
997,1439,997.1734641501206,99821,165,89,127,48,46062,24069,0.7025675959968344,78,41,35581,37735,7229,4242,6818,7843,45402,36167,0,0,7025,4313,17015,3008,10020,1501,1321,236,1115,5135,39948,1690,7494,0,0,0,0,0
998,1439,998.228734107157,99821,164,84,127,48,46082,24077,0.7028480980955911,83,42,35615,37771,7216,4239,6793,7814,45402,36167,0,0,7023,4310,17010,3011,10028,1504,1321,238,1128,5132,39934,1689,7493,0,0,0,0,0
999,1439,999.2830276059663,99821,162,83,127,48,46102,24085,0.7031286001943479,83,45,35644,37808,7207,4232,6775,7782,45402,36167,0,0,7019,4305,17002,3016,10036,1507,1321,242,1135,5132,39927,1688,7491,0,0,0,0,0
1000,1439,1000.3363519838988,99821,149,86,127,48,46121,24099,0.703459191953597,84,44,35680,37846,7212,4222,6746,7752,45402,36167,0,0,7014,4302,16998,3018,10047,1509,1320,247,1154,5128,39908,1688,7488,0,0,0,0,0
1001,1439,1001.0380873600939,99821,147,80,127,48,46137,24106,0.7036896043918615,82,45,35703,37862,7215,4228,6724,7735,45402,36167,0,0,7011,4300,16996,3019,10052,1513,1320,250,1166,5127,39896,1687,7484,0,0,0,0,0
1002,1439,1002.0899309748687,99821,148,78,127,48,46162,24116,0.7040402320153074,79,44,35729,37898,7214,4222,6701,7708,45402,36167,0,0,7003,4297,16990,3021,10061,1515,1320,258,1177,5125,39884,1687,7483,0,0,0,0,0
1003,1439,1003.1410378292552,99821,163,77,127,48,46192,24129,0.704471003095541,74,40,35756,37934,7206,4222,6672,7677,45402,36167,0,0,7002,4296,16985,3023,10067,1519,1320,259,1189,5122,39872,1686,7481,0,0,0,0,0
1004,1439,1004.1912192389927,99821,158,75,127,48,46216,24140,0.704821630718987,76,45,35788,37971,7206,4212,6643,7647,45402,36167,0,0,7001,4294,16979,3025,10077,1522,1320,260,1208,5120,39853,1684,7478,0,0,0,0,0
1005,1439,1005.2404915287849,99821,150,73,127,48,46233,24150,0.7050921148856453,82,41,35816,38013,7204,4206,6619,7617,45402,36167,0,0,6996,4292,16976,3030,10078,1527,1318,265,1223,5120,39838,1682,7476,0,0,0,0,0
1006,1439,1006.2890580405019,99821,154,76,127,48,46263,24163,0.705522885965879,71,44,35856,38042,7199,4204,6591,7584,45402,36167,0,0,6991,4291,16964,3032,10096,1527,1318,270,1233,5120,39828,1681,7470,0,0,0,0,0
1007,1439,1007.3365374833882,99820,145,72,128,48,46278,24170,0.705750350631136,80,50,35893,38065,7195,4204,6557,7559,45402,36167,0,0,6988,4289,16959,3033,10108,1529,1318,272,1246,5116,39815,1681,7466,0,0,0,0,0
1008,1439,1008.0342425487255,99820,144,70,128,48,46292,24176,0.7059507112803045,90,48,35902,38090,7197,4204,6537,7538,45402,36167,0,0,6988,4287,16955,3035,10112,1531,1318,272,1259,5116,39802,1681,7464,0,0,0,0,0
1009,1439,1009.0802072525204,99820,145,60,128,48,46318,24183,0.7062813063514326,78,54,35927,38128,7200,4204,6520,7504,45402,36167,0,0,6984,4282,16951,3042,10126,1533,1316,276,1270,5113,39791,1679,7457,0,0,0,0,0
1010,1439,1010.1254911285254,99820,158,66,128,48,46349,24197,0.7067321178120617,74,53,35967,38156,7187,4201,6484,7474,45402,36167,0,0,6983,4281,16950,3046,10128,1535,1315,277,1284,5113,39776,1677,7455,0,0,0,0,0
1011,1439,1011.1696627056127,99820,150,64,128,48,46369,24203,0.7069925866559807,73,60,36002,38198,7184,4188,6461,7440,45402,36167,0,0,6980,4279,16945,3047,10132,1540,1314,280,1299,5113,39760,1677,7454,0,0,0,0,0
1012,1439,1012.2128535453614,99820,140,57,128,48,46387,24211,0.7072530554998998,76,68,36038,38238,7182,4187,6434,7400,45402,36167,0,0,6978,4277,16939,3052,10135,1547,1314,281,1317,5113,39742,1675,7450,0,0,0,0,0
1013,1439,1013.2551542257391,99820,144,73,128,48,46413,24235,0.7077539571228211,77,57,36058,38268,7179,4180,6412,7372,45402,36167,0,0,6970,4274,16936,3056,10140,1548,1314,289,1328,5113,39731,1674,7447,0,0,0,0,0
1014,1439,1014.2966646606768,99820,143,80,128,48,46430,24258,0.7081546784211581,88,44,36088,38306,7171,4173,6380,7347,45402,36167,0,0,6966,4274,16931,3056,10146,1552,1314,293,1343,5112,39715,1674,7444,0,0,0,0,0
1015,1439,1015.337282607449,99820,148,81,128,48,46454,24266,0.7084752554598277,92,48,36108,38334,7165,4168,6357,7319,45402,36167,0,0,6964,4272,16926,3058,10156,1553,1313,295,1352,5112,39706,1674,7439,0,0,0,0,0
1016,1439,1016.0306481237574,99820,150,80,128,48,46471,24276,0.7087457423362051,89,45,36126,38355,7160,4169,6345,7301,45402,36167,0,0,6962,4271,16922,3060,10164,1555,1312,297,1360,5110,39697,1673,7437,0,0,0,0,0
1017,1439,1017.0700430094332,99820,150,79,128,48,46496,24288,0.7091164095371669,88,50,36159,38380,7152,4168,6321,7273,45402,36167,0,0,6956,4268,16915,3061,10173,1559,1312,303,1371,5108,39686,1673,7435,0,0,0,0,0
1018,1439,1018.1085135322912,99820,151,74,128,48,46516,24298,0.7094169505109197,96,51,36193,38411,7141,4172,6289,7242,45402,36167,0,0,6955,4265,16907,3064,10182,1560,1312,304,1388,5108,39669,1672,7434,0,0,0,0,0
1019,1439,1019.1458987116769,99819,153,73,128,49,46541,24308,0.709774692192869,93,53,36227,38451,7135,4165,6262,7207,45402,36167,0,0,6950,4264,16900,3065,10191,1563,1312,308,1400,5107,39657,1671,7431,0,0,0,0,0
1020,1439,1020.1823223373254,99819,140,74,128,49,46559,24325,0.7101253268415832,84,46,36267,38487,7140,4162,6239,7180,45402,36167,0,0,6944,4261,16891,3066,10206,1565,1312,314,1418,5106,39639,1670,7427,0,0,0,0,0
1021,1439,1021.2178635138142,99819,138,82,128,49,46579,24339,0.710465943357477,89,45,36299,38531,7131,4146,6213,7145,45402,36167,0,0,6942,4256,16885,3071,10215,1567,1311,316,1425,5105,39632,1670,7424,0,0,0,0,0
1022,1439,1022.2523672137305,99819,142,81,128,49,46602,24352,0.7108265961390116,88,51,36334,38548,7117,4144,6189,7125,45402,36167,0,0,6940,4254,16878,3070,10228,1570,1311,318,1433,5105,39622,1670,7420,0,0,0,0,0
1023,1439,1023.2857771782614,99819,153,84,128,49,46625,24366,0.7111972670533666,88,46,36373,38583,7086,4139,6170,7097,45402,36167,0,0,6938,4254,16874,3071,10229,1575,1311,320,1441,5105,39613,1669,7419,0,0,0,0,0
1024,1439,1024.3180223518473,99819,155,82,128,49,46648,24375,0.7115178473036196,92,48,36400,38609,7080,4136,6143,7074,45402,36167,0,0,6933,4251,16869,3073,10241,1575,1311,325,1452,5102,39602,1669,7416,0,0,0,0,0
1025,1439,1025.00571593193,99819,150,89,128,49,46662,24389,0.7117983550225909,91,38,36437,38624,7066,4136,6126,7062,45402,36167,0,0,6931,4250,16861,3075,10250,1576,1311,327,1463,5101,39591,1668,7415,0,0,0,0,0
1026,1439,1026.03630656402,99819,154,88,128,49,46688,24403,0.7121990803354071,88,35,36462,38643,7066,4141,6100,7042,45402,36167,0,0,6930,4250,16853,3076,10263,1577,1310,328,1482,5101,39571,1668,7410,0,0,0,0,0
1027,1439,1027.0661250104304,99819,147,83,128,49,46708,24413,0.7124996243200192,101,44,36478,38657,7069,4145,6075,7020,45402,36167,0,0,6926,4247,16851,3078,10273,1579,1310,332,1502,5097,39551,1667,7406,0,0,0,0,0
1028,1439,1028.0952845932547,99819,155,83,128,49,46734,24425,0.7128803133671946,98,43,36509,38686,7058,4146,6050,6991,45402,36167,0,0,6920,4245,16845,3080,10281,1580,1310,338,1512,5096,39540,1666,7406,0,0,0,0,0
1029,1439,1029.1235763962402,99819,155,74,128,49,46753,24436,0.7131808573518068,99,42,36535,38710,7056,4154,6025,6969,45402,36167,0,0,6917,4243,16843,3081,10282,1585,1310,341,1535,5096,39517,1666,7403,0,0,0,0,0
1030,1439,1030.1511987102954,99819,151,79,128,49,46780,24448,0.7135715645318026,97,37,36567,38743,7052,4148,6003,6942,45402,36167,0,0,6912,4241,16834,3083,10292,1589,1309,345,1546,5096,39506,1666,7400,0,0,0,0,0
1031,1439,1031.1779824703353,99819,151,75,128,49,46800,24455,0.7138420541179535,103,39,36597,38767,7035,4151,5984,6917,45402,36167,0,0,6909,4238,16830,3084,10302,1590,1309,348,1558,5094,39493,1666,7398,0,0,0,0,0
1032,1439,1032.2038502172516,99819,154,78,128,49,46829,24468,0.7142628156964105,101,32,36624,38802,7036,4147,5955,6890,45402,36167,0,0,6906,4238,16823,3086,10315,1594,1309,351,1566,5092,39483,1664,7392,0,0,0,0,0
1033,1439,1033.2289586165052,99819,159,72,128,49,46851,24475,0.7145533415482023,102,32,36643,38833,7036,4139,5930,6873,45402,36167,0,0,6904,4237,16819,3087,10326,1596,1309,353,1577,5089,39472,1663,7387,0,0,0,0,0
1034,1439,1034.2535229936836,99819,155,62,128,49,46877,24483,0.7148939580640961,106,35,36660,38853,7040,4142,5909,6857,45402,36167,0,0,6898,4235,16814,3087,10338,1599,1307,359,1595,5087,39453,1663,7384,0,0,0,0,0
1035,1439,1035.2776268458074,99819,155,65,128,49,46899,24493,0.715214538314349,105,34,36693,38885,7032,4138,5885,6827,45402,36167,0,0,6896,4235,16810,3087,10340,1603,1307,361,1612,5085,39436,1663,7384,0,0,0,0,0
1036,1439,1036.3008522215982,99819,151,67,128,49,46921,24504,0.7155451366974224,111,33,36712,38929,7035,4126,5861,6794,45402,36167,0,0,6895,4233,16805,3091,10350,1605,1306,362,1626,5084,39422,1660,7380,0,0,0,0,0
1037,1439,1037.3235177038011,99819,154,68,128,49,46953,24516,0.7159859345415202,101,31,36745,38954,7036,4126,5834,6770,45402,36167,0,0,6891,4231,16797,3092,10356,1609,1306,366,1646,5083,39402,1660,7380,0,0,0,0,0
1038,1439,1038.0048332116505,99819,153,67,128,49,46968,24523,0.7162063334635691,100,27,36759,38977,7034,4124,5824,6754,45402,36167,0,0,6891,4231,16792,3092,10362,1612,1305,366,1657,5083,39391,1660,7377,0,0,0,0,0
1039,1439,1039.0263101906878,99819,165,64,128,49,46997,24527,0.7165369318466425,93,32,36785,39001,7027,4121,5800,6731,45402,36167,0,0,6888,4229,16786,3094,10373,1613,1305,369,1661,5083,39385,1660,7373,0,0,0,0,0
1040,1439,1040.0470462288547,99819,168,59,128,49,47026,24534,0.716897584628177,96,42,36796,39022,7029,4117,5781,6709,45402,36167,0,0,6883,4227,16776,3096,10384,1615,1305,374,1675,5082,39371,1658,7373,0,0,0,0,0
1041,1439,1041.067282832795,99819,159,61,128,49,47045,24547,0.7172181648784299,102,35,36823,39052,7033,4109,5753,6692,45402,36167,0,0,6880,4225,16771,3099,10391,1617,1305,377,1696,5079,39349,1657,7373,0,0,0,0,0
1042,1439,1042.0869901823635,99819,159,56,128,49,47071,24553,0.7175387451286829,98,40,36833,39078,7043,4110,5737,6665,45402,36167,0,0,6880,4225,16757,3099,10408,1621,1305,377,1706,5078,39338,1656,7369,0,0,0,0,0
1043,1439,1043.106355591053,99819,156,59,128,49,47091,24566,0.7178693435117562,100,37,36867,39108,7028,4104,5719,6641,45402,36167,0,0,6877,4223,16749,3103,10421,1623,1305,380,1713,5074,39331,1653,7367,0,0,0,0,0
1044,1439,1044.124889907842,99819,147,63,128,49,47112,24575,0.7181698874963685,104,43,36881,39131,7036,4095,5702,6617,45402,36167,0,0,6875,4223,16740,3101,10434,1625,1304,382,1726,5074,39317,1653,7365,0,0,0,0,0
1045,1439,1045.142896845167,99819,148,65,128,49,47139,24585,0.7185405584107234,99,41,36904,39165,7035,4089,5684,6589,45402,36167,0,0,6873,4221,16733,3101,10446,1628,1304,384,1738,5072,39305,1653,7361,0,0,0,0,0
1046,1439,1046.1602654023354,99819,151,63,128,49,47159,24595,0.7188411023953356,90,46,36946,39187,7022,4092,5661,6561,45402,36167,0,0,6869,4220,16730,3100,10455,1629,1304,388,1749,5070,39293,1652,7360,0,0,0,0,0
1047,1439,1047.176639869075,99819,159,57,128,49,47185,24601,0.7191616826455886,85,51,36970,39209,7019,4084,5637,6548,45402,36167,0,0,6868,4219,16725,3100,10465,1631,1304,389,1763,5068,39279,1652,7356,0,0,0,0,0
1048,1439,1048.192298795953,99819,156,59,128,49,47206,24615,0.7195123172943027,91,53,36992,39235,7018,4080,5613,6522,45402,36167,0,0,6864,4215,16719,3106,10477,1631,1302,393,1775,5066,39266,1652,7353,0,0,0,0,0
1049,1439,1049.2073306181194,99819,150,67,128,49,47222,24631,0.7198328975445556,96,49,37023,39261,7011,4071,5590,6501,45402,36167,0,0,6861,4213,16713,3108,10488,1632,1302,396,1785,5064,39255,1651,7351,0,0,0,0,0
1050,1439,1050.2215610964106,99819,161,69,128,49,47257,24645,0.7203237860527555,90,51,37027,39287,7017,4068,5575,6474,45402,36167,0,0,6857,4211,16707,3111,10496,1637,1301,400,1796,5064,39244,1651,7344,0,0,0,0,0
1051,1439,1051.2354485820954,99819,167,75,128,49,47284,24656,0.7207044750999309,93,58,37040,39305,7021,4060,5549,6451,45402,36167,0,0,6854,4209,16704,3113,10502,1638,1301,403,1809,5062,39231,1651,7342,0,0,0,0,0
1052,1439,1052.2488366651303,99819,166,76,128,49,47311,24668,0.7210951822799266,90,61,37061,39333,7027,4051,5526,6428,45402,36167,0,0,6850,4207,16697,3116,10512,1640,1301,407,1824,5062,39215,1649,7339,0,0,0,0,0
1053,1439,1053.261762979423,99819,165,74,128,49,47326,24679,0.7213556537332572,94,54,37085,39359,7022,4052,5504,6410,45402,36167,0,0,6848,4207,16691,3118,10524,1640,1301,409,1835,5062,39203,1646,7335,0,0,0,0,0
1054,1439,1054.2739630536641,99819,152,74,128,49,47352,24691,0.7217363427804326,91,52,37120,39385,7025,4051,5482,6387,45402,36167,0,0,6844,4204,16684,3120,10541,1642,1301,413,1854,5061,39182,1644,7329,0,0,0,0,0
1055,1439,1055.285431409153,99819,152,74,128,49,47378,24702,0.7221070136947876,86,50,37143,39409,7029,4053,5460,6363,45402,36167,0,0,6839,4203,16675,3119,10552,1647,1301,418,1863,5060,39173,1643,7326,0,0,0,0,0
1056,1439,1056.2963130098547,99819,154,78,128,49,47402,24717,0.7224977208747834,83,42,37175,39435,7025,4049,5433,6345,45402,36167,0,0,6837,4200,16672,3123,10557,1650,1300,419,1878,5060,39158,1643,7322,0,0,0,0,0
1057,1439,1057.306406172905,99819,159,79,128,49,47428,24726,0.7228483555234976,82,52,37203,39460,7013,4036,5413,6322,45402,36167,0,0,6835,4197,16668,3126,10566,1651,1300,421,1891,5060,39145,1643,7316,0,0,0,0,0
1058,1439,1058.3155623911055,99818,159,82,129,49,47454,24741,0.7232663447474403,84,50,37229,39478,7015,4039,5382,6300,45402,36167,0,0,6827,4196,16659,3130,10579,1653,1298,427,1900,5060,39136,1643,7310,0,0,0,0,0
1059,1439,1059.323946900078,99817,159,78,129,50,47476,24751,0.7235941773445405,81,57,37257,39500,7009,4044,5363,6269,45402,36167,0,0,6822,4193,16651,3133,10587,1656,1298,432,1911,5059,39125,1642,7308,0,0,0,0,0
1060,1439,1060.3315887748324,99817,148,75,129,50,47496,24762,0.7239047456846028,77,55,37285,39516,7020,4048,5339,6254,45402,36167,0,0,6816,4191,16643,3137,10602,1658,1297,437,1926,5057,39110,1642,7301,0,0,0,0,0
1061,1439,1061.0030765602287,99817,151,75,129,50,47511,24768,0.7241151306891611,80,54,37297,39541,7019,4044,5322,6234,45402,36167,0,0,6814,4191,16640,3137,10607,1659,1297,439,1934,5056,39102,1642,7299,0,0,0,0,0
1062,1439,1062.0096962621064,99817,151,76,129,50,47531,24780,0.7244357173627739,82,53,37326,39564,7011,4042,5299,6213,45402,36167,0,0,6811,4187,16634,3142,10619,1659,1297,442,1945,5054,39091,1641,7295,0,0,0,0,0
1063,1439,1063.0157011145932,99817,147,79,129,50,47548,24794,0.7247462857028362,87,49,37343,39592,7014,4036,5278,6192,45402,36167,0,0,6810,4184,16628,3143,10629,1662,1297,443,1957,5052,39079,1641,7292,0,0,0,0,0
1064,1439,1064.02112302708,99817,147,77,129,50,47571,24807,0.7251069457106505,92,38,37360,39622,7014,4034,5256,6177,45402,36167,0,0,6808,4182,16622,3147,10638,1664,1297,443,1974,5049,39062,1641,7290,0,0,0,0,0
1065,1439,1065.0260187225053,99817,151,71,129,50,47594,24811,0.7253774407165112,89,46,37395,39644,7000,4031,5234,6156,45402,36167,0,0,6807,4182,16618,3148,10644,1665,1297,444,1993,5048,39043,1640,7288,0,0,0,0,0
1066,1439,1066.0300719126544,99817,166,67,129,50,47621,24825,0.7257881923920775,78,44,37423,39666,6988,4041,5214,6130,45402,36167,0,0,6806,4182,16613,3147,10651,1669,1297,445,2007,5047,39029,1640,7284,0,0,0,0,0
1067,1439,1067.0333547399327,99817,163,65,129,50,47645,24835,0.726128815732791,78,44,37446,39691,6983,4038,5199,6110,45402,36167,0,0,6804,4178,16607,3150,10664,1669,1297,446,2025,5045,39011,1639,7282,0,0,0,0,0
1068,1439,1068.0360078554004,99817,155,72,129,50,47657,24849,0.7263892924051013,89,43,37469,39720,6978,4024,5178,6089,45402,36167,0,0,6800,4175,16602,3153,10671,1671,1296,450,2033,5043,39003,1639,7281,0,0,0,0,0
1069,1439,1069.0380359117485,99817,163,71,129,50,47688,24859,0.7268000440806677,81,44,37485,39749,6982,4020,5158,6064,45402,36167,0,0,6794,4171,16596,3155,10678,1674,1296,456,2044,5043,38992,1639,7279,0,0,0,0,0
1070,1439,1070.0395696048702,99817,159,72,129,50,47708,24872,0.7271306490878308,88,44,37511,39771,6974,4017,5137,6044,45402,36167,0,0,6790,4168,16593,3159,10684,1678,1296,460,2056,5040,38979,1638,7276,0,0,0,0,0
1071,1439,1071.040358663457,99817,158,65,129,50,47729,24879,0.7274111624272418,94,50,37526,39797,6973,4018,5118,6018,45402,36167,0,0,6787,4167,16589,3160,10693,1682,1296,462,2069,5039,38965,1638,7270,0,0,0,0,0
1072,1439,1072.0407353886794,99817,168,62,129,50,47755,24888,0.7277618041015057,88,53,37551,39817,6962,4020,5100,5996,45402,36167,0,0,6784,4165,16582,3163,10698,1686,1296,465,2078,5039,38956,1637,7268,0,0,0,0,0
1073,1439,1073.0403913798464,99817,165,59,129,50,47774,24899,0.7280623541080177,96,51,37573,39842,6955,4021,5080,5975,45402,36167,0,0,6780,4162,16575,3166,10708,1688,1295,469,2091,5039,38942,1637,7265,0,0,0,0,0
1074,1439,1074.0393959649587,99817,171,60,129,50,47800,24911,0.7284430507829328,102,53,37593,39855,6945,4021,5058,5959,45402,36167,0,0,6776,4162,16564,3165,10718,1691,1295,473,2100,5039,38933,1637,7264,0,0,0,0,0
1075,1439,1075.0377979540895,99817,165,66,129,50,47821,24926,0.728803710790747,102,48,37614,39880,6948,4015,5040,5939,45402,36167,0,0,6771,4161,16556,3165,10726,1695,1295,478,2114,5039,38919,1637,7261,0,0,0,0,0
1076,1439,1076.0356904131681,99817,169,67,129,50,47845,24934,0.7291242974643598,93,48,37631,39904,6949,4013,5027,5916,45402,36167,0,0,6771,4161,16550,3164,10734,1699,1295,478,2124,5036,38908,1637,7260,0,0,0,0,0
1077,1439,1077.0332217862951,99817,176,67,129,50,47875,24944,0.7295250308063757,88,48,37645,39934,6947,4006,5013,5893,45402,36167,0,0,6767,4157,16545,3169,10742,1701,1295,482,2135,5034,38896,1636,7258,0,0,0,0,0
1078,1439,1078.0302574390066,99817,179,75,129,50,47893,24960,0.7298656541470891,94,42,37668,39966,6935,3999,4993,5866,45402,36167,0,0,6767,4155,16542,3171,10745,1705,1294,482,2144,5033,38887,1636,7256,0,0,0,0,0
1079,1439,1079.0266697218099,99817,170,77,129,50,47910,24973,0.7301662041536011,97,37,37684,39990,6939,4000,4979,5844,45402,36167,0,0,6762,4153,16536,3172,10756,1708,1293,487,2156,5031,38875,1636,7252,0,0,0,0,0
1080,1439,1080.022746956095,99817,167,76,129,50,47932,24981,0.730466754160113,92,44,37701,40014,6943,3998,4966,5816,45402,36167,0,0,6759,4152,16532,3172,10763,1711,1292,490,2169,5030,38862,1635,7250,0,0,0,0,0
1081,1439,1081.0182864140152,99817,170,82,129,50,47960,24991,0.7308474508350281,80,48,37734,40034,6939,3985,4946,5799,45402,36167,0,0,6757,4149,16524,3174,10772,1714,1291,492,2176,5030,38855,1634,7249,0,0,0,0,0
1082,1439,1082.0130093700545,99817,160,80,129,50,47975,25002,0.7311079275073384,88,51,37767,40052,6936,3983,4918,5782,45402,36167,0,0,6756,4145,16520,3176,10780,1718,1291,493,2191,5029,38840,1632,7246,0,0,0,0,0
1083,1439,1083.0069422805136,99817,158,79,129,50,47993,25014,0.7314084775138503,86,49,37796,40071,6933,3986,4896,5763,45402,36167,0,0,6751,4142,16515,3180,10787,1721,1291,498,2200,5027,38830,1630,7245,0,0,0,0,0
1084,1439,1084.0002193739813,99817,154,66,129,50,48013,25025,0.7317190458539127,86,54,37826,40102,6924,3991,4879,5735,45402,36167,0,0,6747,4139,16509,3184,10798,1726,1290,502,2219,5024,38811,1630,7238,0,0,0,0,0
1085,1439,1085.3234639678365,99817,154,74,129,50,48044,25049,0.7322700541991846,84,45,37847,40122,6921,3993,4863,5714,45402,36167,0,0,6743,4136,16504,3186,10810,1728,1290,506,2241,5021,38789,1628,7235,0,0,0,0,0
1086,1439,1086.3154413806822,99817,154,82,129,50,48060,25064,0.7325806225392468,86,39,37864,40143,6918,3988,4847,5696,45402,36167,0,0,6740,4134,16501,3189,10814,1730,1290,509,2248,5020,38782,1626,7234,0,0,0,0,0
1087,1439,1087.3069901677482,99817,148,82,129,50,48083,25074,0.7329112275464099,88,39,37880,40165,6918,3981,4835,5681,45402,36167,0,0,6737,4133,16494,3190,10824,1734,1289,512,2264,5018,38766,1626,7230,0,0,0,0,0
1088,1439,1088.2980965781344,99817,144,70,129,50,48103,25081,0.7331817225522707,93,42,37903,40197,6911,3981,4818,5658,45402,36167,0,0,6735,4131,16488,3190,10831,1740,1289,514,2283,5015,38747,1625,7229,0,0,0,0,0
1089,1439,1089.2886803964795,99817,141,69,129,50,48119,25095,0.7334822725587826,99,35,37923,40213,6901,3988,4805,5643,45402,36167,0,0,6732,4128,16482,3192,10840,1743,1288,517,2294,5013,38736,1625,7227,0,0,0,0,0
1090,1439,1090.278843782162,99817,142,69,129,50,48145,25100,0.7337928408988449,93,39,37941,40237,6904,3979,4789,5624,45402,36167,0,0,6729,4124,16477,3198,10850,1746,1287,520,2296,5010,38731,1624,7225,0,0,0,0,0
1091,1439,1091.268524637885,99816,150,73,129,51,48173,25113,0.734210948144586,84,36,37963,40277,6898,3963,4774,5598,45402,36167,0,0,6729,4121,16473,3198,10857,1747,1287,520,2312,5009,38714,1624,7225,0,0,0,0,0
1092,1439,1092.2575764022997,99816,157,71,129,51,48194,25120,0.7344914642943016,86,41,37998,40295,6879,3955,4749,5585,45402,36167,0,0,6727,4120,16472,3201,10855,1752,1287,521,2321,5008,38704,1623,7225,0,0,0,0,0
1093,1439,1093.2457123229208,99816,165,67,129,51,48226,25124,0.7348521279153643,69,45,38015,40313,6882,3950,4738,5572,45402,36167,0,0,6722,4119,16464,3199,10870,1753,1287,526,2330,5006,38695,1623,7222,0,0,0,0,0
1094,1439,1094.2333745700782,99816,165,68,129,51,48245,25135,0.7351526809329165,74,48,38029,40330,6876,3946,4725,5555,45402,36167,0,0,6722,4117,16462,3200,10880,1754,1286,526,2341,5006,38682,1623,7217,0,0,0,0,0
