,indexID,time,N,Inf_L,Inf_H,Dead_L,Dead_H,cum_cases_L,cum_cases_H,cum_sum_per_N,Exposed_L,Exposed_H,Sus_L,Sus_H,Rec_nat_L,Rec_nat_H,Rec_vax_L,Rec_vax_H,vaccinatedH,vaccinatedL,boostedH,boostedL,count_Naive,count_Delta,count_Delta_vaccine,count_two,count_three,count_four,count_Omicron,count_Omicron_star,count_Omicron_star_vaccine,count_Omicron_vaccine,count_Vaccine,count_WT,count_WT_vaccine,count_WT_vaccine_boost,count_Omicron_vaccine_boost,count_Delta_vaccine_boost,count_Omicron_star_vaccine_boost,count_Vaccine_boost
0,3888,1.0552030231556266,99996,8,7,0,0,8,7,0.0001500060002400096,19,18,49971,49973,0,0,0,0,0,0,0,0,99996,0,0,0,0,0,0,0,0,0,0,0,0,0,0,0,0,0
1,3888,2.2326869608307254,99996,8,13,0,0,13,13,0.00026001040041601667,17,14,49968,49971,5,0,0,0,0,0,0,0,99991,0,0,0,0,0,0,0,0,0,0,5,0,0,0,0,0,0
2,3888,3.05931305283162,99996,9,14,0,0,15,16,0.00031001240049601984,17,11,49966,49971,6,2,0,0,0,0,0,0,99988,0,0,0,0,0,0,0,0,0,0,8,0,0,0,0,0,0
3,3888,4.050541136080171,99996,13,18,0,0,19,20,0.000390015600624025,17,7,49962,49971,6,2,0,0,0,0,0,0,99988,0,0,0,0,0,0,0,0,0,0,8,0,0,0,0,0,0
4,3888,5.014329970287243,99996,15,18,0,0,24,22,0.00046001840073602946,12,6,49962,49970,9,4,0,0,0,0,0,0,99983,0,0,0,0,0,0,0,0,0,0,13,0,0,0,0,0,0
5,3888,6.017979572549108,99996,13,18,0,0,25,23,0.0004800192007680307,13,5,49960,49970,12,5,0,0,0,0,0,0,99979,0,0,0,0,0,0,0,0,0,0,17,0,0,0,0,0,0
6,3888,7.005060298291759,99996,14,17,0,0,26,25,0.0005100204008160326,13,4,49959,49969,12,8,0,0,0,0,0,0,99976,0,0,0,0,0,0,0,0,0,0,20,0,0,0,0,0,0
7,3888,8.001084553975515,99996,14,17,0,0,27,26,0.0005300212008480339,15,4,49956,49968,13,9,0,0,0,0,0,0,99974,0,0,0,0,0,0,0,0,0,0,22,0,0,0,0,0,0
8,3888,9.010106175069211,99996,20,15,0,0,35,27,0.0006200248009920397,14,7,49949,49964,15,12,0,0,0,0,0,0,99969,0,0,0,0,0,0,0,0,0,0,27,0,0,0,0,0,0
9,3888,10.011285517550856,99996,23,15,0,0,40,28,0.0006800272010880435,11,8,49947,49962,17,13,0,0,0,0,0,0,99966,0,0,0,0,0,0,0,0,0,0,30,0,0,0,0,0,0
10,3888,11.031184475863515,99996,23,16,0,0,43,30,0.0007300292011680467,11,7,49944,49961,20,14,0,0,0,0,0,0,99962,0,0,0,0,0,0,0,0,0,0,34,0,0,0,0,0,0
11,3888,12.105356799134382,99996,19,16,0,0,45,32,0.0007700308012320492,11,5,49942,49961,26,16,0,0,0,0,0,0,99954,0,0,0,0,0,0,0,0,0,0,42,0,0,0,0,0,0
12,3888,13.107034034448724,99996,16,14,0,0,48,35,0.0008300332013280532,10,3,49940,49960,32,21,0,0,0,0,0,0,99943,0,0,0,0,0,0,0,0,0,0,53,0,0,0,0,0,0
13,3888,14.01663805575504,99996,14,12,0,0,49,35,0.0008400336013440538,13,5,49936,49958,35,23,0,0,0,0,0,0,99938,0,0,0,0,0,0,0,0,0,0,58,0,0,0,0,0,0
14,3888,15.096113743696465,99996,13,11,0,0,51,36,0.0008700348013920557,11,6,49936,49957,38,24,0,0,0,0,0,0,99933,0,0,0,0,0,0,0,0,0,0,63,0,0,0,0,0,0
15,3888,16.075461196109565,99996,16,11,0,0,58,38,0.0009600384015360614,8,4,49932,49957,42,26,0,0,0,0,0,0,99927,0,0,0,0,0,0,0,0,0,0,69,0,0,0,0,0,0
16,3888,17.12863927314048,99996,16,8,0,0,59,39,0.0009800392015680626,8,7,49931,49953,43,30,0,0,0,0,0,0,99922,0,0,0,0,0,0,0,0,0,0,74,0,0,0,0,0,0
17,3888,18.13245625619529,99996,13,9,0,0,60,40,0.001000040001600064,8,7,49930,49952,47,30,0,0,0,0,0,0,99918,0,0,0,0,0,0,0,0,0,0,78,0,0,0,0,0,0
18,3888,19.192632621550572,99996,11,9,0,0,63,42,0.0010500420016800673,7,6,49928,49951,52,32,0,0,0,0,0,0,99911,0,0,0,0,0,0,0,0,0,0,85,0,0,0,0,0,0
19,3888,20.135393435960896,99996,11,10,0,0,66,44,0.0011000440017600705,4,4,49928,49951,55,33,0,0,0,0,0,0,99907,0,0,0,0,0,0,0,0,0,0,89,0,0,0,0,0,0
20,3888,21.04405598687951,99996,12,9,0,0,68,45,0.0011300452018080723,5,3,49925,49951,56,35,0,0,0,0,0,0,99904,0,0,0,0,0,0,0,0,0,0,92,0,0,0,0,0,0
21,3888,22.209333462917225,99996,12,9,0,0,69,47,0.0011600464018560743,4,2,49926,49950,56,37,0,0,0,0,0,0,99901,0,0,0,0,0,0,0,0,0,0,95,0,0,0,0,0,0
22,3888,23.02862396560858,99996,12,11,0,0,70,49,0.0011900476019040761,7,0,49922,49950,57,37,0,0,0,0,0,0,99900,0,0,0,0,0,0,0,0,0,0,96,0,0,0,0,0,0
23,3888,24.208709000814594,99996,12,10,0,0,72,49,0.0012100484019360775,9,0,49918,49950,59,38,0,0,0,0,0,0,99897,0,0,0,0,0,0,0,0,0,0,99,0,0,0,0,0,0
24,3888,25.18778559904534,99996,13,10,0,0,73,49,0.0012200488019520781,10,2,49916,49948,59,38,0,0,0,0,0,0,99897,0,0,0,0,0,0,0,0,0,0,99,0,0,0,0,0,0
25,3888,26.045394975202864,99996,15,10,0,0,76,50,0.0012600504020160806,11,2,49913,49947,59,39,0,0,0,0,0,0,99895,0,0,0,0,0,0,0,0,0,0,101,0,0,0,0,0,0
26,3888,27.2674503832891,99996,16,7,0,0,79,50,0.0012900516020640826,15,2,49906,49947,61,42,0,0,0,0,0,0,99890,0,0,0,0,0,0,0,0,0,0,106,0,0,0,0,0,0
27,3888,28.199883514971248,99996,17,6,0,0,81,50,0.0013100524020960838,15,2,49904,49948,62,42,0,0,0,0,0,0,99888,0,0,0,0,0,0,0,0,0,0,108,0,0,0,0,0,0
28,3888,29.009093660917273,99996,17,5,0,0,84,50,0.0013400536021440858,17,3,49899,49947,65,43,0,0,0,0,0,0,99884,0,0,0,0,0,0,0,0,0,0,112,0,0,0,0,0,0
29,3888,30.217344064077707,99996,14,5,0,0,85,50,0.0013500540021600864,16,3,49899,49947,69,43,0,0,0,0,0,0,99880,0,0,0,0,0,0,0,0,0,0,116,0,0,0,0,0,0
30,3888,31.286153601143027,99996,18,5,0,0,90,50,0.0014000560022400896,13,3,49898,49947,69,43,0,0,0,0,0,0,99879,0,0,0,0,0,0,0,0,0,0,117,0,0,0,0,0,0
31,3888,32.10486119514119,99996,18,5,0,0,92,51,0.0014300572022880914,14,2,49895,49947,71,44,0,0,0,0,0,0,99876,0,0,0,0,0,0,0,0,0,0,120,0,0,0,0,0,0
32,3888,33.000047665942326,99996,15,6,0,0,93,53,0.0014600584023360934,14,3,49894,49944,75,45,0,0,0,0,0,0,99871,0,0,0,0,0,0,0,0,0,0,125,0,0,0,0,0,0
33,3888,34.021838481575266,99996,18,4,0,0,98,53,0.0015100604024160967,12,5,49891,49942,77,47,0,0,0,0,0,0,99867,0,0,0,0,0,0,0,0,0,0,129,0,0,0,0,0,0
34,3888,35.04858542638573,99996,11,5,0,0,98,55,0.0015300612024480979,12,3,49891,49943,84,47,0,0,0,0,0,0,99859,0,0,0,0,0,0,0,0,0,0,137,0,0,0,0,0,0
35,3888,36.27708528458816,99996,16,6,0,0,104,56,0.0016000640025601023,7,3,49890,49942,85,47,0,0,0,0,0,0,99858,0,0,0,0,0,0,0,0,0,0,138,0,0,0,0,0,0
36,3888,37.086345397215084,99996,14,6,0,0,106,57,0.0016300652026081043,7,3,49888,49941,89,48,0,0,0,0,0,0,99853,0,0,0,0,0,0,0,0,0,0,143,0,0,0,0,0,0
37,3888,38.29952146499883,99996,14,7,0,0,108,58,0.0016600664026561063,10,4,49883,49940,91,47,0,0,0,0,0,0,99851,0,0,0,0,0,0,0,0,0,0,145,0,0,0,0,0,0
38,3888,39.05554090696088,99996,12,7,0,0,109,58,0.001670066802672107,10,4,49882,49940,94,47,0,0,0,0,0,0,99848,0,0,0,0,0,0,0,0,0,0,148,0,0,0,0,0,0
39,3888,40.25656106286591,99996,11,6,0,0,110,60,0.0017000680027201088,10,5,49881,49937,96,50,0,0,0,0,0,0,99843,0,0,0,0,0,0,0,0,0,0,153,0,0,0,0,0,0
40,3888,41.002763915538004,99996,14,8,0,0,113,63,0.0017600704028161126,7,4,49881,49935,96,51,0,0,0,0,0,0,99842,0,0,0,0,0,0,0,0,0,0,154,0,0,0,0,0,0
41,3888,42.02747836288659,99996,16,4,0,0,115,64,0.0017900716028641146,9,3,49877,49936,96,55,0,0,0,0,0,0,99837,0,0,0,0,0,0,0,0,0,0,159,0,0,0,0,0,0
42,3888,43.08226469162367,99996,14,4,0,0,117,64,0.0018100724028961158,9,3,49876,49936,99,55,0,0,0,0,0,0,99833,0,0,0,0,0,0,0,0,0,0,163,0,0,0,0,0,0
43,3888,44.316439445871254,99996,13,4,0,0,119,64,0.0018300732029281172,9,3,49874,49937,102,54,0,0,0,0,0,0,99830,0,0,0,0,0,0,0,0,0,0,166,0,0,0,0,0,0
44,3888,45.15748266837558,99996,15,3,0,0,123,64,0.0018700748029921196,6,3,49874,49937,103,55,0,0,0,0,0,0,99827,0,0,0,0,0,0,0,0,0,0,169,0,0,0,0,0,0
45,3888,46.03395623778507,99996,13,3,0,0,125,64,0.001890075603024121,6,5,49873,49936,106,54,0,0,0,0,0,0,99823,0,0,0,0,0,0,0,0,0,0,173,0,0,0,0,0,0
46,3888,47.102355201149656,99996,13,5,0,0,129,66,0.0019500780031201249,4,4,49871,49935,110,54,0,0,0,0,0,0,99819,0,0,0,0,0,0,0,0,0,0,177,0,0,0,0,0,0
47,3888,48.06284663906176,99996,13,5,0,0,131,67,0.001980079203168127,6,5,49867,49933,112,55,0,0,0,0,0,0,99816,0,0,0,0,0,0,0,0,0,0,180,0,0,0,0,0,0
48,3888,49.22849775820317,99996,12,4,0,0,132,67,0.0019900796031841273,8,5,49864,49933,114,56,0,0,0,0,0,0,99813,0,0,0,0,0,0,0,0,0,0,183,0,0,0,0,0,0
49,3888,50.10044001197721,99996,10,5,0,0,132,69,0.0020100804032161285,10,3,49862,49933,116,57,0,0,0,0,0,0,99810,0,0,0,0,0,0,0,0,0,0,186,0,0,0,0,0,0
50,3888,51.08030501076429,99996,10,4,0,0,134,69,0.00203008120324813,9,4,49861,49932,118,58,0,0,0,0,0,0,99807,0,0,0,0,0,0,0,0,0,0,189,0,0,0,0,0,0
51,3888,52.033786506526596,99996,12,7,0,0,136,72,0.0020800832033281333,9,2,49859,49931,118,58,0,0,0,0,0,0,99807,0,0,0,0,0,0,0,0,0,0,189,0,0,0,0,0,0
52,3888,53.053591568701314,99996,14,5,0,0,140,72,0.0021200848033921357,11,2,49853,49931,120,60,0,0,0,0,0,0,99803,0,0,0,0,0,0,0,0,0,0,193,0,0,0,0,0,0
53,3888,54.01144657091571,99996,13,4,0,0,142,72,0.002140085603424137,11,2,49851,49931,123,61,0,0,0,0,0,0,99799,0,0,0,0,0,0,0,0,0,0,197,0,0,0,0,0,0
54,3888,55.02835279578328,99996,15,3,0,0,147,72,0.00219008760350414,9,3,49849,49930,125,62,0,0,0,0,0,0,99795,0,0,0,0,0,0,0,0,0,0,201,0,0,0,0,0,0
55,3888,56.183783321217874,99996,14,2,0,0,151,73,0.0022400896035841434,6,3,49850,49930,128,63,0,0,0,0,0,0,99788,0,0,0,0,0,0,0,0,0,0,208,0,0,0,0,0,0
56,3888,57.18397149641799,99996,14,2,0,0,153,73,0.0022600904036161446,7,4,49848,49929,129,63,0,0,0,0,0,0,99786,0,0,0,0,0,0,0,0,0,0,210,0,0,0,0,0,0
57,3888,58.08988971246342,99996,15,3,0,0,155,74,0.0022900916036641466,6,4,49847,49928,130,63,0,0,0,0,0,0,99785,0,0,0,0,0,0,0,0,0,0,211,0,0,0,0,0,0
58,3888,59.00285629438534,99996,13,3,0,0,156,75,0.002310092403696148,7,5,49846,49926,132,64,0,0,0,0,0,0,99781,0,0,0,0,0,0,0,0,0,0,215,0,0,0,0,0,0
59,3888,60.00295807433696,99996,11,2,0,0,156,76,0.0023200928037121486,8,5,49845,49925,134,66,0,0,0,0,0,0,99777,0,0,0,0,0,0,0,0,0,0,219,0,0,0,0,0,0
60,3888,61.02583191006592,99996,11,3,0,0,157,77,0.00234009360374415,8,5,49846,49924,133,66,0,0,0,0,0,0,99776,0,0,0,0,0,0,0,0,0,0,220,0,0,0,0,0,0
61,3888,62.31453780044899,99996,12,5,0,0,158,80,0.0023800952038081523,7,3,49846,49923,133,67,0,0,0,0,0,0,99775,0,0,0,0,0,0,0,0,0,0,221,0,0,0,0,0,0
62,3888,63.008948650883404,99996,11,6,0,0,158,82,0.0024000960038401535,9,1,49844,49924,134,67,0,0,0,0,0,0,99773,0,0,0,0,0,0,0,0,0,0,223,0,0,0,0,0,0
63,3888,64.32720531940973,99996,13,6,0,0,161,82,0.0024300972038881555,12,3,49839,49923,134,66,0,0,0,0,0,0,99772,0,0,0,0,0,0,0,0,0,0,224,0,0,0,0,0,0
64,3888,65.22243918530071,99996,11,6,0,0,162,82,0.0024400976039041563,13,4,49838,49922,136,66,0,0,0,0,0,0,99769,0,0,0,0,0,0,0,0,0,0,227,0,0,0,0,0,0
65,3888,66.01025646579797,99996,13,5,0,0,164,83,0.002470098803952158,17,4,49832,49921,136,68,0,0,0,0,0,0,99767,0,0,0,0,0,0,0,0,0,0,229,0,0,0,0,0,0
66,3888,67.27013615257006,99996,12,6,0,0,165,85,0.00250010000400016,17,4,49831,49919,138,69,0,0,0,0,0,0,99764,0,0,0,0,0,0,0,0,0,0,232,0,0,0,0,0,0
67,3888,68.23532431494763,99996,19,6,0,0,172,85,0.0025701028041121643,13,5,49830,49918,136,69,0,0,0,0,0,0,99764,0,0,0,0,0,0,0,0,0,0,232,0,0,0,0,0,0
68,3888,69.03176833069884,99996,17,5,0,0,175,85,0.0026001040041601664,13,8,49827,49916,141,69,0,0,0,0,0,0,99759,0,0,1,0,0,0,0,0,0,0,236,0,0,0,0,0,0
69,3888,70.1280926685584,99996,24,7,0,0,183,88,0.0027101084043361736,6,6,49826,49915,142,70,0,0,0,0,0,0,99757,0,0,1,0,0,0,0,0,0,0,238,0,0,0,0,0,0
70,3888,71.32749530914332,99996,24,10,0,0,186,92,0.002780111204448178,8,5,49821,49912,145,71,0,0,0,0,0,0,99753,0,0,1,0,0,0,0,0,0,0,242,0,0,0,0,0,0
71,3888,72.05827762791846,99996,24,10,0,0,187,93,0.0028001120044801792,9,4,49820,49912,145,72,0,0,0,0,0,0,99751,0,0,1,0,0,0,0,0,0,0,244,0,0,0,0,0,0
72,3888,73.03322533205731,99996,23,11,0,0,188,94,0.0028201128045121805,10,5,49818,49910,147,72,0,0,0,0,0,0,99749,0,0,1,0,0,0,0,0,0,0,246,0,0,0,0,0,0
73,3888,74.31348803968528,99996,22,9,0,0,190,96,0.002860114404576183,11,4,49815,49910,150,75,0,0,0,0,0,0,99742,0,0,1,0,0,0,0,0,0,0,253,0,0,0,0,0,0
74,3888,75.2289109438681,99996,19,10,0,0,191,97,0.0028801152046081845,14,3,49813,49911,152,74,0,0,0,0,0,0,99738,0,0,1,0,0,0,0,0,0,0,257,0,0,0,0,0,0
75,3888,76.20540501966443,99995,18,9,1,0,193,97,0.0029001450072503624,13,4,49813,49911,153,74,0,0,0,0,0,0,99734,0,0,1,0,0,0,0,0,0,0,260,0,0,0,0,0,0
76,3888,77.27464113717838,99995,23,10,1,0,200,98,0.0029801490074503724,10,6,49810,49908,154,74,0,0,0,0,0,0,99732,0,0,1,0,0,0,0,0,0,0,262,0,0,0,0,0,0
77,3888,78.20449126971064,99995,20,9,1,0,201,98,0.002990149507475374,9,7,49811,49908,157,74,0,0,0,0,0,0,99727,0,0,1,0,0,0,0,0,0,0,267,0,0,0,0,0,0
78,3888,79.06559567588661,99995,22,10,1,0,204,100,0.00304015200760038,8,8,49810,49905,157,75,0,0,0,0,0,0,99725,0,0,1,0,0,0,0,0,0,0,269,0,0,0,0,0,0
79,3888,80.00663744148244,99995,21,11,1,0,207,103,0.0031001550077503874,8,7,49809,49903,159,77,0,0,0,0,0,0,99719,0,0,1,0,0,0,0,0,0,0,275,0,0,0,0,0,0
80,3888,81.30579471825445,99995,22,13,1,0,210,106,0.003160158007900395,8,5,49806,49902,161,78,0,0,0,0,0,0,99716,0,0,1,0,0,0,0,0,0,0,278,0,0,0,0,0,0
81,3888,82.07483150861432,99995,20,12,1,0,211,106,0.0031701585079253964,13,11,49800,49896,164,79,0,0,0,0,0,0,99712,0,0,1,0,0,0,0,0,0,0,282,0,0,0,0,0,0
82,3888,83.0116020296541,99995,20,14,1,0,215,109,0.003240162008100405,13,9,49796,49895,168,80,0,0,0,0,0,0,99707,0,0,1,0,0,0,0,0,0,0,287,0,0,0,0,0,0
83,3888,84.05367072874179,99995,22,16,1,0,220,112,0.003320166008300415,9,6,49796,49895,170,81,0,0,0,0,0,0,99703,0,0,1,0,0,0,0,0,0,0,291,0,0,0,0,0,0
84,3888,85.05395856918724,99995,23,14,1,0,223,113,0.00336016800840042,8,7,49794,49893,172,84,0,0,0,0,0,0,99698,0,0,1,0,0,0,0,0,0,0,296,0,0,0,0,0,0
85,3888,86.07171523071706,99995,25,11,1,0,226,114,0.003400170008500425,10,7,49789,49892,173,88,0,0,0,0,0,0,99693,0,0,1,0,0,0,0,0,0,0,301,0,0,0,0,0,0
86,3888,87.06050000243583,99995,21,12,1,0,229,117,0.0034601730086504323,14,6,49783,49890,179,90,0,0,0,0,0,0,99684,0,0,1,0,0,0,0,0,0,0,310,0,0,0,0,0,0
87,3888,88.09839985542858,99994,21,11,2,0,232,118,0.003500210012600756,15,6,49779,49889,181,92,0,0,0,0,0,0,99679,0,0,1,0,0,0,0,0,0,0,314,0,0,0,0,0,0
88,3888,89.03966833765857,99994,23,8,2,0,236,118,0.0035402124127447646,12,6,49779,49890,182,94,0,0,0,0,0,0,99674,0,0,1,0,0,0,0,0,0,0,319,0,0,0,0,0,0
89,3888,90.04862041945425,99994,25,7,2,0,239,118,0.0035702142128527714,15,8,49774,49888,182,95,0,0,0,0,0,0,99672,0,0,1,0,0,0,0,0,0,0,321,0,0,0,0,0,0
90,3888,91.01891937949156,99994,26,6,2,0,244,119,0.003630217813068784,11,7,49773,49888,186,97,0,0,0,0,0,0,99666,0,0,1,0,0,0,0,0,0,0,327,0,0,0,0,0,0
91,3888,92.03489228699594,99994,24,5,2,0,246,120,0.0036602196131767907,13,6,49769,49888,190,99,0,0,0,0,0,0,99660,0,0,1,0,0,0,0,0,0,0,333,0,0,0,0,0,0
92,3888,93.32215171454752,99994,21,4,2,0,249,120,0.003690221413284797,13,7,49767,49889,195,98,0,0,0,0,0,0,99653,0,0,1,0,0,0,0,0,0,0,340,0,0,0,0,0,0
93,3888,94.01387401052867,99994,21,7,2,0,251,123,0.003740224413464808,12,5,49766,49888,197,98,0,0,0,0,0,0,99651,0,0,1,0,0,0,0,0,0,0,342,0,0,0,0,0,0
94,3888,95.09154455848301,99994,19,7,2,0,254,123,0.003770226213572814,12,7,49763,49887,202,97,0,0,0,0,0,0,99646,0,0,1,0,0,0,0,0,0,0,347,0,0,0,0,0,0
95,3888,96.21231149270194,99994,18,8,2,0,257,124,0.003810228613716823,12,7,49761,49886,205,97,0,0,0,0,0,0,99642,0,0,1,0,0,0,0,0,0,0,351,0,0,0,0,0,0
96,3888,97.15698769629837,99994,20,9,2,0,261,125,0.003860231613896834,11,6,49760,49887,205,96,0,0,0,0,0,0,99640,0,0,1,0,0,0,0,0,0,0,353,0,0,0,0,0,0
97,3888,98.0536722688345,99994,19,11,2,0,262,128,0.0039002340140408425,12,5,49758,49886,207,96,0,0,0,0,0,0,99637,0,0,1,0,0,0,0,0,0,0,356,0,0,0,0,0,0
98,3888,99.16239372224258,99994,19,9,2,0,265,130,0.003950237014220853,14,3,49753,49886,210,100,0,0,0,0,0,0,99630,0,0,1,0,0,0,0,0,0,0,363,0,0,0,0,0,0
99,3888,100.24559329958312,99994,17,9,2,0,266,130,0.003960237614256856,14,3,49753,49886,212,100,0,0,0,0,0,0,99627,0,0,1,0,0,0,0,0,0,0,366,0,0,0,0,0,0
100,3888,101.01107863862713,99994,20,11,2,0,270,132,0.004020241214472868,11,2,49753,49885,212,100,0,0,0,0,0,0,99626,0,0,1,0,0,0,0,0,0,0,367,0,0,0,0,0,0
101,3888,102.21092649499354,99994,17,10,2,0,271,132,0.0040302418145088705,15,3,49748,49886,216,99,0,0,0,0,0,0,99621,0,0,1,0,0,0,0,0,0,0,372,0,0,0,0,0,0
102,3888,103.09418085688667,99994,20,9,2,0,274,132,0.004060243614616877,16,3,49744,49886,216,100,0,0,0,0,0,0,99620,0,0,1,0,0,0,0,0,0,0,373,0,0,0,0,0,0
103,3888,104.04096696711088,99994,18,9,2,0,276,133,0.004090245414724883,18,5,49742,49884,218,100,0,0,0,0,0,0,99615,0,0,1,0,0,0,0,0,0,0,378,0,0,0,0,0,0
104,3888,105.02430671102354,99994,15,9,2,0,277,134,0.004110246614796888,20,6,49739,49883,222,100,0,0,0,0,0,0,99610,0,0,1,0,0,0,0,0,0,0,383,0,0,0,0,0,0
105,3888,106.01664559278434,99994,14,10,2,0,280,135,0.0041502490149408966,18,10,49739,49878,225,100,0,0,0,0,0,0,99606,0,0,1,0,0,0,0,0,0,0,387,0,0,0,0,0,0
106,3888,107.07397110847435,99994,16,11,2,0,284,139,0.004230253815228914,17,6,49738,49878,225,103,0,0,0,0,0,0,99601,0,0,1,0,0,0,0,0,0,0,392,0,0,0,0,0,0
107,3888,108.05683344110662,99994,16,12,2,0,286,141,0.004270256215372923,17,4,49736,49878,227,104,0,0,0,0,0,0,99598,0,0,1,0,0,0,0,0,0,0,395,0,0,0,0,0,0
108,3888,109.18809453794861,99994,15,12,2,0,287,142,0.004290257415444926,20,6,49733,49876,228,104,0,0,0,0,0,0,99595,0,0,1,0,0,0,0,0,0,0,398,0,0,0,0,0,0
109,3888,110.01594801239095,99994,17,10,2,0,291,143,0.0043402604156249375,20,6,49729,49875,230,107,0,0,0,0,0,0,99590,0,0,1,0,0,0,0,0,0,0,403,0,0,0,0,0,0
110,3888,111.00690913771928,99994,23,10,2,0,298,147,0.004450267016020961,17,4,49725,49874,231,110,0,0,0,0,0,0,99585,0,0,1,0,0,0,0,0,0,0,408,0,0,0,0,0,0
111,3888,112.04116610972532,99994,25,9,2,0,302,147,0.0044902694161649695,16,6,49723,49873,232,110,0,0,0,0,0,0,99582,0,0,1,0,0,0,0,0,0,0,411,0,0,0,0,0,0
112,3888,113.05692111815056,99994,19,8,2,0,302,147,0.0044902694161649695,18,7,49722,49872,237,111,0,0,0,0,0,0,99575,0,0,1,0,0,0,0,0,0,0,418,0,0,0,0,0,0
113,3888,114.12768837830984,99994,23,10,2,0,310,151,0.004610276616596996,15,6,49718,49869,240,113,0,0,0,0,0,0,99569,0,0,1,0,0,0,0,0,0,0,424,0,0,0,0,0,0
114,3888,115.02023058721694,99994,26,10,2,0,314,152,0.004660279616777007,13,7,49716,49867,241,114,0,0,0,0,0,0,99567,0,0,1,0,0,0,0,0,0,0,426,0,0,0,0,0,0
115,3888,116.1048780246875,99994,26,8,2,0,316,154,0.004700282016921015,14,7,49716,49865,240,118,0,0,0,0,0,0,99561,0,0,1,0,0,0,0,0,0,0,432,0,0,0,0,0,0
116,3888,117.07561870990469,99994,24,10,2,0,317,157,0.004740284417065024,22,7,49708,49864,242,117,0,0,0,0,0,0,99557,0,0,1,0,0,0,0,0,0,0,436,0,0,0,0,0,0
117,3888,118.20613550951107,99994,28,11,2,0,324,159,0.004830289817389043,23,8,49700,49861,245,118,0,0,0,0,0,0,99553,0,0,1,0,0,0,0,0,0,0,440,0,0,0,0,0,0
118,3888,119.0200152454414,99994,28,12,2,0,330,162,0.004920295217713063,21,6,49696,49860,251,120,0,0,0,0,0,0,99545,0,0,1,0,0,0,0,0,0,0,448,0,0,0,0,0,0
119,3888,120.22228950156685,99994,31,12,2,0,339,163,0.005020301218073084,16,9,49693,49856,256,121,0,0,0,0,0,0,99538,0,0,1,0,0,0,0,0,0,0,455,0,0,0,0,0,0
120,3888,121.09649011789857,99993,28,14,3,0,341,167,0.005080355624893743,17,6,49690,49856,260,122,0,0,0,0,0,0,99531,0,0,1,0,0,0,0,0,0,0,461,0,0,0,0,0,0
121,3888,122.00354030287431,99993,29,11,3,0,343,167,0.00510035702499175,17,6,49689,49857,260,124,0,0,0,0,0,0,99527,0,0,1,0,0,0,0,0,0,0,465,0,0,0,0,0,0
122,3888,123.0601003502705,99993,27,14,3,0,346,170,0.00516036122528577,21,5,49683,49855,264,124,0,0,0,0,0,0,99522,0,0,1,0,0,0,0,0,0,0,470,0,0,0,0,0,0
123,3888,124.04420357803174,99993,30,13,3,0,352,171,0.005230366125628794,15,6,49683,49853,267,126,0,0,0,0,0,0,99517,0,0,1,0,0,0,0,0,0,0,475,0,0,0,0,0,0
124,3888,125.25254064731176,99993,27,13,3,0,355,172,0.0052703689258248075,20,11,49678,49848,270,126,0,0,0,0,0,0,99510,0,0,1,0,0,0,0,0,0,0,482,0,0,0,0,0,0
125,3888,126.03702372673814,99993,30,14,3,0,359,175,0.005340373826167832,21,8,49674,49848,270,128,0,0,0,0,0,0,99507,0,0,1,0,0,0,0,0,0,0,485,0,0,0,0,0,0
126,3888,127.30098953521151,99993,35,15,3,0,369,176,0.00545038152670687,22,12,49663,49844,275,127,0,0,0,0,0,0,99502,0,0,1,0,0,0,0,0,0,0,490,0,0,0,0,0,0
127,3888,128.21678652010536,99993,33,14,3,0,372,176,0.00548038362685388,23,15,49660,49842,279,127,0,0,0,0,0,0,99496,0,0,1,0,0,0,0,0,0,0,496,0,0,0,0,0,0
128,3888,129.00203002489428,99993,32,14,3,0,372,178,0.005500385026951887,28,13,49655,49842,280,129,0,0,0,0,0,0,99493,0,0,1,0,0,0,0,0,0,0,499,0,0,0,0,0,0
129,3888,130.01600073863716,99993,32,14,3,0,379,181,0.005600392027441921,29,13,49649,49840,285,131,0,0,0,0,0,0,99483,0,0,1,0,0,0,0,0,0,0,509,0,0,0,0,0,0
130,3888,131.0130476589576,99993,37,15,3,0,387,182,0.005690398327882952,28,16,49643,49837,287,130,0,0,0,0,0,0,99480,0,0,1,0,0,0,0,0,0,0,512,0,0,0,0,0,0
131,3888,132.1540830165246,99993,39,20,3,0,392,187,0.005790405328372986,27,16,49640,49832,289,130,0,0,0,0,0,0,99477,0,0,1,0,0,0,0,0,0,0,515,0,0,0,0,0,0
132,3888,133.18732478144756,99993,43,21,3,0,402,192,0.0059404158291080375,24,15,49634,49828,294,134,0,0,0,0,0,0,99467,0,0,1,0,0,0,0,0,0,0,525,0,0,0,0,0,0
133,3888,134.16685912519307,99993,47,22,3,0,408,195,0.006030422129549068,26,14,49626,49826,296,136,0,0,0,0,0,0,99463,0,0,1,0,0,0,0,0,0,0,529,0,0,0,0,0,0
134,3888,135.03823095266387,99993,49,22,3,0,414,199,0.0061304291300391025,25,10,49622,49826,299,140,0,0,0,0,0,0,99455,0,0,1,0,0,0,0,0,0,0,537,0,0,0,0,0,0
135,3888,136.16343047858788,99993,57,24,3,0,428,204,0.006320442430970168,24,15,49609,49816,305,143,0,0,0,0,0,0,99446,0,0,1,0,0,0,0,0,0,0,546,0,0,0,0,0,0
136,3888,137.27233812334387,99993,61,22,3,0,440,208,0.0064804536317542225,28,14,49595,49815,311,147,0,0,0,0,0,0,99432,0,0,1,0,0,0,0,0,0,0,560,0,0,0,0,0,0
137,3888,138.1819305026814,99993,57,21,3,0,442,210,0.006520456431950237,32,15,49589,49812,317,150,0,0,0,0,0,0,99423,0,0,1,0,0,0,0,0,0,0,569,0,0,0,0,0,0
138,3888,139.17753770763878,99993,56,24,3,0,452,216,0.006680467632734291,31,14,49583,49808,325,152,0,0,0,0,0,0,99409,0,0,1,0,0,0,0,0,0,0,583,0,0,0,0,0,0
139,3888,140.14547406148984,99993,58,25,3,0,459,220,0.006790475333273329,32,16,49575,49803,330,154,0,0,0,0,0,0,99401,0,0,1,0,0,0,0,0,0,0,591,0,0,0,0,0,0
140,3888,141.00303073851364,99993,54,21,3,0,469,224,0.0069304851339593776,33,15,49568,49800,340,162,0,0,0,0,0,0,99379,0,0,1,0,0,0,0,0,0,0,613,0,0,0,0,0,0
141,3888,142.26807286915601,99993,50,21,3,0,473,227,0.007000490034302401,36,15,49562,49797,347,165,0,0,0,0,0,0,99368,0,0,1,0,0,0,0,0,0,0,624,0,0,0,0,0,0
142,3888,143.20662310649473,99993,44,19,3,0,484,228,0.0071204984348904425,33,18,49554,49794,364,167,0,0,0,0,0,0,99348,0,0,1,0,0,0,0,0,0,0,644,0,0,0,0,0,0
143,3888,144.14230790528424,99993,42,20,3,0,485,230,0.0071505005350374524,37,18,49549,49792,367,168,0,0,0,0,0,0,99344,0,0,1,0,0,0,0,0,0,0,648,0,0,0,0,0,0
144,3888,145.1889983812393,99993,46,17,3,0,497,234,0.0073105117358215075,32,25,49544,49783,373,173,0,0,0,0,0,0,99329,0,0,1,0,0,0,0,0,0,0,663,0,0,0,0,0,0
145,3888,146.13437592367038,99993,53,23,3,0,507,241,0.007480523636654566,33,23,49534,49778,375,174,0,0,0,0,0,0,99325,0,0,1,0,0,0,0,0,0,0,667,0,0,0,0,0,0
146,3888,147.12319313577018,99993,54,26,3,0,512,247,0.007590531337193604,35,19,49528,49776,378,177,0,0,0,0,0,0,99318,0,0,1,0,0,0,0,0,0,0,674,0,0,0,0,0,0
147,3888,148.17967064097084,99993,55,31,3,0,519,252,0.0077105397377816446,35,17,49522,49774,383,176,0,0,0,0,0,0,99312,0,0,1,0,0,0,0,0,0,0,680,0,0,0,0,0,0
148,3888,149.20342102474527,99993,58,30,3,0,530,256,0.007860550238516697,36,25,49513,49763,388,180,0,0,0,0,0,0,99299,0,0,1,0,0,0,0,0,0,0,693,0,0,0,0,0,0
149,3888,150.19255484628573,99993,55,32,3,0,537,262,0.007990559339153741,34,24,49509,49758,397,184,0,0,0,0,0,0,99285,0,0,1,0,0,0,0,0,0,0,707,0,0,0,0,0,0
150,3888,151.18183506975146,99993,53,38,3,0,545,270,0.008150570539937795,40,20,49495,49755,407,185,0,0,0,0,0,0,99273,0,0,1,0,0,0,0,0,0,0,719,0,0,0,0,0,0
151,3888,152.17130561487318,99993,46,31,3,0,552,272,0.008240576840378827,38,23,49493,49751,418,193,0,0,0,0,0,0,99250,0,0,1,0,0,0,0,0,0,0,742,0,0,0,0,0,0
152,3888,153.1609382962449,99993,47,26,3,0,561,274,0.008350584540917864,35,26,49489,49746,424,200,0,0,0,0,0,0,99235,0,0,1,0,0,0,0,0,0,0,757,0,0,0,0,0,0
153,3888,154.1506945586184,99993,50,30,3,0,572,282,0.00854059784184893,34,20,49480,49745,431,203,0,0,0,0,0,0,99223,0,0,1,0,0,0,0,0,0,0,769,0,0,0,0,0,0
154,3888,155.06724097495265,99993,55,30,3,0,586,286,0.008720610442730991,36,20,49464,49743,440,205,0,0,0,0,0,0,99210,0,0,1,0,0,0,0,0,0,0,782,0,0,0,0,0,0
155,3888,156.08135016832992,99993,58,27,3,0,592,290,0.008820617443221025,41,18,49457,49741,439,212,0,0,0,0,0,0,99200,0,0,1,0,0,0,0,0,0,0,792,0,0,0,0,0,0
156,3888,157.08631386549058,99993,53,28,3,0,600,294,0.008940625843809067,40,18,49450,49737,452,215,0,0,0,0,0,0,99184,0,0,1,0,0,0,0,0,0,0,808,0,0,0,0,0,0
157,3888,158.13908732735194,99993,56,31,3,0,615,301,0.009160641244887142,45,18,49432,49732,462,217,0,0,0,0,0,0,99168,0,0,1,0,0,0,0,0,0,0,824,0,0,0,0,0,0
158,3888,159.25753289235058,99993,57,28,3,0,631,306,0.009370655945916214,39,21,49427,49724,472,225,0,0,0,0,0,0,99145,0,0,1,0,0,0,0,0,0,0,847,0,0,0,0,0,0
159,3888,160.24837900240541,99993,60,30,3,0,641,310,0.009510665746602262,36,19,49421,49722,478,227,0,0,0,0,0,0,99136,0,0,1,0,0,0,0,0,0,0,856,0,0,0,0,0,0
160,3888,161.055456563963,99993,64,30,3,0,654,314,0.009680677647435321,32,23,49414,49716,485,229,0,0,0,0,0,0,99124,0,0,2,0,0,0,0,0,0,0,867,0,0,0,0,0,0
161,3888,162.04654561967683,99993,66,30,3,0,661,319,0.009800686048023362,30,22,49412,49714,487,232,0,0,0,0,0,0,99114,0,0,2,0,0,0,0,0,0,0,877,0,0,0,0,0,0
162,3888,163.03768809634167,99992,61,31,4,0,671,323,0.009940795263621089,40,24,49394,49709,499,234,0,0,0,0,0,0,99096,0,0,2,0,0,0,0,0,0,0,894,0,0,0,0,0,0
163,3888,164.02908388512034,99992,64,26,4,0,685,325,0.010100808064645172,37,27,49385,49706,508,239,0,0,0,0,0,0,99078,0,0,2,0,0,0,0,0,0,0,912,0,0,0,0,0,0
164,3888,165.0206714457044,99992,67,28,4,0,697,329,0.010260820865669254,34,24,49377,49705,516,241,0,0,0,0,0,0,99067,0,0,2,0,0,0,0,0,0,0,923,0,0,0,0,0,0
165,3888,166.01244118838127,99992,60,30,4,0,703,333,0.010360828866309305,32,20,49375,49706,527,242,0,0,0,0,0,0,99052,0,0,2,0,0,0,0,0,0,0,938,0,0,0,0,0,0
166,3888,167.33027223753118,99992,53,32,4,0,704,339,0.010430834466757341,40,17,49370,49703,531,246,0,0,0,0,0,0,99040,0,0,2,0,0,0,0,0,0,0,950,0,0,0,0,0,0
167,3888,168.19513212098448,99992,65,36,4,0,720,344,0.010640851268101449,40,20,49355,49698,534,244,0,0,0,0,0,0,99035,0,0,2,0,0,0,0,0,0,0,955,0,0,0,0,0,0
168,3888,169.29397550718394,99992,62,32,4,0,731,349,0.01080086406912553,44,23,49341,49693,547,250,0,0,0,0,0,0,99012,0,0,2,0,0,0,0,0,0,0,978,0,0,0,0,0,0
169,3888,170.28640643310086,99992,58,29,4,0,740,354,0.010940875270021602,48,25,49330,49686,558,258,0,0,0,0,0,0,98991,0,0,2,0,0,0,0,0,0,0,999,0,0,0,0,0,0
170,3888,171.27909278467516,99992,57,33,4,0,751,362,0.011130890471237699,49,20,49318,49683,570,262,0,0,0,0,0,0,98976,0,0,3,0,0,0,0,0,0,0,1013,0,0,0,0,0,0
171,3888,172.08344285871829,99992,61,34,4,0,759,366,0.01125090007200576,44,18,49316,49681,573,265,0,0,0,0,0,0,98969,0,0,3,0,0,0,0,0,0,0,1020,0,0,0,0,0,0
172,3888,173.0661598255637,99992,66,40,4,0,768,374,0.011420913673093848,44,14,49310,49677,574,267,0,0,0,0,0,0,98963,0,0,3,0,0,0,0,0,0,0,1026,0,0,0,0,0,0
173,3888,174.00661073726008,99992,67,34,4,0,777,378,0.011550924073925915,46,15,49303,49672,578,277,0,0,0,0,0,0,98945,0,0,3,0,0,0,0,0,0,0,1044,0,0,0,0,0,0
174,3888,175.0772185403727,99992,72,40,4,0,790,385,0.011750940075206016,45,15,49295,49667,582,276,0,0,0,0,0,0,98936,0,0,3,0,0,0,0,0,0,0,1053,0,0,0,0,0,0
175,3888,176.19210730555207,99992,73,41,4,0,802,392,0.011940955276422114,56,17,49275,49658,590,282,0,0,0,0,0,0,98919,0,0,3,0,0,0,0,0,0,0,1070,0,0,0,0,0,0
176,3888,177.3046905070233,99992,80,39,4,0,820,397,0.012170973677894232,46,16,49271,49654,597,289,0,0,0,0,0,0,98901,0,0,3,0,0,0,0,0,0,0,1088,0,0,0,0,0,0
177,3888,178.11480079787293,99992,77,38,4,0,825,398,0.012230978478278262,52,19,49265,49650,600,291,0,0,0,0,0,0,98891,0,0,3,0,0,0,0,0,0,0,1098,0,0,0,0,0,0
178,3888,179.06719881406397,99992,79,40,4,0,835,404,0.012390991279302344,54,18,49254,49645,607,295,0,0,0,0,0,0,98879,0,0,3,0,0,0,0,0,0,0,1110,0,0,0,0,0,0
179,3888,180.10568905572308,99992,82,36,4,0,850,406,0.012561004880390431,53,24,49242,49638,617,300,0,0,0,0,0,0,98861,0,0,3,0,0,0,0,0,0,0,1128,0,0,0,0,0,0
180,3888,181.09979403435932,99992,83,40,4,0,864,413,0.012771021681734539,45,23,49238,49632,628,303,0,0,0,0,0,0,98845,0,0,3,0,0,0,0,0,0,0,1144,0,0,0,0,0,0
181,3888,182.09405093950252,99992,77,41,4,0,873,419,0.012921033682694616,53,27,49222,49623,642,307,0,0,0,0,0,0,98825,0,0,3,0,0,0,0,0,0,0,1164,0,0,0,0,0,0
182,3888,183.08855991229697,99992,84,46,4,0,892,431,0.013231058484678775,49,24,49207,49616,654,312,0,0,0,0,0,0,98806,0,0,3,0,0,0,0,0,0,0,1183,0,0,0,0,0,0
183,3888,184.143131210567,99991,77,47,4,1,902,441,0.013431208808792791,49,21,49201,49610,667,319,0,0,0,0,0,0,98780,0,0,3,0,0,0,0,0,0,0,1208,0,0,0,0,0,0
184,3888,185.08454568081052,99991,82,46,4,1,915,445,0.013601224110169915,49,22,49190,49605,673,324,0,0,0,0,0,0,98767,0,0,3,0,0,0,0,0,0,0,1221,0,0,0,0,0,0
185,3888,186.07971302806467,99990,79,46,5,1,922,451,0.013731373137313731,56,27,49179,49597,679,327,0,0,0,0,0,0,98751,0,0,3,0,0,0,0,0,0,0,1236,0,0,0,0,0,0
186,3888,187.07501512743846,99990,76,43,5,1,934,457,0.013911391139113912,59,25,49167,49593,691,336,0,0,0,0,0,0,98728,0,0,4,0,0,0,0,0,0,0,1258,0,0,0,0,0,0
187,3888,188.0705684534234,99990,81,42,5,1,948,462,0.014101410141014101,52,28,49164,49586,696,341,0,0,0,0,0,0,98713,0,0,4,0,0,0,0,0,0,0,1273,0,0,0,0,0,0
188,3888,189.06619092232077,99990,82,47,5,1,958,470,0.014281428142814282,54,25,49157,49583,700,342,0,0,0,0,0,0,98701,0,0,4,0,0,0,0,0,0,0,1285,0,0,0,0,0,0
189,3888,190.06194863048717,99990,80,47,5,1,966,476,0.014421442144214421,58,21,49146,49583,709,346,0,0,0,0,0,0,98685,0,0,4,0,0,0,0,0,0,0,1301,0,0,0,0,0,0
190,3888,191.16803176003734,99990,89,38,5,1,987,480,0.014671467146714672,52,28,49134,49574,718,357,0,0,0,0,0,0,98660,0,0,4,0,0,0,0,0,0,0,1326,0,0,0,0,0,0
191,3888,192.16416782476085,99990,84,40,5,1,1000,486,0.014861486148614862,52,32,49124,49565,733,360,0,0,0,0,0,0,98638,0,0,4,0,0,0,0,0,0,0,1348,0,0,0,0,0,0
192,3888,193.1605443389024,99990,78,46,5,1,1006,495,0.01501150115011501,60,26,49111,49564,744,361,0,0,0,0,0,0,98623,0,0,4,0,0,0,0,0,0,0,1363,0,0,0,0,0,0
193,3888,194.15721892292194,99989,85,47,6,1,1022,502,0.015241676584424286,64,29,49093,49555,750,366,0,0,0,0,0,0,98609,0,0,5,0,0,0,0,0,0,0,1375,0,0,0,0,0,0
194,3888,195.15410211996277,99989,94,53,6,1,1040,513,0.015531708487933673,60,26,49081,49548,757,370,0,0,0,0,0,0,98595,0,0,5,0,0,0,0,0,0,0,1389,0,0,0,0,0,0
195,3888,196.15114425557428,99989,91,49,6,1,1052,517,0.015691726089869885,61,29,49072,49542,768,377,0,0,0,0,0,0,98572,0,0,5,0,0,0,0,0,0,0,1412,0,0,0,0,0,0
196,3888,197.1484423439742,99989,77,57,6,1,1059,532,0.015911750292532178,66,21,49063,49537,786,382,0,0,0,0,0,0,98544,0,0,5,0,0,0,0,0,0,0,1440,0,0,0,0,0,0
197,3888,198.1459838755231,99989,79,55,6,1,1075,536,0.016111772294952444,62,22,49052,49535,799,385,0,0,0,0,0,0,98524,0,0,5,0,0,0,0,0,0,0,1460,0,0,0,0,0,0
198,3888,199.14376496630413,99989,84,51,6,1,1097,542,0.016391803098340818,48,21,49048,49532,812,393,0,0,0,0,0,0,98497,0,0,5,0,0,0,0,0,0,0,1487,0,0,0,0,0,0
199,3888,200.14170297064004,99989,86,51,6,1,1108,548,0.016561821800398044,46,20,49041,49528,819,398,0,0,0,0,0,0,98482,0,0,5,0,0,0,0,0,0,0,1502,0,0,0,0,0,0
200,3888,201.1875403029112,99989,86,49,6,1,1118,551,0.016691836101971218,49,19,49031,49528,826,401,0,0,0,0,0,0,98467,0,0,5,0,0,0,0,0,0,0,1517,0,0,0,0,0,0
201,3888,202.0828721514628,99989,90,41,6,1,1137,554,0.01691186030463351,51,27,49012,49519,839,410,0,0,0,0,0,0,98442,0,0,6,0,0,0,0,0,0,0,1541,0,0,0,0,0,0
202,3888,203.08150910324707,99988,93,43,7,1,1152,561,0.017132055846701605,51,26,49000,49515,847,413,0,0,0,0,0,0,98425,0,0,6,0,0,0,0,0,0,0,1557,0,0,0,0,0,0
203,3888,204.08033166264227,99988,92,43,7,1,1165,568,0.01733207984958195,54,27,48988,49507,857,420,0,0,0,0,0,0,98404,0,0,6,0,0,0,0,0,0,0,1578,0,0,0,0,0,0
204,3888,205.07940137611314,99988,91,45,7,1,1178,577,0.01755210625275033,53,24,48977,49504,870,424,0,0,0,0,0,0,98383,0,0,6,0,0,0,0,0,0,0,1599,0,0,0,0,0,0
205,3888,206.07871334414196,99988,87,46,7,1,1192,583,0.017752130255630674,56,22,48967,49502,881,427,0,0,0,0,0,0,98360,0,0,6,0,0,0,0,0,0,0,1622,0,0,0,0,0,0
206,3888,207.07822696720487,99988,86,54,7,1,1202,594,0.017962155458655038,60,19,48956,49494,889,430,0,0,0,0,0,0,98346,0,0,6,0,0,0,0,0,0,0,1636,0,0,0,0,0,0
207,3888,208.04897766756355,99988,84,49,7,1,1211,599,0.01810217226067128,59,18,48949,49492,899,438,0,0,0,0,0,0,98325,0,0,6,0,0,0,0,0,0,0,1657,0,0,0,0,0,0
208,3888,209.07690484543784,99988,84,47,7,1,1229,605,0.018342201064127695,60,24,48933,49484,914,442,0,0,0,0,0,0,98299,0,0,6,0,0,0,0,0,0,0,1683,0,0,0,0,0,0
209,3888,210.07711758165624,99988,88,47,7,1,1246,612,0.01858222986758411,67,25,48913,49480,923,445,0,0,0,0,0,0,98279,0,0,6,0,0,0,0,0,0,0,1703,0,0,0,0,0,0
210,3888,211.07760232249586,99988,97,45,7,1,1265,616,0.018812257470896508,60,24,48902,49478,932,450,0,0,0,0,0,0,98263,0,0,6,0,0,0,0,0,0,0,1719,0,0,0,0,0,0
211,3888,212.07831759575703,99988,96,42,7,1,1280,621,0.019012281473776853,55,28,48899,49469,941,458,0,0,0,0,0,0,98239,0,0,6,0,0,0,0,0,0,0,1743,0,0,0,0,0,0
212,3888,213.07915468616108,99988,98,44,7,1,1294,630,0.01924230907708925,57,30,48885,49458,951,465,0,0,0,0,0,0,98220,0,0,6,0,0,0,0,0,0,0,1762,0,0,0,0,0,0
213,3888,214.08021164836785,99988,98,46,7,1,1311,640,0.01951234148097772,57,25,48871,49456,965,470,0,0,0,0,0,0,98196,0,0,7,0,0,0,0,0,0,0,1785,0,0,0,0,0,0
214,3888,215.08155396220366,99988,88,42,7,1,1317,647,0.01964235708284994,65,35,48858,49442,980,478,0,0,0,0,0,0,98169,0,0,7,0,0,0,0,0,0,0,1812,0,0,0,0,0,0
215,3888,216.08315598933743,99988,90,48,7,1,1332,660,0.019922390686882428,64,31,48847,49436,990,482,0,0,0,0,0,0,98149,0,0,7,0,0,0,0,0,0,0,1832,0,0,0,0,0,0
216,3888,217.08497338833143,99988,94,46,7,1,1347,667,0.020142417090050806,62,29,48839,49431,996,491,0,0,0,0,0,0,98129,0,0,7,0,0,0,0,0,0,0,1852,0,0,0,0,0,0
217,3888,218.08695122831068,99988,92,45,7,1,1361,673,0.02034244109293115,59,31,48830,49423,1010,498,0,0,0,0,0,0,98106,0,0,7,0,0,0,0,0,0,0,1875,0,0,0,0,0,0
218,3888,219.08916935894678,99988,88,40,7,1,1372,680,0.020522462695523463,63,27,48823,49420,1017,510,0,0,0,0,0,0,98079,0,0,7,0,0,0,0,0,0,0,1902,0,0,0,0,0,0
219,3888,220.0915887990277,99988,96,43,7,1,1392,688,0.020802496299555946,60,25,48810,49417,1025,512,0,0,0,0,0,0,98062,0,0,7,0,0,0,0,0,0,0,1919,0,0,0,0,0,0
220,3888,221.0941884687749,99988,99,42,7,1,1409,694,0.021032523902868343,59,29,48798,49408,1035,518,0,0,0,0,0,0,98043,0,0,9,0,0,0,0,0,0,0,1936,0,0,0,0,0,0
221,3888,222.09700577800425,99987,103,43,8,1,1426,701,0.021272765459509735,57,33,48788,49398,1042,523,0,0,0,0,0,0,98024,0,0,9,0,0,0,0,0,0,0,1954,0,0,0,0,0,0
222,3888,223.09997930394275,99987,100,45,8,1,1438,709,0.021472791462890176,59,33,48780,49393,1051,526,0,0,0,0,0,0,98003,0,0,9,0,0,0,0,0,0,0,1975,0,0,0,0,0,0
223,3888,224.10310820990762,99987,103,42,8,1,1452,716,0.021682818766439637,56,29,48775,49392,1056,534,0,0,0,0,0,0,97982,0,0,9,0,0,0,0,0,0,0,1996,0,0,0,0,0,0
224,3888,225.10642359684047,99987,104,39,8,1,1471,721,0.021922849970496164,55,34,48760,49386,1071,538,0,0,0,0,0,0,97956,0,0,9,0,0,0,0,0,0,0,2022,0,0,0,0,0,0
225,3888,226.10999819229093,99987,104,38,8,1,1480,725,0.02205286687269345,59,32,48751,49386,1076,541,0,0,0,0,0,0,97942,0,0,9,0,0,0,0,0,0,0,2036,0,0,0,0,0,0
226,3888,227.11373694518835,99987,102,43,8,1,1494,736,0.022302899376919,64,26,48738,49382,1086,546,0,0,0,0,0,0,97920,0,0,9,0,0,0,0,0,0,0,2058,0,0,0,0,0,0
227,3888,228.11770652336477,99987,97,42,8,1,1504,742,0.02246292017962335,67,27,48727,49376,1099,552,0,0,0,0,0,0,97899,0,0,10,0,0,0,0,0,0,0,2078,0,0,0,0,0,0
228,3888,229.12195785626423,99987,105,50,8,1,1522,756,0.022782961785032054,62,19,48718,49371,1105,557,0,0,0,0,0,0,97883,0,0,10,0,0,0,0,0,0,0,2094,0,0,0,0,0,0
229,3888,230.17135251178513,99987,92,55,8,1,1529,764,0.022932981287567385,67,20,48709,49364,1122,558,0,0,0,0,0,0,97860,0,0,10,0,0,0,0,0,0,0,2117,0,0,0,0,0,0
230,3888,231.17386760348754,99987,83,49,8,1,1533,767,0.023002990388750536,76,27,48701,49357,1130,564,0,0,0,0,0,0,97839,0,0,11,0,0,0,0,0,0,0,2137,0,0,0,0,0,0
231,3888,232.178666901209,99986,87,53,9,1,1553,778,0.02331326385693997,68,22,48692,49353,1142,569,0,0,0,0,0,0,97817,0,0,12,0,0,0,0,0,0,0,2157,0,0,0,0,0,0
232,3888,233.18367779932393,99986,94,51,9,1,1576,784,0.023603304462624767,55,21,48685,49349,1155,576,0,0,0,0,0,0,97793,0,0,12,0,0,0,0,0,0,0,2181,0,0,0,0,0,0
233,3888,234.18886217450773,99986,101,43,9,1,1591,786,0.023773328265957235,55,23,48673,49348,1160,583,0,0,0,0,0,0,97775,0,0,12,0,0,0,0,0,0,0,2199,0,0,0,0,0,0
234,3888,235.1942946711477,99986,103,41,9,1,1606,791,0.023973356269877785,60,25,48658,49342,1168,589,0,0,0,0,0,0,97756,0,0,13,0,0,0,0,0,0,0,2217,0,0,0,0,0,0
235,3888,236.19994472319542,99986,106,50,9,1,1622,801,0.024233392674974496,57,20,48649,49339,1177,588,0,0,0,0,0,0,97742,0,0,13,0,0,0,0,0,0,0,2231,0,0,0,0,0,0
236,3888,237.31075748630766,99986,103,60,9,1,1637,816,0.02453343468085532,60,15,48634,49333,1192,589,0,0,0,0,0,0,97719,0,0,13,0,0,0,0,0,0,0,2254,0,0,0,0,0,0
237,3888,238.21088636939047,99986,100,56,9,1,1646,819,0.024653451483207647,64,17,48626,49329,1199,595,0,0,0,0,0,0,97701,0,0,14,0,0,0,0,0,0,0,2271,0,0,0,0,0,0
238,3888,239.01594195868674,99986,93,51,9,1,1657,824,0.024813473886344087,67,24,48616,49317,1213,605,0,0,0,0,0,0,97673,0,0,14,0,0,0,0,0,0,0,2299,0,0,0,0,0,0
239,3888,240.0224695138889,99986,96,60,9,1,1673,835,0.02508351169163683,59,26,48613,49307,1221,604,0,0,0,0,0,0,97658,0,0,14,0,0,0,0,0,0,0,2314,0,0,0,0,0,0
240,3888,241.02905248729914,99986,107,55,9,1,1694,844,0.02538355369751765,56,28,48599,49297,1227,617,0,0,0,0,0,0,97634,0,0,14,0,0,0,0,0,0,0,2338,0,0,0,0,0,0
241,3888,242.0358661746716,99986,104,52,9,1,1707,851,0.0255835817014382,59,29,48584,49289,1242,627,0,0,0,0,0,0,97609,0,0,15,0,0,0,0,0,0,0,2362,0,0,0,0,0,0
242,3888,243.0429486919958,99986,105,50,9,1,1723,857,0.025803612505750806,67,36,48568,49277,1249,634,0,0,0,0,0,0,97586,0,0,15,0,0,0,0,0,0,0,2385,0,0,0,0,0,0
243,3888,244.0502692849907,99986,109,51,9,1,1742,864,0.026063648910847517,64,34,48559,49274,1257,638,0,0,0,0,0,0,97565,0,0,15,0,0,0,0,0,0,0,2406,0,0,0,0,0,0
244,3888,245.05782917140613,99985,111,51,10,1,1763,875,0.026383957593639047,57,26,48546,49272,1274,648,0,0,0,0,0,0,97536,0,0,16,0,0,0,0,0,0,0,2433,0,0,0,0,0,0
245,3888,246.06567052224796,99985,115,51,10,1,1779,881,0.02660399059858979,58,26,48535,49268,1280,652,0,0,0,0,0,0,97518,0,0,16,0,0,0,0,0,0,0,2451,0,0,0,0,0,0
246,3888,247.07369201740403,99985,115,45,10,1,1795,885,0.026804020603090464,59,25,48523,49268,1291,659,0,0,0,0,0,0,97493,0,0,17,0,0,0,0,0,0,0,2475,0,0,0,0,0,0
247,3888,248.08202704924165,99984,111,43,10,2,1813,892,0.027054328692590814,57,27,48512,49260,1308,666,0,0,0,0,0,0,97462,0,0,17,0,0,0,0,0,0,0,2505,0,0,0,0,0,0
248,3888,249.0905686263725,99984,115,49,10,2,1833,901,0.027344375100016003,48,28,48510,49253,1315,666,0,0,0,0,0,0,97443,0,0,17,0,0,0,0,0,0,0,2524,0,0,0,0,0,0
249,3888,250.0992345905856,99984,109,44,10,2,1844,908,0.02752440390462474,57,35,48497,49241,1325,676,0,0,0,0,0,0,97414,0,0,17,0,0,0,0,0,0,0,2553,0,0,0,0,0,0
250,3888,251.10812236724146,99984,111,41,10,2,1857,919,0.027764442310769723,60,32,48488,49237,1329,686,0,0,0,0,0,0,97391,0,0,19,0,0,0,0,0,0,0,2574,0,0,0,0,0,0
251,3888,252.11722248247455,99984,101,38,10,2,1871,922,0.02793446951512242,59,35,48477,49232,1351,691,0,0,0,0,0,0,97361,0,0,19,0,0,0,0,0,0,0,2604,0,0,0,0,0,0
252,3888,253.12660061625962,99984,95,45,10,2,1886,932,0.028184509521523442,64,33,48465,49225,1364,693,0,0,0,0,0,0,97339,0,0,21,0,0,0,0,0,0,0,2624,0,0,0,0,0,0
253,3888,254.13622298229402,99984,100,40,10,2,1904,934,0.028384541526644262,60,37,48455,49222,1373,697,0,0,0,0,0,0,97319,0,0,21,0,0,0,0,0,0,0,2644,0,0,0,0,0,0
254,3888,255.14607188215226,99984,106,47,10,2,1919,948,0.02867458793406945,65,27,48440,49221,1377,701,0,0,0,0,0,0,97303,0,0,21,0,0,0,0,0,0,0,2660,0,0,0,0,0,0
255,3888,256.15612262538167,99984,112,49,10,2,1938,958,0.028964634341494638,65,29,48427,49212,1384,706,0,0,0,0,0,0,97282,0,0,21,0,0,0,0,0,0,0,2681,0,0,0,0,0,0
256,3888,257.16636109025154,99984,112,56,10,2,1960,969,0.02929468714994399,65,23,48409,49209,1402,708,0,0,0,0,0,0,97257,0,0,22,0,0,0,0,0,0,0,2705,0,0,0,0,0,0
257,3888,258.1769190832914,99984,108,52,10,2,1970,974,0.029444711153784605,84,27,48386,49202,1410,715,0,0,0,0,0,0,97235,0,0,23,0,0,0,0,0,0,0,2726,0,0,0,0,0,0
258,3888,259.18782722984844,99984,109,51,10,2,1990,979,0.02969475116018563,80,35,48375,49190,1424,720,0,0,0,0,0,0,97210,0,0,23,0,0,0,0,0,0,0,2751,0,0,0,0,0,0
259,3888,260.1990180710852,99984,109,53,10,2,2011,988,0.02999479916786686,74,31,48365,49185,1440,727,0,0,0,0,0,0,97183,0,0,24,0,0,0,0,0,0,0,2777,0,0,0,0,0,0
260,3888,261.2104920988313,99983,113,54,10,3,2030,999,0.03029515017552984,79,31,48344,49178,1452,732,0,0,0,0,0,0,97158,0,0,24,0,0,0,0,0,0,0,2801,0,0,0,0,0,0
261,3888,262.2222305425154,99983,118,50,10,3,2046,1005,0.03051518758188892,81,35,48334,49169,1455,741,0,0,0,0,0,0,97137,0,0,24,0,0,0,0,0,0,0,2822,0,0,0,0,0,0
262,3888,263.2341743157461,99983,125,55,10,3,2070,1015,0.030855245391716593,74,36,48321,49163,1468,741,0,0,0,0,0,0,97116,0,0,25,0,0,0,0,0,0,0,2842,0,0,0,0,0,0
263,3888,264.2463176353128,99983,124,55,10,3,2085,1025,0.031105287898942822,78,30,48312,49161,1474,749,0,0,0,0,0,0,97090,0,0,25,0,0,0,0,0,0,0,2868,0,0,0,0,0,0
264,3888,265.2586558391204,99983,123,56,10,3,2096,1034,0.0313053219047238,85,26,48298,49158,1482,755,0,0,0,0,0,0,97071,0,0,26,0,0,0,0,0,0,0,2886,0,0,0,0,0,0
265,3888,266.2712632573125,99983,130,61,10,3,2121,1044,0.031655381414840526,77,25,48286,49153,1495,756,0,0,0,0,0,0,97049,0,0,27,0,0,0,0,0,0,0,2907,0,0,0,0,0,0
266,3888,267.2840771924432,99983,136,60,10,3,2140,1053,0.0319354290229339,76,27,48273,49146,1503,762,0,0,0,0,0,0,97026,0,0,27,0,0,0,0,0,0,0,2930,0,0,0,0,0,0
267,3888,268.2971172826755,99983,126,57,10,3,2157,1059,0.03216546812958203,79,30,48260,49138,1523,770,0,0,0,0,0,0,96991,0,0,28,0,0,0,0,0,0,0,2964,0,0,0,0,0,0
268,3888,269.3104622032622,99983,127,51,10,3,2176,1065,0.03241551063680826,82,29,48244,49135,1535,780,0,0,0,0,0,0,96963,0,0,30,0,0,0,0,0,0,0,2990,0,0,0,0,0,0
269,3888,270.324159991478,99983,117,49,10,3,2195,1068,0.03263554804316734,76,35,48236,49126,1559,785,0,0,0,0,0,0,96930,0,0,31,0,0,0,0,0,0,0,3022,0,0,0,0,0,0
270,3888,271.0001884901344,99983,122,55,10,3,2207,1080,0.03287558885010452,75,30,48230,49121,1561,789,0,0,0,0,0,0,96918,0,0,32,0,0,0,0,0,0,0,3033,0,0,0,0,0,0
271,3888,272.01430801189196,99983,127,62,10,3,2227,1093,0.03320564495964314,74,24,48217,49116,1570,793,0,0,0,0,0,0,96897,0,0,32,0,0,0,0,0,0,0,3054,0,0,0,0,0,0
272,3888,273.02866225831747,99983,134,57,10,3,2252,1098,0.03350569596831461,67,31,48203,49105,1584,802,0,0,0,0,0,0,96869,0,0,32,0,0,0,0,0,0,0,3082,0,0,0,0,0,0
273,3888,274.0432967389118,99983,135,54,10,3,2270,1102,0.033725733374673696,64,33,48197,49103,1592,805,0,0,0,0,0,0,96845,0,0,32,0,0,0,0,0,0,0,3106,0,0,0,0,0,0
274,3888,275.0580556015604,99983,139,59,10,3,2289,1111,0.03400578098276707,65,36,48181,49093,1603,807,0,0,0,0,0,0,96827,0,0,33,0,0,0,0,0,0,0,3123,0,0,0,0,0,0
275,3888,276.0730722108324,99983,131,61,10,3,2302,1124,0.034265825190282345,73,34,48168,49084,1616,816,0,0,0,0,0,0,96796,0,0,34,0,0,0,0,0,0,0,3153,0,0,0,0,0,0
276,3888,277.0883531260845,99983,131,65,10,3,2318,1134,0.03452586939779763,75,32,48157,49083,1625,815,0,0,0,0,0,0,96774,0,0,34,0,0,0,0,0,0,0,3175,0,0,0,0,0,0
277,3888,278.1038634480287,99983,132,71,10,3,2337,1146,0.03483592210675815,71,29,48144,49080,1641,815,0,0,0,0,0,0,96750,0,0,34,0,0,0,0,0,0,0,3199,0,0,0,0,0,0
278,3888,279.1196268446742,99983,130,69,10,3,2348,1154,0.03502595441225008,81,29,48127,49074,1650,823,0,0,0,0,0,0,96727,0,0,34,0,0,0,0,0,0,0,3222,0,0,0,0,0,0
279,3888,280.1356735535155,99983,124,67,10,3,2365,1160,0.035255993518898215,85,34,48111,49063,1668,831,0,0,0,0,0,0,96696,0,0,34,0,0,0,0,0,0,0,3253,0,0,0,0,0,0
280,3888,281.15207366228555,99983,135,63,10,3,2394,1174,0.035686066631327326,78,34,48097,49052,1678,846,0,0,0,0,0,0,96660,0,0,34,0,0,0,0,0,0,0,3289,0,0,0,0,0,0
281,3888,282.168773542502,99983,133,63,10,3,2414,1183,0.03597611593970975,76,30,48079,49047,1700,855,0,0,0,0,0,0,96630,0,0,35,0,0,0,0,0,0,0,3318,0,0,0,0,0,0
282,3888,283.18589852553805,99983,144,63,10,3,2437,1193,0.036306172049248374,76,28,48060,49040,1708,864,0,0,0,0,0,0,96608,0,0,35,0,0,0,0,0,0,0,3340,0,0,0,0,0,0
283,3888,284.2033469586128,99983,141,65,10,3,2455,1201,0.03656621625676365,79,27,48041,49037,1727,866,0,0,0,0,0,0,96581,0,0,35,0,0,0,0,0,0,0,3367,0,0,0,0,0,0
284,3888,285.22115170984534,99983,145,60,10,3,2475,1206,0.036816258763989876,82,34,48024,49033,1737,868,0,0,0,0,0,0,96555,0,0,35,0,0,0,0,0,0,0,3393,0,0,0,0,0,0
285,3888,286.23924178670205,99982,149,55,11,3,2496,1213,0.03709667740193235,80,41,48014,49020,1744,879,0,0,0,0,0,0,96526,0,0,35,0,0,0,0,0,0,0,3421,0,0,0,0,0,0
286,3888,287.25755497410677,99982,151,59,11,3,2514,1226,0.037406733211978155,89,39,47997,49012,1750,885,0,0,0,0,0,0,96501,0,0,35,0,0,0,0,0,0,0,3446,0,0,0,0,0,0
287,3888,288.27604746080334,99982,148,68,11,3,2539,1243,0.03782680882558861,82,31,47989,49004,1768,892,0,0,0,0,0,0,96465,0,0,35,0,0,0,0,0,0,0,3482,0,0,0,0,0,0
288,3888,289.2948121744651,99982,150,63,11,3,2562,1253,0.03815686823628253,77,30,47977,48999,1783,903,0,0,0,0,0,0,96431,0,0,37,0,0,0,0,0,0,0,3514,0,0,0,0,0,0
289,3888,290.3139546270366,99982,144,53,11,3,2587,1260,0.038476925846652396,91,27,47944,48998,1808,917,0,0,0,0,0,0,96384,0,0,38,0,0,0,0,0,0,0,3560,0,0,0,0,0,0
290,3888,291.3337097584304,99982,144,50,11,3,2610,1264,0.03874697445540197,95,36,47924,48988,1824,921,0,0,0,0,0,0,96354,0,0,38,0,0,0,0,0,0,0,3590,0,0,0,0,0,0
291,3888,292.0137618064267,99982,135,49,11,3,2629,1273,0.0390270248644756,97,30,47905,48987,1850,929,0,0,0,0,0,0,96318,0,0,40,0,0,0,0,0,0,0,3624,0,0,0,0,0,0
292,3888,293.0343634107557,99982,130,54,11,3,2648,1280,0.039287071672901124,97,38,47891,48974,1869,929,0,0,0,0,0,0,96292,0,0,40,0,0,0,0,0,0,0,3650,0,0,0,0,0,0
293,3888,294.05534355136916,99981,139,54,12,3,2673,1290,0.03963753113091487,91,33,47880,48970,1876,938,0,0,0,0,0,0,96267,0,0,41,0,0,0,0,0,0,0,3673,0,0,0,0,0,0
294,3888,295.07649212280836,99981,140,65,12,3,2695,1304,0.03999759954391335,89,26,47867,48964,1890,940,0,0,0,0,0,0,96243,0,0,41,0,0,0,0,0,0,0,3697,0,0,0,0,0,0
295,3888,296.09787390383366,99981,137,65,12,3,2713,1311,0.04024764705294006,92,31,47856,48955,1901,944,0,0,0,0,0,0,96216,0,0,42,0,0,0,0,0,0,0,3723,0,0,0,0,0,0
296,3888,297.1195033163506,99981,145,67,12,3,2735,1320,0.04055770596413318,88,36,47847,48943,1906,949,0,0,0,0,0,0,96195,0,0,42,0,0,0,0,0,0,0,3744,0,0,0,0,0,0
297,3888,298.14126393649724,99981,147,64,12,3,2752,1328,0.0408077534731599,94,39,47832,48932,1913,960,0,0,0,0,0,0,96169,0,0,42,0,0,0,0,0,0,0,3770,0,0,0,0,0,0
298,3888,299.1632393276041,99981,164,70,12,3,2785,1343,0.041287844690491196,90,41,47809,48916,1923,968,0,0,0,0,0,0,96145,0,0,43,0,0,0,0,0,0,0,3793,0,0,0,0,0,0
299,3888,300.1854999281532,99981,173,74,12,3,2808,1355,0.0416379112031286,93,43,47788,48904,1932,974,0,0,0,0,0,0,96124,0,0,44,0,0,0,0,0,0,0,3813,0,0,0,0,0,0
300,3888,301.20806278350506,99980,169,80,13,3,2831,1369,0.042008401680336066,94,48,47775,48887,1947,980,0,0,0,0,0,0,96089,0,0,44,0,0,0,0,0,0,0,3847,0,0,0,0,0,0
301,3888,302.2308933422333,99980,173,80,13,3,2858,1386,0.04244848969793959,93,44,47764,48879,1955,992,0,0,0,0,0,0,96049,0,0,44,0,0,0,0,0,0,0,3887,0,0,0,0,0,0
302,3888,303.25392891697277,99980,171,78,13,3,2883,1395,0.04278855771154231,98,47,47742,48871,1974,999,0,0,0,0,0,0,96014,0,0,47,0,0,0,0,0,0,0,3919,0,0,0,0,0,0
303,3888,304.2773602715283,99980,178,74,13,3,2907,1405,0.04312862572514503,100,44,47723,48865,1984,1012,0,0,0,0,0,0,95984,0,0,48,0,0,0,0,0,0,0,3948,0,0,0,0,0,0
304,3888,305.301170617512,99980,184,81,13,3,2931,1418,0.04349869973994799,108,43,47699,48855,1994,1016,0,0,0,0,0,0,95960,0,0,48,0,0,0,0,0,0,0,3972,0,0,0,0,0,0
305,3888,306.3253140510411,99980,186,78,13,3,2959,1433,0.04392878575715143,106,44,47680,48844,2013,1029,0,0,0,0,0,0,95916,0,0,48,0,0,0,0,0,0,0,4016,0,0,0,0,0,0
306,3888,307.00829141924737,99980,183,80,13,3,2975,1441,0.04416883376675335,110,43,47665,48838,2027,1034,0,0,0,0,0,0,95892,0,0,49,0,0,0,0,0,0,0,4039,0,0,0,0,0,0
307,3888,308.03319998359876,99980,184,87,13,3,3004,1455,0.04459891978395679,113,36,47636,48834,2052,1038,0,0,0,0,0,0,95857,0,0,49,0,0,0,0,0,0,0,4074,0,0,0,0,0,0
308,3888,309.05865296107334,99980,190,84,13,3,3038,1464,0.04502900580116023,109,41,47609,48822,2077,1048,0,0,0,0,0,0,95817,0,0,49,0,0,0,0,0,0,0,4114,0,0,0,0,0,0
309,3888,310.0846487720901,99980,184,77,13,3,3063,1475,0.04538907781556311,106,45,47597,48810,2098,1063,0,0,0,0,0,0,95768,0,0,49,0,0,0,0,0,0,0,4163,0,0,0,0,0,0
310,3888,311.11101943461904,99980,190,82,13,3,3097,1489,0.045869173834766956,97,49,47582,48794,2116,1070,0,0,0,0,0,0,95732,0,0,50,0,0,0,0,0,0,0,4198,0,0,0,0,0,0
311,3888,312.13771577354606,99980,189,90,13,3,3129,1508,0.046379275855171036,95,43,47558,48786,2143,1076,0,0,0,0,0,0,95688,0,0,50,0,0,0,0,0,0,0,4242,0,0,0,0,0,0
312,3888,313.16494490044965,99980,185,86,13,3,3147,1521,0.04668933786757352,107,42,47535,48777,2158,1090,0,0,0,0,0,0,95650,0,0,51,0,0,0,0,0,0,0,4279,0,0,0,0,0,0
313,3888,314.1926728608615,99980,181,79,13,3,3173,1534,0.047079415883176635,111,43,47514,48767,2179,1106,0,0,0,0,0,0,95602,0,0,53,0,0,0,0,0,0,0,4325,0,0,0,0,0,0
314,3888,315.2208581639762,99980,181,81,13,3,3197,1545,0.047429485897179435,120,46,47483,48757,2201,1111,0,0,0,0,0,0,95569,0,0,53,0,0,0,0,0,0,0,4358,0,0,0,0,0,0
315,3888,316.2495912404814,99980,177,81,13,3,3220,1557,0.047779555911182235,125,46,47465,48749,2218,1119,0,0,0,0,0,0,95532,0,0,55,0,0,0,0,0,0,0,4393,0,0,0,0,0,0
316,3888,317.27867852019494,99980,186,88,13,3,3256,1575,0.048319663932786555,118,43,47441,48735,2240,1129,0,0,0,0,0,0,95496,0,0,57,0,0,0,0,0,0,0,4427,0,0,0,0,0,0
317,3888,318.3082107050309,99980,175,77,13,3,3279,1581,0.04860972194438888,116,45,47434,48730,2260,1143,0,0,0,0,0,0,95447,0,0,59,0,0,0,0,0,0,0,4474,0,0,0,0,0,0
318,3888,319.33814583412715,99980,178,72,13,3,3308,1590,0.04898979795959192,118,57,47414,48712,2275,1154,0,0,0,0,0,0,95408,0,0,60,0,0,0,0,0,0,0,4512,0,0,0,0,0,0
319,3888,320.0249726633763,99980,180,80,13,3,3328,1602,0.04930986197239448,110,56,47404,48701,2290,1157,1,1,1,1,0,0,95386,0,0,62,0,0,0,0,0,0,2,4530,0,0,0,0,0,0
320,3888,321.0554504732559,99980,182,85,13,3,3348,1613,0.04961992398479696,112,61,47386,48685,2303,1162,2,2,2,2,0,0,95360,0,0,62,0,0,0,0,0,0,4,4554,0,0,0,0,0,0
321,3888,322.04810117175975,99980,177,94,13,3,3370,1630,0.05001000200040008,112,57,47375,48674,2318,1167,3,3,3,3,0,0,95323,0,0,62,0,0,0,0,0,0,6,4589,0,0,0,0,0,0
322,3888,323.1971118923648,99980,175,91,13,3,3401,1644,0.05046009201840368,107,50,47357,48674,2342,1176,4,4,4,4,0,0,95274,0,0,65,0,0,0,0,0,0,8,4633,0,0,0,0,0,0
323,3888,324.0596323072621,99980,186,83,13,3,3431,1649,0.05081016203240648,97,53,47344,48666,2352,1187,6,6,6,6,0,0,95239,0,0,66,0,0,0,0,0,0,12,4663,0,0,0,0,0,0
324,3888,325.0504608228073,99980,188,80,13,3,3463,1661,0.05125025005001,88,53,47329,48661,2372,1193,8,8,8,8,0,0,95190,0,0,66,0,0,0,0,0,0,16,4708,0,0,0,0,0,0
325,3888,326.15667527229834,99980,181,80,13,3,3488,1673,0.05162032406481296,88,49,47306,48655,2400,1200,10,11,11,10,0,0,95141,0,0,66,0,0,0,0,0,0,21,4752,0,0,0,0,0,0
326,3888,327.00099433671073,99980,176,76,13,3,3507,1686,0.05194038807761552,98,48,47283,48644,2415,1213,13,14,14,13,0,0,95096,0,0,68,0,0,0,0,0,0,27,4789,0,0,0,0,0,0
327,3888,328.0074515629539,99980,171,84,13,3,3522,1698,0.052210442088417686,104,48,47269,48630,2425,1215,16,18,18,16,0,0,95065,0,0,68,0,0,0,0,0,0,34,4813,0,0,0,0,0,0
328,3888,329.01289741855373,99980,170,86,13,3,3545,1715,0.05261052210442088,108,44,47251,48615,2436,1227,20,23,23,20,0,0,95018,0,0,69,0,0,0,0,0,0,43,4850,0,0,0,0,0,0
329,3888,330.00793185132693,99980,168,79,13,3,3571,1719,0.052910582116423285,109,47,47228,48604,2456,1236,24,29,29,24,0,0,94970,0,0,70,0,0,0,0,0,0,53,4887,0,0,0,0,0,0
330,3888,331.11835284588756,99979,181,75,14,3,3618,1737,0.053561247862051034,97,51,47202,48582,2475,1251,29,36,36,29,0,0,94906,0,0,72,0,0,0,0,0,0,63,4936,2,0,0,0,0,0
331,3888,332.15344052075835,99979,189,79,14,3,3651,1749,0.054011342381900196,89,61,47179,48554,2492,1257,35,44,44,35,0,0,94863,0,0,74,1,0,0,0,0,0,77,4962,2,0,0,0,0,0
332,3888,333.1889441240355,99978,173,79,15,3,3669,1760,0.054301946428214204,107,59,47147,48540,2515,1264,41,53,53,41,0,0,94804,0,0,74,1,0,0,0,0,0,91,5005,3,0,0,0,0,0
333,3888,334.2251057515743,99978,172,97,15,3,3691,1780,0.05472203884854668,114,52,47123,48523,2526,1260,48,63,63,48,0,0,94763,0,0,75,1,0,0,0,0,0,108,5028,3,0,0,0,0,0
334,3888,335.2617015368121,99978,185,103,15,3,3726,1792,0.055192142271299684,109,66,47090,48491,2543,1261,56,74,74,56,0,0,94718,0,0,76,1,0,0,0,0,0,126,5053,4,0,0,0,0,0
335,3888,336.2988302937368,99978,182,103,15,3,3756,1811,0.0556822500950209,108,56,47067,48474,2562,1277,64,85,86,64,0,0,94649,0,0,79,1,0,0,0,0,0,146,5099,4,0,0,0,0,0
336,3888,337.33651865497256,99978,192,105,15,3,3786,1829,0.05616235571825802,99,54,47050,48450,2569,1288,73,98,100,73,0,0,94592,0,0,81,1,0,0,0,0,0,169,5131,4,0,0,0,0,0
337,3888,338.02852860596755,99978,189,109,15,3,3811,1839,0.05651243273520174,100,53,47019,48427,2592,1293,83,113,115,83,0,0,94536,0,0,83,1,0,0,0,0,0,193,5160,5,0,0,0,0,0
338,3888,339.0672117677162,99978,193,112,15,3,3836,1859,0.05696253175698654,108,56,46981,48389,2607,1308,94,130,132,94,0,0,94473,0,0,83,1,0,0,0,0,0,218,5195,8,0,0,0,0,0
339,3888,340.1065785221125,99978,200,107,15,3,3873,1867,0.05741263077877133,110,71,46937,48351,2630,1318,106,148,150,106,0,0,94404,0,0,85,1,0,0,0,0,0,246,5232,10,0,0,0,0,0
340,3888,341.14681474386185,99977,195,110,16,3,3899,1883,0.05783330165938166,132,72,46889,48318,2649,1328,117,167,170,118,0,0,94331,0,0,86,1,0,0,0,0,0,276,5271,12,0,0,0,0,0
341,3888,342.1879223883915,99977,201,108,16,3,3933,1898,0.05832341438530862,123,74,46862,48288,2667,1337,129,188,191,131,0,0,94255,0,0,86,2,0,0,0,0,0,309,5312,13,0,0,0,0,0
342,3888,343.2296337399162,99976,204,112,17,3,3971,1914,0.058864127390573735,118,81,46827,48249,2691,1342,141,211,214,145,0,0,94177,0,0,88,2,0,0,0,0,0,342,5350,17,0,0,0,0,0
343,3888,344.2720744900036,99976,214,124,17,3,4010,1935,0.05946427142514203,106,82,46793,48208,2713,1347,155,234,239,160,0,0,94100,0,0,89,2,0,0,0,0,0,382,5386,17,0,0,0,0,0
344,3888,345.31520454142964,99976,203,121,17,3,4033,1954,0.05988437224933984,113,79,46758,48172,2736,1364,171,259,266,176,0,0,94003,0,0,89,2,0,0,0,0,0,423,5440,19,0,0,0,0,0
345,3888,346.0110976609329,99976,200,121,17,3,4054,1969,0.06024445867008082,110,72,46731,48141,2753,1373,187,288,295,193,0,0,93918,0,0,89,2,0,0,0,0,0,469,5479,19,0,0,0,0,0
346,3888,347.05579200433465,99976,194,124,17,3,4079,1988,0.060684564295430905,121,68,46684,48105,2777,1379,205,319,326,211,0,0,93829,0,0,92,2,0,0,0,0,0,514,5516,23,0,0,0,0,0
347,3888,348.10148811890264,99976,202,114,17,3,4110,1998,0.061094662719052575,122,71,46641,48065,2792,1394,224,351,359,230,0,0,93736,0,0,92,2,0,0,0,0,0,564,5557,25,0,0,0,0,0
348,3888,349.14808539946955,99976,196,114,17,3,4138,2020,0.06159478274785948,133,68,46596,48017,2814,1412,242,384,394,250,0,0,93629,0,0,93,2,0,0,0,0,0,616,5608,28,0,0,0,0,0
349,3888,350.195629374248,99976,200,111,17,3,4165,2036,0.062024885972633434,146,67,46550,47974,2822,1424,263,419,431,271,0,0,93531,0,0,94,2,0,0,0,0,0,673,5647,29,0,0,0,0,0
350,3888,351.2440856181942,99976,206,114,17,3,4202,2050,0.06253500840201648,137,75,46515,47921,2838,1427,285,458,470,293,0,0,93437,0,0,97,2,0,0,0,0,0,728,5677,35,0,0,0,0,0
351,3888,352.29330276846224,99974,204,111,18,4,4239,2067,0.06307639986396463,142,80,46460,47866,2867,1440,307,497,511,316,0,0,93321,0,0,100,2,0,0,0,0,0,788,5724,39,0,0,0,0,0
352,3888,353.3436485018211,99974,204,109,18,4,4270,2085,0.06356652729709725,142,80,46418,47810,2886,1457,330,538,554,340,0,0,93211,0,0,104,2,0,0,0,0,0,851,5763,43,0,0,0,0,0
353,3888,354.0444423754925,99974,208,111,18,4,4296,2096,0.06393662352211575,137,84,46381,47757,2899,1459,355,583,599,365,0,0,93115,0,0,105,2,0,0,0,0,0,917,5788,47,0,0,0,0,0
354,3888,355.09655042860504,99974,204,109,18,4,4332,2119,0.06452677696201012,131,79,46341,47703,2926,1475,378,628,647,391,0,0,92981,0,0,107,2,0,0,0,0,0,988,5846,50,0,0,0,0,0
355,3888,356.1497218686298,99974,198,112,18,4,4362,2140,0.0650369095964951,132,75,46300,47648,2946,1484,404,675,697,418,0,0,92856,0,0,108,2,0,0,0,0,0,1060,5893,55,0,0,0,0,0
356,3888,357.20390447296313,99974,204,113,18,4,4397,2159,0.06557705003300858,123,65,46271,47599,2952,1493,430,724,750,446,0,0,92736,0,0,111,2,0,0,0,0,0,1136,5929,60,0,0,0,0,0
357,3888,358.25891713236695,99974,206,110,18,4,4433,2173,0.06607718006681737,127,68,46215,47536,2975,1504,457,776,805,475,0,0,92607,0,0,114,2,0,0,0,0,0,1217,5971,63,0,0,0,0,0
358,3888,359.3150671555587,99974,213,108,18,4,4469,2192,0.06662732310400704,131,63,46156,47471,2996,1518,484,834,863,505,0,0,92475,0,0,115,2,0,0,0,0,0,1300,6014,68,0,0,0,0,0
359,3888,360.01983640182465,99974,226,105,18,4,4492,2202,0.06695740892632085,142,63,46107,47412,2992,1528,513,886,923,536,0,0,92370,0,0,115,3,0,0,0,0,0,1383,6028,75,0,0,0,0,0
360,3888,361.0780976869496,99973,238,102,19,4,4532,2213,0.06746821641843298,142,69,46053,47342,3006,1534,540,947,986,568,0,0,92236,0,0,115,3,0,0,0,0,0,1475,6066,78,0,0,0,0,0
361,3888,362.13738153921037,99972,242,104,20,4,4561,2238,0.06800904253190894,150,61,45996,47269,3020,1553,570,1007,1051,602,0,0,92092,0,0,115,3,0,0,0,0,0,1571,6110,81,0,0,0,0,0
362,3888,363.19790194552985,99972,235,97,20,4,4592,2249,0.06842916016484615,150,63,45944,47194,3047,1567,602,1073,1119,637,0,0,91940,0,0,115,3,0,0,0,0,0,1667,6159,88,0,0,0,0,0
363,3888,364.25974191789476,99972,246,94,20,4,4639,2267,0.06907934221582043,143,67,45887,47115,3070,1576,632,1142,1189,673,0,0,91791,0,0,119,3,0,0,0,0,0,1763,6198,98,0,0,0,0,0
364,3888,365.322845963734,99972,238,95,20,4,4672,2285,0.06958948505581562,155,62,45825,47045,3094,1583,666,1209,1262,710,0,0,91631,0,0,122,3,0,0,0,0,0,1868,6245,103,0,0,0,0,0
365,3888,366.03238685613917,99971,247,90,21,4,4708,2294,0.07004031169039021,138,68,45781,46958,3108,1594,703,1284,1338,748,0,0,91485,0,0,123,4,0,0,0,0,0,1975,6275,109,0,0,0,0,0
366,3888,367.09805106023845,99970,261,92,21,5,4752,2312,0.07066119835950785,136,65,45709,46873,3130,1600,741,1363,1417,787,0,0,91328,0,0,124,5,0,0,0,0,0,2088,6312,113,0,0,0,0,0
367,3888,368.165135900147,99969,265,95,22,5,4793,2332,0.07127209434924826,134,62,45651,46785,3148,1612,778,1439,1498,828,0,0,91158,0,0,124,5,0,0,0,0,0,2204,6359,119,0,0,0,0,0
368,3888,369.23356276143244,99969,257,89,22,5,4826,2346,0.07174224009442927,144,68,45581,46691,3178,1626,816,1519,1582,870,0,0,90982,0,0,127,5,0,0,0,0,0,2322,6406,127,0,0,0,0,0
369,3888,370.3036115744894,99969,259,91,22,5,4864,2362,0.07228240754633937,140,72,45524,46596,3199,1632,854,1602,1669,913,0,0,90813,0,0,130,5,0,0,0,0,0,2444,6442,135,0,0,0,0,0
370,3888,371.01773762386574,99969,256,98,22,5,4886,2379,0.07267252848382999,134,69,45476,46505,3214,1638,896,1683,1759,957,0,0,90648,0,0,130,5,0,0,0,0,0,2574,6473,139,0,0,0,0,0
371,3888,372.09033612399566,99969,236,98,22,5,4912,2395,0.0730926587242045,149,74,45412,46405,3244,1647,935,1769,1852,1002,0,0,90464,0,0,133,5,0,0,0,0,0,2699,6516,152,0,0,0,0,0
372,3888,373.1645437548294,99969,230,101,22,5,4952,2413,0.07367283857995979,138,72,45350,46320,3279,1645,979,1855,1947,1049,0,0,90276,0,0,134,5,0,0,0,0,0,2827,6561,166,0,0,0,0,0
373,3888,374.24032334956814,99969,216,116,22,5,4979,2441,0.07422300913283118,152,59,45283,46221,3300,1654,1025,1943,2045,1097,0,0,90080,0,0,135,5,0,0,0,0,0,2970,6610,169,0,0,0,0,0
374,3888,375.3176779869291,99969,224,119,22,5,5020,2458,0.07480318898858646,145,54,45217,46123,3321,1658,1069,2039,2146,1146,0,0,89887,0,0,136,5,0,0,0,0,0,3117,6652,172,0,0,0,0,0
375,3888,376.03681734049877,99969,229,114,22,5,5045,2469,0.0751633006231932,152,57,45156,46011,3323,1672,1116,2139,2250,1196,0,0,89709,0,0,138,5,0,0,0,0,0,3261,6674,182,0,0,0,0,0
376,3888,377.11711687014554,99969,232,121,22,5,5085,2487,0.07574348047894848,143,61,45095,45902,3345,1668,1161,2241,2357,1248,0,0,89517,0,0,141,6,0,0,0,0,0,3409,6704,192,0,0,0,0,0
377,3888,378.1988341414063,99969,246,118,22,5,5124,2499,0.07625363862797467,143,71,45030,45787,3349,1672,1208,2345,2467,1301,0,0,89323,0,0,142,6,0,0,0,0,0,3564,6734,200,0,0,0,0,0
378,3888,379.28192544999644,99969,249,121,22,5,5154,2521,0.07677379987796216,145,62,44974,45688,3351,1676,1257,2446,2580,1355,0,0,89123,0,0,142,6,0,0,0,0,0,3718,6767,213,0,0,0,0,0
379,3888,380.00474474175024,99969,254,124,22,5,5185,2536,0.07723394252218188,135,58,44911,45570,3368,1685,1308,2556,2695,1410,0,0,88922,0,0,142,6,0,0,0,0,0,3881,6798,220,0,0,0,0,0
380,3888,381.09072178220146,99969,255,123,22,5,5228,2558,0.07788414408466625,131,61,44835,45446,3395,1699,1360,2664,2813,1467,0,0,88696,0,0,145,6,0,0,0,0,0,4045,6846,231,0,0,0,0,0
381,3888,382.17852560319227,99969,243,126,22,5,5255,2576,0.07833428362792466,144,64,44765,45325,3409,1704,1415,2774,2934,1525,0,0,88482,0,0,149,6,0,0,0,0,0,4209,6877,246,0,0,0,0,0
382,3888,383.26805667512014,99969,239,124,22,5,5293,2593,0.07888445418079605,154,66,44678,45199,3434,1717,1471,2887,3058,1584,0,0,88259,0,0,155,6,0,0,0,0,0,4377,6911,261,0,0,0,0,0
383,3888,384.3595364494726,99969,239,119,22,5,5330,2608,0.07940461543078355,159,73,44594,45072,3459,1724,1525,3005,3185,1644,0,0,88030,0,0,158,6,0,0,0,0,0,4552,6950,273,0,0,0,0,0
384,3888,385.0882991683237,99969,240,124,22,5,5356,2621,0.07979473636827417,159,66,44524,44960,3472,1718,1581,3125,3315,1705,0,0,87824,0,0,159,7,0,0,0,0,0,4727,6964,288,0,0,0,0,0
385,3888,386.18360964499857,99969,258,115,22,5,5404,2636,0.08042493172883594,154,67,44433,44835,3488,1729,1643,3247,3448,1768,0,0,87590,0,0,163,7,0,0,0,0,0,4911,6998,300,0,0,0,0,0
386,3888,387.2810106243019,99968,263,110,22,6,5445,2658,0.08105593790012804,161,61,44357,44713,3499,1743,1696,3365,3583,1832,0,0,87354,0,0,169,7,0,0,0,0,0,5090,7028,320,0,0,0,0,0
387,3888,388.0136896808839,99968,258,108,22,6,5472,2670,0.08144606274007682,156,63,44289,44577,3514,1751,1759,3493,3721,1897,0,0,87118,0,0,170,7,0,0,0,0,0,5281,7060,332,0,0,0,0,0
388,3888,389.11468624556755,99968,264,103,22,6,5516,2690,0.0820862676056338,151,62,44206,44444,3537,1767,1818,3616,3862,1963,0,0,86866,0,0,174,7,0,0,0,0,0,5474,7101,346,0,0,0,0,0
389,3888,390.2178180119152,99968,276,99,22,6,5565,2706,0.0827364756722151,142,55,44125,44315,3552,1777,1881,3746,4006,2031,0,0,86610,0,0,176,7,0,0,0,0,0,5675,7143,357,0,0,0,0,0
390,3888,391.32291598750993,99968,267,98,22,6,5608,2719,0.08329665492957747,129,63,44050,44169,3582,1781,1948,3881,4153,2100,0,0,86348,0,0,178,8,0,0,0,0,0,5874,7187,373,0,0,0,0,0
391,3888,392.0608119649039,99968,261,100,22,6,5625,2735,0.08362676056338028,136,61,43975,44032,3589,1781,2015,4018,4302,2170,0,0,86118,0,0,180,8,0,0,0,0,0,6069,7196,397,0,0,0,0,0
392,3888,393.1698929409289,99968,242,104,22,6,5655,2757,0.08414692701664532,138,71,43898,43881,3620,1785,2078,4151,4454,2241,0,0,85845,0,0,181,8,0,0,0,0,0,6276,7245,413,0,0,0,0,0
393,3888,394.2809959570363,99968,235,104,22,6,5677,2775,0.08454705505761843,146,75,43821,43733,3630,1790,2144,4290,4609,2314,0,0,85589,0,0,182,9,0,0,0,0,0,6488,7271,429,0,0,0,0,0
394,3888,395.02280779586715,99968,229,99,22,6,5700,2787,0.08489716709346991,145,74,43749,43588,3644,1794,2209,4437,4766,2388,0,0,85338,0,0,183,9,0,0,0,0,0,6694,7290,454,0,0,0,0,0
395,3888,396.1378319072895,99968,234,101,22,6,5736,2807,0.08545734635083227,139,70,43678,43448,3648,1793,2277,4580,4926,2463,0,0,85082,0,0,186,9,0,0,0,0,0,6904,7308,479,0,0,0,0,0
396,3888,397.2547119418271,99968,222,100,22,6,5766,2827,0.08595750640204866,139,66,43613,43297,3661,1804,2341,4725,5088,2539,0,0,84802,0,0,188,9,0,0,0,0,0,7123,7348,498,0,0,0,0,0
397,3888,398.0003213127868,99968,221,100,22,6,5796,2837,0.08635763444302176,129,66,43534,43140,3678,1801,2414,4885,5253,2616,0,0,84538,0,0,188,11,0,0,0,0,0,7348,7370,513,0,0,0,0,0
398,3888,399.12122338860246,99968,214,102,22,6,5829,2853,0.08684779129321382,120,69,43460,42986,3696,1806,2486,5029,5421,2694,0,0,84261,0,0,192,11,0,0,0,0,0,7575,7397,532,0,0,0,0,0
399,3888,400.24420447870284,99968,218,94,22,6,5858,2862,0.08722791293213829,129,79,43365,42834,3705,1807,2559,5178,5591,2774,0,0,83990,0,0,193,11,0,0,0,0,0,7805,7417,552,0,0,0,0,0
400,3888,401.3694267052302,99968,232,109,22,6,5901,2889,0.08792813700384122,131,67,43269,42688,3716,1804,2628,5324,5763,2855,0,0,83715,0,0,195,12,0,0,0,0,0,8042,7437,567,0,0,0,0,0
401,3888,402.12083614469867,99968,234,116,22,6,5930,2901,0.08833826824583867,121,69,43195,42530,3725,1797,2701,5480,5938,2937,0,0,83447,0,0,197,12,0,0,0,0,0,8280,7446,586,0,0,0,0,0
402,3888,403.25034881914286,99968,231,118,22,6,5963,2922,0.08887844110115237,128,67,43105,42373,3744,1799,2768,5635,6115,3020,0,0,83158,0,0,201,12,0,0,0,0,0,8518,7471,608,0,0,0,0,0
403,3888,404.00463602507455,99968,219,124,22,6,5979,2936,0.0891785371318822,135,62,43023,42202,3754,1799,2845,5805,6295,3104,0,0,82878,0,0,202,13,0,0,0,0,0,8764,7486,625,0,0,0,0,0
404,3888,405.1386319316094,99968,218,113,22,6,6016,2947,0.08965869078104993,131,82,42935,42023,3774,1806,2918,5968,6477,3189,0,0,82571,0,0,203,14,0,0,0,0,0,9013,7525,642,0,0,0,0,0
405,3888,406.27499712956234,99968,228,116,22,6,6060,2966,0.09028889244558258,117,78,42847,41854,3790,1810,2994,6134,6661,3276,0,0,82276,0,0,208,14,0,0,0,0,0,9263,7544,663,0,0,0,0,0
406,3888,407.03390714396045,99968,216,120,22,6,6076,2981,0.09059899167733675,124,86,42770,41680,3791,1806,3075,6300,6847,3364,0,0,81992,0,0,210,14,0,0,0,0,0,9510,7552,690,0,0,0,0,0
407,3888,408.17480356220074,99968,220,120,22,6,6111,2994,0.09107914532650448,122,83,42687,41521,3804,1804,3143,6464,7035,3453,0,0,81694,0,0,212,14,0,0,0,0,0,9766,7571,711,0,0,0,0,0
408,3888,409.31781849929223,99968,219,130,22,6,6153,3015,0.09170934699103714,112,78,42606,41344,3825,1800,3214,6640,7225,3543,0,0,81389,0,0,214,14,0,0,0,0,0,10019,7594,738,0,0,0,0,0
409,3888,410.08108033366216,99968,219,125,22,6,6171,3024,0.09197943341869398,116,80,42525,41168,3824,1806,3292,6813,7417,3634,0,0,81097,0,0,218,14,0,0,0,0,0,10283,7599,757,0,0,0,0,0
410,3888,411.228445990828,99968,224,144,22,6,6211,3057,0.09270966709346991,105,67,42447,41010,3829,1795,3371,6976,7611,3726,0,0,80792,0,0,222,14,0,0,0,0,0,10543,7614,783,0,0,0,0,0
411,3888,412.3781007299464,99968,210,129,22,6,6232,3074,0.09308978873239436,116,65,42351,40832,3844,1816,3455,7150,7807,3819,0,0,80454,0,0,223,14,0,0,0,0,0,10815,7662,800,0,0,0,0,0
412,3888,413.1460585075794,99968,212,124,22,6,6259,3086,0.09347991357234314,120,62,42249,40655,3856,1822,3539,7329,8005,3913,0,0,80141,0,0,226,14,0,0,0,0,0,11089,7680,818,0,0,0,0,0
413,3888,414.30106954647925,99968,203,125,22,6,6289,3104,0.09396006722151089,122,61,42148,40493,3883,1823,3620,7490,8205,4008,0,0,79814,0,0,229,14,0,0,0,0,0,11363,7709,839,0,0,0,0,0
414,3888,415.0726820248523,99967,219,126,23,6,6330,3113,0.09446117218682165,111,56,42049,40318,3886,1818,3710,7674,8407,4104,0,0,79515,0,0,231,15,0,0,0,0,0,11632,7707,867,0,0,0,0,0
415,3888,416.23326278781406,99967,217,116,23,6,6363,3129,0.09495133394020026,116,60,41953,40136,3897,1836,3792,7844,8610,4201,0,0,79175,0,0,236,15,0,0,0,0,0,11916,7742,883,0,0,0,0,0
416,3888,417.0084535171716,99967,214,114,23,6,6381,3137,0.09521141976852361,115,60,41873,39965,3898,1824,3875,8029,8815,4299,0,0,78876,0,0,237,15,0,0,0,0,0,12185,7737,917,0,0,0,0,0
417,3888,418.1740676806345,99967,204,105,23,6,6407,3154,0.09564156171536607,118,59,41790,39799,3908,1833,3955,8196,9022,4398,0,0,78552,0,0,237,17,0,0,0,0,0,12449,7755,957,0,0,0,0,0
418,3888,419.34212931695447,99967,201,112,23,6,6440,3174,0.09617173667310212,121,54,41693,39626,3922,1824,4038,8376,9230,4498,0,0,78226,0,0,238,18,0,0,0,0,0,12728,7772,985,0,0,0,0,0
419,3888,420.12231502692674,99967,198,113,23,6,6458,3186,0.09647183570578291,160,77,41568,39421,3924,1817,4125,8564,9440,4599,0,0,77910,17,1,240,18,0,0,0,0,0,13014,7758,1009,0,0,0,0,0
420,3888,421.18905311311585,99967,207,113,23,6,6511,3211,0.09725209319075295,159,82,41462,39236,3941,1825,4206,8736,9651,4701,0,0,77568,70,11,245,19,0,0,0,0,0,13293,7729,1032,0,0,0,0,0
421,3888,422.2584611573268,99967,209,123,23,6,6547,3235,0.09785229125611451,166,86,41355,39037,3957,1830,4288,8916,9864,4804,0,0,77231,110,16,246,20,0,0,0,0,0,13585,7708,1051,0,0,0,0,0
422,3888,423.33049934150716,99967,223,133,23,6,6595,3262,0.09860253883781649,167,97,41240,38830,3968,1832,4377,9100,10078,4908,0,0,76895,153,20,248,22,0,0,0,0,0,13874,7681,1074,0,0,0,0,0
423,3888,424.0466468871257,99967,223,126,23,6,6626,3276,0.09905268738683766,169,105,41132,38630,3979,1834,4472,9297,10293,5013,0,0,76563,192,28,252,22,1,0,0,0,0,14159,7651,1099,0,0,0,0,0
424,3888,425.124134879138,99967,231,120,23,6,6669,3295,0.09967289205437795,191,106,41022,38461,3981,1839,4550,9466,10509,5119,0,0,76218,244,36,251,23,1,0,0,0,0,14444,7623,1127,0,0,0,0,0
425,3888,426.2043239664561,99967,250,129,23,6,6724,3323,0.10050316604479478,196,108,40913,38277,3980,1840,4636,9638,10726,5226,0,0,75884,283,45,258,23,1,0,0,0,0,14730,7587,1156,0,0,0,0,0
426,3888,427.28692545424985,99967,270,138,23,6,6776,3352,0.1013134334330329,203,117,40791,38072,3989,1843,4722,9822,10945,5334,0,0,75537,326,50,261,24,1,0,0,0,0,15029,7561,1178,0,0,0,0,0
427,3888,428.0102080299183,99967,273,146,23,6,6809,3374,0.10186361499294767,214,110,40687,37891,3992,1838,4809,10007,11165,5442,0,0,75207,363,52,263,27,1,0,0,0,0,15320,7524,1210,0,0,0,0,0
428,3888,429.0983690549039,99967,281,148,23,6,6863,3401,0.10267388238118579,228,117,40565,37690,4006,1847,4895,10190,11386,5551,0,0,74856,418,59,268,30,1,0,0,0,0,15609,7484,1242,0,0,0,0,0
429,3888,430.189506179014,99967,290,146,23,6,6923,3420,0.10346414316724518,233,132,40438,37497,4027,1849,4987,10368,11607,5661,0,0,74504,470,72,272,33,1,0,0,0,0,15896,7449,1270,0,0,0,0,0
430,3888,431.28374583522356,99967,321,159,23,6,6994,3458,0.10455450298598537,233,140,40314,37291,4036,1856,5071,10546,11829,5772,0,0,74150,516,80,282,33,1,0,0,0,0,16195,7414,1296,0,0,0,0,0
431,3888,432.0147992668248,99967,336,179,23,6,7037,3489,0.10529474726659797,240,125,40191,37099,4039,1852,5169,10737,12052,5884,0,0,73814,545,85,287,33,1,0,0,0,0,16497,7381,1324,0,0,0,0,0
432,3888,433.1150275520019,99967,324,191,23,6,7089,3530,0.1062250542679084,269,119,40048,36905,4077,1866,5257,10911,12276,5996,0,0,73439,614,101,294,34,1,0,0,0,0,16787,7344,1353,0,0,0,0,0
433,3888,434.21873356006137,99967,357,195,23,6,7176,3567,0.10746546360298899,267,130,39902,36705,4105,1879,5344,11083,12500,6109,0,0,73066,680,114,298,37,1,0,0,0,0,17081,7309,1381,0,0,0,0,0
434,3888,435.3260615053682,99966,378,207,24,6,7249,3608,0.10860692635496069,287,145,39742,36494,4134,1892,5433,11254,12725,6223,0,0,72686,744,126,302,37,1,0,0,0,0,17385,7281,1404,0,0,0,0,0
435,3888,436.0664357421826,99966,391,208,24,6,7303,3635,0.10941720184862853,296,160,39591,36289,4160,1895,5536,11440,12951,6338,0,0,72309,798,133,307,38,1,0,0,0,0,17701,7258,1421,0,0,0,0,0
436,3888,437.18146123829234,99966,402,226,24,6,7371,3682,0.11056759298161375,331,152,39447,36091,4173,1905,5621,11618,13177,6453,0,0,71934,866,146,311,39,1,0,0,0,0,17995,7220,1454,0,0,0,0,0
437,3888,438.30023574790664,99966,453,241,24,6,7494,3736,0.11233819498629534,323,156,39274,35883,4220,1923,5704,11789,13404,6569,0,0,71534,949,162,317,42,1,0,0,0,0,18295,7186,1480,0,0,0,0,0
438,3888,439.04828832277167,99966,457,242,24,6,7548,3762,0.1131384670788068,348,165,39122,35677,4251,1926,5796,11982,13631,6686,0,0,71165,1002,177,322,44,1,0,0,0,0,18596,7153,1506,0,0,0,0,0
439,3888,440.17505275001963,99965,472,240,25,6,7647,3798,0.11449007152503377,358,185,38952,35473,4313,1947,5878,12147,13858,6803,0,0,70754,1097,199,323,47,1,0,0,0,0,18889,7124,1531,0,0,0,0,0
440,3888,441.30630797597877,99965,502,254,25,6,7760,3857,0.11621067373580753,363,177,38796,35270,4347,1977,5965,12314,14086,6921,0,0,70334,1198,221,328,46,2,0,0,0,0,19186,7093,1557,0,0,0,0,0
441,3888,442.0628014793828,99965,521,258,25,6,7829,3889,0.11722102735957585,392,185,38638,35050,4368,1989,6054,12510,14314,7040,0,0,69961,1253,235,331,52,2,0,0,0,0,19490,7061,1580,0,0,0,0,0
442,3888,443.2021601846588,99964,543,261,26,6,7949,3945,0.11898283382017526,403,191,38462,34851,4424,2017,6140,12672,14542,7159,0,0,69530,1357,268,342,54,2,0,0,0,0,19783,7029,1599,0,0,0,0,0
443,3888,444.34630468050966,99962,571,267,28,6,8071,3998,0.12073587963426102,434,192,38279,34666,4466,2040,6220,12827,14770,7279,0,0,69117,1458,294,351,57,2,0,0,0,0,20067,6982,1634,0,0,0,0,0
444,3888,445.11179482585953,99962,613,278,28,6,8170,4034,0.12208639282927512,423,194,38129,34468,4486,2045,6319,13007,14998,7399,0,0,68743,1513,315,357,57,2,0,0,0,0,20365,6947,1663,0,0,0,0,0
445,3888,446.2645454942423,99961,635,282,29,6,8301,4085,0.12390832424645612,427,202,37956,34265,4556,2072,6395,13171,15226,7520,0,0,68308,1624,341,370,60,2,0,0,0,0,20660,6908,1688,0,0,0,0,0
446,3888,447.0357892342452,99961,647,282,29,6,8376,4116,0.12496873780774502,434,221,37805,34046,4598,2083,6485,13360,15454,7642,0,0,67924,1680,366,380,62,2,0,0,0,0,20962,6876,1709,0,0,0,0,0
447,3888,448.1977807015835,99961,656,299,29,6,8513,4180,0.1269795220135853,429,230,37626,33836,4689,2106,6569,13521,15682,7764,0,0,67471,1814,387,391,69,2,0,0,0,0,21259,6833,1735,0,0,0,0,0
448,3888,449.3651394364909,99961,686,298,29,6,8642,4238,0.12885025159812327,432,242,37443,33637,4746,2135,6662,13680,15910,7887,0,0,67056,1922,424,396,76,2,0,0,0,0,21528,6784,1773,0,0,0,0,0
449,3888,450.1462505531927,99960,665,320,29,7,8697,4294,0.12996198479391757,478,235,37273,33430,4791,2150,6762,13856,16138,8010,0,0,66668,1990,455,401,80,2,0,0,0,0,21816,6746,1802,0,0,0,0,0
450,3888,451.3236752501567,99959,696,325,30,7,8839,4358,0.13202412989325624,491,241,37085,33217,4860,2188,6836,14020,16365,8134,0,0,66223,2109,488,411,84,2,0,0,0,0,22107,6709,1826,0,0,0,0,0
451,3888,452.1115857899758,99958,708,329,30,8,8934,4404,0.13343604313811802,493,247,36932,33005,4898,2213,6937,14196,16592,8258,0,0,65811,2193,513,421,87,2,0,0,0,0,22408,6674,1849,0,0,0,0,0
452,3888,453.299134097016,99958,743,345,30,8,9082,4488,0.13575701794753797,519,251,36728,32799,4964,2255,7014,14340,16819,8382,0,0,65378,2304,560,437,92,2,0,0,0,0,22681,6629,1875,0,0,0,0,0
453,3888,454.0940363376508,99958,758,369,30,8,9182,4548,0.13735769022989655,515,259,36581,32579,5013,2273,7101,14510,17046,8507,0,0,64982,2378,589,447,97,2,0,0,0,0,22971,6589,1903,0,0,0,0,0
454,3888,455.29167659073073,99958,790,377,30,8,9350,4618,0.13973869024990496,535,296,36365,32370,5109,2295,7169,14652,17272,8632,0,0,64520,2514,629,460,101,2,0,0,0,0,23252,6551,1929,0,0,0,0,0
455,3888,456.09334288355456,99958,805,402,30,8,9456,4679,0.14140939194461674,538,292,36199,32173,5162,2306,7264,14817,17498,8758,0,0,64113,2596,665,468,101,2,0,0,0,0,23540,6516,1957,0,0,0,0,0
456,3888,457.3023854729131,99958,846,416,30,8,9630,4772,0.14408051381580264,562,308,35979,31954,5242,2357,7339,14955,17723,8884,0,0,63647,2742,715,477,107,2,0,0,0,0,23809,6476,1983,0,0,0,0,0
457,3888,458.1119342000313,99958,878,430,30,8,9744,4835,0.14585125752816183,597,310,35790,31747,5284,2374,7419,15129,17948,9010,0,0,63244,2826,754,483,109,2,0,0,0,0,24089,6438,2013,0,0,0,0,0
458,3888,459.33249405942564,99957,924,444,30,9,9939,4927,0.1487239512990586,615,325,35554,31512,5386,2428,7489,15280,18172,9137,0,0,62771,2972,815,498,111,2,0,0,0,0,24353,6397,2038,0,0,0,0,0
459,3888,460.1501068999582,99956,946,466,31,9,10061,5007,0.15074632838448918,645,328,35366,31291,5432,2468,7578,15436,18396,9264,0,0,62351,3073,852,505,120,3,0,0,0,0,24632,6358,2062,0,0,0,0,0
460,3888,461.3836236706339,99956,979,482,31,9,10275,5109,0.15390771939653447,700,316,35092,31100,5555,2526,7641,15565,18619,9391,0,0,61845,3252,911,522,126,3,0,0,0,0,24895,6317,2085,0,0,0,0,0
461,3888,462.21052315676394,99954,1032,486,33,9,10437,5172,0.15616183444384416,703,350,34873,30875,5619,2557,7738,15721,18841,9519,0,0,61406,3369,945,529,130,4,0,0,0,0,25179,6280,2112,0,0,0,0,0
462,3888,463.0419481664176,99953,1013,482,34,9,10565,5238,0.15810430902524186,745,372,34683,30658,5710,2598,7813,15879,19062,9647,0,0,60966,3491,1014,542,139,4,0,0,0,0,25424,6235,2138,0,0,0,0,0
463,3888,464.2972021315106,99951,1046,487,36,9,10790,5343,0.1614090904543226,779,377,34428,30458,5835,2667,7874,16000,19283,9775,0,0,60483,3654,1097,569,147,4,0,0,0,0,25651,6176,2170,0,0,0,0,0
464,3888,465.1385977585769,99951,1060,524,36,9,10949,5433,0.1639003111524647,785,367,34221,30249,5936,2688,7960,16161,19503,9903,0,0,60035,3785,1142,582,154,4,0,0,0,0,25921,6132,2196,0,0,0,0,0
465,3888,466.4090569651346,99948,1108,542,38,10,11196,5550,0.16754712450474246,835,401,33944,30025,6066,2746,8007,16274,19722,10032,0,0,59529,3976,1214,609,157,4,0,0,0,0,26160,6071,2228,0,0,0,0,0
466,3888,467.2608282074,99948,1137,580,38,10,11383,5633,0.1702485292352023,827,406,33731,29810,6175,2768,8090,16424,19940,10161,0,0,59074,4105,1257,628,163,4,0,0,0,0,26437,6031,2249,0,0,0,0,0
467,3888,468.11740307110625,99948,1160,590,38,10,11549,5711,0.17268979869532156,853,420,33515,29603,6270,2818,8162,16557,20157,10290,0,0,58611,4245,1305,643,167,4,0,0,0,0,26709,5992,2272,0,0,0,0,0
468,3888,469.4114023037343,99945,1226,602,40,11,11840,5850,0.17699734854169794,867,442,33219,29398,6428,2897,8218,16648,20374,10419,0,0,58051,4470,1385,669,175,4,0,0,0,0,26953,5951,2287,0,0,0,0,0
469,3888,470.2795686143864,99945,1242,615,40,11,12029,5950,0.17988893891640403,875,440,33000,29199,6552,2949,8289,16784,20590,10548,0,0,57570,4642,1446,682,183,4,0,0,0,0,27196,5901,2321,0,0,0,0,0
470,3888,471.15311545523423,99944,1266,653,40,12,12211,6068,0.18289241975506285,887,413,32789,28997,6648,2999,8368,16924,20805,10678,0,0,57104,4793,1510,692,191,5,0,0,0,0,27443,5861,2345,0,0,0,0,0
471,3888,472.0320265587557,99943,1294,635,41,12,12395,6153,0.18558578389682118,917,418,32558,28790,6745,3079,8443,17064,21019,10808,0,0,56630,4940,1590,711,199,5,0,0,0,0,27685,5824,2359,0,0,0,0,0
472,3888,473.36060932490165,99942,1348,660,42,12,12695,6306,0.19012026975645874,933,426,32278,28582,6903,3169,8494,17149,21232,10938,0,0,56083,5182,1685,733,207,5,0,0,0,0,27888,5763,2396,0,0,0,0,0
473,3888,474.2520176131735,99941,1426,655,42,13,12915,6386,0.1931239431264446,946,463,32040,28375,6980,3213,8564,17279,21444,11068,0,0,55639,5302,1754,756,213,5,0,0,0,0,28135,5720,2417,0,0,0,0,0
474,3888,475.14897945293177,99941,1466,673,42,13,13121,6492,0.19624578501315776,962,471,31825,28157,7069,3275,8634,17409,21655,11198,0,0,55174,5450,1830,771,220,6,0,0,0,0,28371,5680,2439,0,0,0,0,0
475,3888,476.0514592446298,99939,1498,708,43,14,13340,6612,0.1996417814867069,955,474,31586,27952,7200,3325,8716,17525,21864,11328,0,0,54697,5600,1904,797,229,6,0,0,0,0,28613,5638,2455,0,0,0,0,0
476,3888,477.4161066104929,99939,1530,703,43,14,13671,6767,0.2045047478962167,1006,491,31272,27742,7398,3443,8749,17605,22072,11458,0,0,54132,5840,2046,842,242,6,0,0,0,0,28777,5580,2474,0,0,0,0,0
477,3888,478.332677918253,99935,1545,685,47,14,13889,6859,0.20761494971731626,1024,529,31029,27545,7537,3517,8816,17708,22279,11588,0,0,53635,6005,2140,872,248,6,0,0,0,0,28998,5541,2490,0,0,0,0,0
478,3888,479.2561638196049,99934,1575,725,48,14,14119,6997,0.21129945764204375,1057,488,30776,27373,7668,3581,8874,17817,22485,11718,0,0,53172,6159,2227,898,265,6,0,0,0,0,29206,5487,2514,0,0,0,0,0
479,3888,480.1866322126781,99934,1626,729,48,14,14353,7112,0.21479176256329177,1106,486,30537,27185,7763,3648,8918,17936,22690,11848,0,0,52707,6318,2322,918,276,6,0,0,0,0,29409,5437,2541,0,0,0,0,0
480,3888,481.123556585389,99932,1669,769,50,14,14623,7247,0.21884881719569307,1120,464,30296,27000,7906,3704,8957,18047,22894,11978,0,0,52231,6477,2421,949,288,7,0,0,0,0,29609,5387,2563,0,0,0,0,0
481,3888,482.06691589120936,99932,1727,763,50,14,14875,7346,0.22236120561982148,1129,503,30057,26802,8027,3766,9008,18150,23097,12108,0,0,51764,6624,2518,973,304,7,0,0,0,0,29818,5349,2575,0,0,0,0,0
482,3888,483.0169724666465,99931,1738,782,51,14,15129,7459,0.22603596481572286,1162,541,29807,26610,8186,3821,9054,18230,23298,12238,0,0,51278,6791,2632,998,319,8,0,0,0,0,30011,5309,2585,0,0,0,0,0
483,3888,484.45538761319926,99930,1821,833,52,14,15543,7654,0.23213249274492145,1189,556,29462,26413,8401,3921,9073,18261,23498,12368,0,0,50670,7077,2757,1021,335,9,0,0,0,0,30191,5272,2598,0,0,0,0,0
484,3888,485.42216037937914,99929,1829,837,53,14,15797,7789,0.23602757958150286,1226,556,29201,26214,8574,4006,9115,18371,23697,12498,0,0,50144,7295,2866,1042,351,9,0,0,0,0,30377,5229,2616,0,0,0,0,0
485,3888,486.39728030676406,99927,1865,844,54,15,16101,7913,0.2403154302640928,1210,583,28947,26030,8762,4074,9160,18452,23895,12628,0,0,49636,7482,2985,1077,366,10,0,0,0,0,30555,5184,2632,0,0,0,0,0
486,3888,487.38014199421985,99926,1878,866,54,16,16396,8059,0.24473110101475093,1210,575,28683,25861,8957,4157,9216,18523,24091,12758,0,0,49110,7691,3110,1106,383,10,0,0,0,0,30723,5143,2650,0,0,0,0,0
487,3888,488.3716519598948,99923,1955,882,57,16,16705,8205,0.2492919548052,1225,587,28407,25692,9094,4231,9260,18590,24286,12888,0,0,48628,7877,3226,1116,410,11,0,0,0,0,30883,5100,2672,0,0,0,0,0
488,3888,489.37169172081747,99922,1938,890,58,16,16992,8333,0.2534476891975741,1253,596,28155,25516,9289,4304,9305,18676,24480,13018,0,0,48098,8098,3358,1144,430,11,0,0,0,0,31040,5053,2690,0,0,0,0,0
489,3888,490.38064718086486,99922,1933,892,58,16,17284,8483,0.25787113948880125,1275,600,27901,25347,9491,4402,9340,18741,24673,13148,0,0,47570,8315,3511,1176,448,11,0,0,0,0,31174,5009,2708,0,0,0,0,0
490,3888,491.39826221882504,99920,1932,882,59,17,17584,8619,0.2622397918334668,1277,615,27662,25190,9688,4494,9380,18800,24864,13278,0,0,47044,8531,3653,1214,468,12,0,0,0,0,31316,4957,2725,0,0,0,0,0
491,3888,492.42468105057947,99918,1918,902,60,18,17872,8782,0.26675874216857826,1309,601,27384,25027,9906,4589,9421,18861,25054,13408,0,0,46515,8733,3804,1252,489,12,0,0,0,0,31461,4923,2729,0,0,0,0,0
492,3888,493.4608271152332,99917,1965,931,61,18,18185,8947,0.27154538266761413,1288,572,27160,24878,10064,4684,9460,18915,25243,13537,0,0,46033,8904,3940,1287,512,14,0,0,0,0,31606,4877,2744,0,0,0,0,0
493,3888,494.50607673827153,99915,2043,988,63,18,18541,9121,0.2768553270279738,1219,536,26943,24706,10230,4755,9500,18995,25430,13666,0,0,45529,9099,4066,1306,539,14,0,0,0,0,31765,4845,2752,0,0,0,0,0
494,3888,495.0311109355294,99913,2050,1003,65,18,18695,9207,0.2792629587741335,1229,536,26767,24532,10307,4788,9580,19121,25616,13795,0,0,45141,9192,4163,1312,549,14,0,0,0,0,31951,4817,2774,0,0,0,0,0
495,3888,496.0905691751343,99910,2065,996,68,18,19008,9361,0.2839455509958963,1243,568,26514,24338,10487,4901,9621,19177,25801,13924,0,0,44649,9370,4324,1361,578,17,0,0,0,0,32069,4764,2778,0,0,0,0,0
496,3888,497.1597206352488,99910,2110,1023,68,18,19363,9534,0.2892303072765489,1216,562,26281,24173,10674,4998,9649,19224,25984,14053,0,0,44128,9586,4484,1385,605,17,0,0,0,0,32190,4728,2787,0,0,0,0,0
497,3888,498.23795390596035,99909,2111,1020,68,19,19655,9692,0.2937373009438589,1268,566,26008,24017,10853,5108,9690,19268,26166,14182,0,0,43634,9779,4644,1427,629,18,0,0,0,0,32305,4670,2803,0,0,0,0,0
498,3888,499.32670466856194,99908,2124,1014,69,19,20004,9845,0.2987648636745806,1270,603,25746,23837,11068,5207,9721,19318,26346,14310,0,0,43142,9964,4821,1476,665,18,0,0,0,0,32392,4614,2816,0,0,0,0,0
499,3888,500.4263443708654,99906,2137,1027,70,20,20350,10020,0.3039857466018057,1278,613,25493,23658,11265,5310,9755,19370,26525,14438,0,0,42597,10200,4971,1510,697,18,0,0,0,0,32514,4575,2824,0,0,0,0,0
500,3888,501.53631080461014,99905,2163,1055,71,20,20694,10206,0.3092938291376808,1249,605,25279,23504,11466,5404,9770,19410,26703,14566,0,0,42090,10409,5130,1553,724,19,0,0,0,0,32620,4521,2839,0,0,0,0,0
501,3888,502.0947119163125,99905,2160,1047,71,20,20864,10287,0.3118062159051099,1243,603,25097,23374,11569,5446,9858,19508,26879,14694,0,0,41721,10491,5252,1566,744,20,0,0,0,0,32763,4490,2858,0,0,0,0,0
502,3888,503.22176022281866,99904,2161,1064,72,20,21209,10454,0.31693425688661114,1228,608,24859,23223,11787,5541,9891,19542,27054,14821,0,0,41216,10689,5430,1606,773,22,0,0,0,0,32857,4445,2866,0,0,0,0,0
503,3888,504.3600233250855,99903,2139,1056,73,20,21540,10619,0.3219022451778225,1236,615,24622,23077,12010,5650,9918,19580,27228,14948,0,0,40707,10898,5629,1655,803,23,0,0,0,0,32925,4390,2873,0,0,0,0,0
504,3888,505.5093105678504,99902,2158,1107,74,20,21899,10830,0.3276110588376609,1223,581,24415,22929,12207,5752,9921,19609,27400,15075,0,0,40230,11085,5813,1690,850,24,0,0,0,0,32994,4337,2879,0,0,0,0,0
505,3888,506.08724859956203,99901,2167,1103,75,20,22075,10918,0.330256954384841,1208,580,24270,22796,12283,5790,9995,19709,27571,15202,0,0,39884,11145,5938,1712,873,27,0,0,0,0,33132,4303,2887,0,0,0,0,0
506,3888,507.25355918751865,99901,2174,1081,75,20,22431,11085,0.3354921372158437,1217,603,24028,22655,12486,5902,10018,19737,27740,15328,0,0,39379,11347,6143,1758,904,28,0,0,0,0,33183,4260,2899,0,0,0,0,0
507,3888,508.4308605101836,99900,2161,1050,76,20,22808,11249,0.3409109109109109,1164,634,23821,22515,12747,6022,10029,19757,27908,15454,0,0,38841,11570,6343,1808,943,31,0,0,0,0,33241,4220,2903,0,0,0,0,0
508,3888,509.02314556313706,99899,2140,1044,77,20,22977,11331,0.343426861129741,1172,635,23672,22404,12834,6058,10103,19837,28075,15580,0,0,38484,11644,6472,1838,964,32,0,0,0,0,33376,4176,2913,0,0,0,0,0
509,3888,510.21961682837707,99899,2128,1061,77,20,23329,11535,0.3489924824072313,1175,637,23464,22247,13045,6186,10109,19847,28240,15705,0,0,37980,11839,6682,1891,998,34,0,0,0,0,33422,4140,2913,0,0,0,0,0
510,3888,511.42677146679955,99898,2128,1068,77,21,23697,11728,0.3546117039380168,1146,613,23293,22120,13243,6308,10111,19868,28404,15830,0,0,37485,12042,6880,1934,1047,34,0,0,0,0,33463,4091,2922,0,0,0,0,0
511,3888,512.0334172349251,99897,2113,1052,78,21,23869,11808,0.35713785198754716,1157,628,23136,21987,13332,6361,10182,19949,28567,15955,0,0,37145,12104,6999,1958,1080,37,0,0,0,0,33588,4052,2934,0,0,0,0,0
512,3888,513.2579568750405,99897,2127,1078,78,21,24248,11998,0.3628337187302922,1142,604,22918,21887,13540,6463,10193,19945,28728,16079,0,0,36634,12317,7174,2003,1115,41,0,0,0,0,33661,4017,2935,0,0,0,0,0
513,3888,514.494846288232,99895,2079,1071,79,22,24608,12187,0.3683367535912708,1101,598,22749,21758,13772,6588,10218,19961,28888,16203,0,0,36138,12507,7385,2064,1175,42,0,0,0,0,33685,3968,2931,0,0,0,0,0
514,3888,515.1165304814778,99895,2094,1079,79,22,24822,12275,0.37135992792432054,1061,600,22612,21627,13865,6618,10287,20052,29046,16327,0,0,35795,12574,7512,2086,1202,43,0,0,0,0,33806,3934,2943,0,0,0,0,0
515,3888,516.3713512666894,99895,2075,1070,79,22,25160,12460,0.3765954251964563,1044,570,22482,21507,14043,6738,10275,20091,29203,16450,0,0,35304,12771,7703,2129,1248,47,0,0,0,0,33849,3899,2945,0,0,0,0,0
516,3888,517.0017912009802,99895,2057,1065,79,22,25303,12547,0.3788978427348716,1050,563,22381,21402,14085,6776,10346,20170,29359,16573,0,0,34980,12828,7825,2142,1276,49,0,0,0,0,33967,3872,2956,0,0,0,0,0
517,3888,518.2715721554014,99894,2012,1021,79,23,25638,12709,0.38387690952409553,1056,593,22212,21319,14286,6883,10353,20159,29513,16696,0,0,34502,13014,8024,2213,1314,57,0,0,0,0,33988,3812,2970,0,0,0,0,0
518,3888,519.5512603016555,99892,1977,1059,80,24,25960,12919,0.38921034717494896,1084,548,22010,21235,14486,6978,10361,20154,29666,16818,0,0,34074,13144,8230,2260,1368,59,0,0,0,0,34006,3774,2977,0,0,0,0,0
519,3888,520.1948952196858,99892,1989,1044,80,24,26145,13003,0.3919032555159572,1069,552,21895,21134,14543,7019,10422,20225,29818,16940,0,0,33776,13183,8370,2282,1399,61,0,0,0,0,34092,3734,2995,0,0,0,0,0
520,3888,521.4934706236121,99888,1974,1038,82,26,26507,13194,0.3974551497677399,1042,524,21764,21033,14730,7144,10406,20233,29968,17061,0,0,33311,13358,8573,2334,1454,66,0,0,0,0,34109,3690,2993,0,0,0,0,0
521,3888,522.1457200325381,99887,1917,1037,83,26,26659,13277,0.3998117873196712,1057,522,21635,20902,14836,7198,10470,20313,30117,17182,0,0,32979,13421,8709,2360,1477,68,0,0,0,0,34205,3660,3008,0,0,0,0,0
522,3888,523.460627367399,99887,1906,1024,83,26,27018,13452,0.40515782834603103,992,504,21514,20822,15021,7308,10482,20314,30265,17303,0,0,32531,13573,8910,2426,1529,70,0,0,0,0,34223,3615,3010,0,0,0,0,0
523,3888,524.1210875639077,99887,1893,1020,83,26,27181,13528,0.40755053210127445,998,528,21413,20723,15083,7329,10528,20372,30411,17423,0,0,32223,13615,9033,2444,1559,73,0,0,0,0,34333,3593,3014,0,0,0,0,0
524,3888,525.4521016643707,99886,1846,1002,83,27,27501,13724,0.4127205013715636,1018,485,21276,20674,15248,7470,10527,20340,30556,17543,0,0,31783,13761,9271,2498,1606,78,0,0,0,0,34310,3561,3018,0,0,0,0,0
525,3888,526.1206039149951,99885,1847,996,84,27,27686,13816,0.41549782249587025,968,476,21175,20562,15332,7516,10592,20421,30700,17662,0,0,31485,13807,9397,2519,1643,84,0,0,0,0,34397,3527,3026,0,0,0,0,0
526,3888,527.4678191206586,99885,1802,971,84,27,28005,13984,0.4203734294438604,935,460,21048,20513,15524,7607,10605,20420,30842,17781,0,0,31063,13953,9613,2579,1693,88,0,0,0,0,34388,3474,3034,0,0,0,0,0
527,3888,528.1448629933379,99884,1791,948,85,27,28170,14060,0.4227904369068119,925,453,20946,20437,15591,7646,10660,20487,30983,17900,0,0,30789,13970,9757,2607,1722,93,0,0,0,0,34454,3442,3050,0,0,0,0,0
528,3888,529.5089091360927,99881,1748,923,88,27,28477,14218,0.42745867582423086,898,474,20827,20353,15768,7742,10669,20479,31123,18018,0,0,30381,14091,9968,2646,1788,95,0,0,0,0,34453,3415,3044,0,0,0,0,0
529,3888,530.1939510812689,99881,1722,918,88,27,28619,14320,0.4299015828836315,895,449,20736,20269,15827,7801,10730,20534,31261,18136,0,0,30090,14143,10116,2658,1809,101,0,0,0,0,34516,3385,3063,0,0,0,0,0
530,3888,531.5738530595863,99881,1706,861,88,27,28936,14455,0.4344269680920295,871,493,20645,20182,15970,7911,10718,20524,31398,18253,0,0,29687,14256,10310,2718,1863,106,0,0,0,0,34523,3356,3062,0,0,0,0,0
531,3888,532.2659376274432,99879,1688,849,90,27,29075,14535,0.4366283202675237,875,493,20570,20090,16007,7952,10768,20587,31534,18370,0,0,29439,14252,10461,2739,1898,107,0,0,0,0,34584,3330,3069,0,0,0,0,0
532,3888,533.6587788036659,99876,1644,858,93,27,29372,14720,0.4414674196003044,821,463,20486,20048,16164,8046,10790,20556,31669,18486,0,0,29062,14352,10662,2796,1947,115,0,0,0,0,34570,3294,3078,0,0,0,0,0
533,3888,534.3573937765999,99874,1575,877,95,27,29496,14804,0.44355888419408457,824,449,20418,19984,16243,8049,10843,20612,31802,18602,0,0,28792,14375,10770,2818,1995,117,0,0,0,0,34659,3266,3082,0,0,0,0,0
534,3888,535.0588088206077,99873,1577,861,96,27,29643,14877,0.44576612297617974,797,454,20338,19911,16289,8081,10901,20664,31934,18717,0,0,28530,14384,10888,2846,2024,121,0,0,0,0,34755,3241,3084,0,0,0,0,0
535,3888,536.4702950672363,99871,1551,873,98,27,29946,15045,0.45049113356229536,777,429,20216,19859,16461,8154,10895,20656,32065,18832,0,0,28168,14473,11090,2885,2078,127,0,0,0,0,34750,3215,3085,0,0,0,0,0
536,3888,537.1788587471086,99869,1542,836,99,28,30075,15122,0.45256285734311946,764,414,20151,19829,16488,8203,10954,20688,32195,18946,0,0,27918,14487,11234,2906,2110,128,0,0,0,0,34804,3183,3099,0,0,0,0,0
537,3888,538.6053050648906,99869,1505,804,99,28,30349,15260,0.45668826162272574,734,411,20070,19804,16622,8302,10968,20649,32323,19060,0,0,27580,14564,11441,2945,2172,132,0,0,0,0,34781,3152,3102,0,0,0,0,0
538,3888,539.3206390949798,99868,1483,786,99,29,30472,15338,0.45870549124844795,733,389,20012,19733,16654,8350,11017,20711,32450,19174,0,0,27342,14569,11585,2957,2211,134,0,0,0,0,34835,3130,3105,0,0,0,0,0
539,3888,540.0387577778228,99868,1441,777,99,29,30593,15405,0.4605879761284896,725,383,19948,19669,16703,8370,11082,20770,32576,19287,0,0,27098,14583,11698,2968,2262,136,0,0,0,0,34908,3108,3107,0,0,0,0,0
540,3888,541.4826247529074,99866,1419,733,100,30,30860,15528,0.46450243326056917,664,377,19896,19681,16815,8449,11104,20728,32701,19400,0,0,26783,14635,11895,3016,2319,143,0,0,0,0,34894,3075,3106,0,0,0,0,0
541,3888,542.2063264872692,99866,1395,725,100,30,30991,15582,0.4663549155868864,633,381,19853,19630,16855,8451,11162,20781,32825,19512,0,0,26557,14635,12019,3032,2351,146,0,0,0,0,34958,3048,3120,0,0,0,0,0
542,3888,543.6604672407079,99866,1317,688,100,30,31220,15697,0.46979953137203856,597,391,19810,19629,16990,8515,11184,20745,32947,19624,0,0,26234,14703,12189,3079,2421,148,0,0,0,0,34951,3014,3127,0,0,0,0,0
543,3888,544.3883050146848,99866,1305,691,100,30,31339,15768,0.47170208078825626,572,382,19772,19572,17012,8539,11237,20784,33068,19735,0,0,26020,14692,12309,3093,2453,152,0,0,0,0,35021,2992,3134,0,0,0,0,0
544,3888,545.1190255036439,99865,1256,695,101,30,31447,15847,0.47357933209833275,566,356,19715,19532,17057,8554,11303,20831,33188,19846,0,0,25805,14682,12459,3103,2490,155,0,0,0,0,35059,2973,3139,0,0,0,0,0
545,3888,546.5865399964237,99863,1187,667,102,31,31646,15959,0.4767030832240169,587,352,19671,19545,17142,8608,11309,20795,33307,19956,0,0,25504,14732,12626,3145,2544,160,0,0,0,0,35065,2946,3141,0,0,0,0,0
546,3888,547.3215170648078,99863,1152,684,102,31,31744,16039,0.4784855251694822,588,330,19627,19483,17159,8621,11370,20849,33425,20066,0,0,25298,14715,12741,3154,2588,161,0,0,0,0,35135,2927,3144,0,0,0,0,0
547,3888,548.0587866761186,99863,1155,643,102,31,31872,16080,0.48017784364579474,557,357,19591,19434,17168,8648,11425,20885,33542,20175,0,0,25095,14704,12861,3166,2622,166,0,0,0,0,35189,2901,3159,0,0,0,0,0
548,3888,549.5388780710152,99863,1125,625,102,31,32069,16202,0.4833722199413196,541,321,19563,19460,17226,8712,11441,20849,33657,20284,0,0,24835,14728,13028,3195,2677,176,0,0,0,0,35189,2881,3154,0,0,0,0,0
549,3888,550.2795412218682,99863,1075,600,102,31,32171,16254,0.48491433263571093,529,324,19529,19401,17267,8741,11496,20901,33771,20392,0,0,24613,14728,13160,3208,2708,181,0,0,0,0,35238,2866,3161,0,0,0,0,0
550,3888,551.0220580454604,99863,1044,584,102,31,32260,16303,0.48629622582938625,534,326,19482,19370,17283,8755,11553,20932,33884,20500,0,0,24420,14699,13278,3223,2741,184,0,0,0,0,35305,2847,3166,0,0,0,0,0
551,3888,552.5130057650608,99863,1013,579,102,31,32442,16426,0.48935041006178465,543,292,19464,19407,17312,8782,11564,20907,33996,20607,0,0,24185,14700,13441,3261,2792,190,0,0,0,0,35307,2817,3170,0,0,0,0,0
552,3888,553.2590644738964,99863,1026,562,102,31,32556,16466,0.49089252275617595,524,287,19423,19380,17295,8796,11628,20942,34107,20714,0,0,23985,14689,13547,3268,2819,191,0,0,0,0,35387,2801,3176,0,0,0,0,0
553,3888,554.0066100766932,99863,1024,574,102,31,32651,16533,0.49251474520092525,496,263,19404,19339,17291,8801,11681,20990,34217,20820,0,0,23789,14681,13646,3278,2843,193,0,0,0,0,35470,2778,3185,0,0,0,0,0
554,3888,555.5061150578837,99863,991,567,102,31,32841,16639,0.49547880596417093,492,252,19392,19352,17339,8836,11682,20960,34326,20926,0,0,23545,14695,13792,3304,2904,196,0,0,0,0,35486,2752,3189,0,0,0,0,0
555,3888,556.2556100187613,99862,959,556,103,31,32924,16685,0.49677555025935793,486,250,19354,19323,17357,8853,11739,20985,34434,21031,0,0,23368,14661,13900,3319,2936,198,0,0,0,0,35547,2729,3204,0,0,0,0,0
556,3888,557.0067107510059,99861,915,547,104,31,33005,16740,0.49814241796096576,469,241,19337,19290,17380,8861,11793,21028,34541,21136,0,0,23170,14657,13999,3330,2972,203,0,0,0,0,35615,2707,3208,0,0,0,0,0
557,3888,558.5138368431343,99860,860,511,105,31,33174,16825,0.500690967354296,472,227,19315,19340,17442,8889,11804,21000,34647,21240,0,0,22947,14643,14165,3370,3023,211,0,0,0,0,35606,2688,3207,0,0,0,0,0
558,3888,559.2670178436568,99860,853,507,105,31,33256,16875,0.5020128179451232,465,217,19281,19318,17433,8883,11861,21042,34752,21343,0,0,22772,14615,14245,3379,3056,216,0,0,0,0,35691,2673,3213,0,0,0,0,0
559,3888,560.022707742302,99860,857,492,105,31,33343,16923,0.5033647105948328,450,213,19266,19293,17403,8897,11917,21072,34856,21446,0,0,22608,14583,14364,3385,3076,221,0,0,0,0,35747,2654,3222,0,0,0,0,0
560,3888,561.5378450073313,99860,830,469,105,31,33511,16999,0.5058081313839375,427,221,19287,19347,17425,8912,11924,21018,34959,21548,0,0,22370,14606,14487,3406,3126,225,0,0,0,0,35778,2636,3226,0,0,0,0,0
561,3888,562.2945724823567,99860,834,457,105,31,33591,17040,0.5070198277588625,417,221,19269,19339,17391,8908,11982,21042,35061,21650,0,0,22220,14570,14602,3402,3154,228,0,0,0,0,35832,2619,3233,0,0,0,0,0
562,3888,563.0521756368519,99860,810,465,105,31,33654,17097,0.5082215101141598,429,192,19241,19327,17374,8906,12039,21077,35162,21751,0,0,22065,14525,14717,3416,3177,229,0,0,0,0,35890,2603,3238,0,0,0,0,0
563,3888,564.5702782690278,99860,769,429,105,31,33803,17167,0.5104145804125776,392,197,19264,19384,17401,8931,12067,21026,35262,21852,0,0,21846,14532,14869,3441,3218,235,0,0,0,0,35899,2582,3238,0,0,0,0,0
564,3888,565.3289525918061,99860,764,430,105,31,33878,17203,0.5115261365912277,376,196,19241,19366,17379,8922,12133,21053,35361,21952,0,0,21695,14488,14960,3446,3240,239,0,0,0,0,35977,2566,3249,0,0,0,0,0
565,3888,566.0885220945305,99859,747,407,106,31,33943,17232,0.512472586346749,359,201,19229,19342,17369,8923,12188,21094,35459,22052,0,0,21522,14458,15052,3460,3262,240,0,0,0,0,36054,2557,3254,0,0,0,0,0
566,3888,567.6106425642383,99859,711,392,106,31,34064,17307,0.514435353848927,335,183,19283,19410,17372,8919,12191,21063,35556,22151,0,0,21349,14426,15188,3486,3301,246,0,0,0,0,36066,2533,3264,0,0,0,0,0
567,3888,568.3702310821028,99858,713,384,106,32,34127,17343,0.51543191331691,324,172,19274,19395,17336,8915,12245,21100,35652,22250,0,0,21210,14387,15288,3483,3320,253,0,0,0,0,36130,2519,3268,0,0,0,0,0
568,3888,569.1301980094852,99858,686,374,106,32,34180,17376,0.51629313625348,327,178,19236,19398,17331,8894,12312,21122,35747,22348,0,0,21072,14346,15379,3484,3350,259,0,0,0,0,36191,2501,3276,0,0,0,0,0
569,3888,570.652853802577,99857,645,356,106,33,34298,17444,0.518160970187368,312,162,19281,19441,17331,8911,12323,21095,35841,22446,0,0,20906,14312,15518,3499,3405,261,0,0,0,0,36195,2485,3276,0,0,0,0,0
570,3888,571.4136271297067,99857,626,344,106,33,34357,17476,0.5190722733508918,307,161,19284,19441,17309,8895,12366,21124,35934,22543,0,0,20767,14274,15615,3496,3438,263,0,0,0,0,36250,2471,3283,0,0,0,0,0
571,3888,572.1746439095539,99857,621,346,106,33,34418,17510,0.5200236337963288,288,152,19272,19434,17283,8877,12428,21156,36026,22640,0,0,20625,14243,15704,3497,3459,266,0,0,0,0,36321,2455,3287,0,0,0,0,0
572,3888,573.6976481634013,99857,588,334,106,33,34538,17574,0.521866268764333,275,148,19341,19490,17262,8880,12426,21113,36117,22736,0,0,20482,14197,15841,3510,3507,273,0,0,0,0,36318,2437,3292,0,0,0,0,0
573,3888,574.4573544748833,99857,570,332,106,33,34580,17603,0.5225772855182912,267,144,19341,19508,17231,8858,12483,21123,36207,22832,0,0,20329,14177,15913,3502,3532,275,0,0,0,0,36401,2432,3296,0,0,0,0,0
574,3888,575.2169313221,99857,536,315,106,33,34622,17621,0.5231781447469882,277,148,19333,19526,17210,8838,12536,21138,36296,22927,0,0,20203,14140,16005,3503,3560,276,0,0,0,0,36449,2408,3313,0,0,0,0,0
575,3888,576.7371549491763,99857,551,283,106,33,34746,17668,0.5248905935487748,250,145,19361,19603,17177,8828,12553,21106,36384,23022,0,0,20043,14135,16110,3501,3596,283,0,0,0,0,36472,2389,3328,0,0,0,0,0
576,3888,577.4960654402959,99857,539,278,106,33,34799,17692,0.5256616962256027,251,144,19339,19599,17154,8808,12609,21136,36471,23116,0,0,19917,14086,16204,3501,3616,286,0,0,0,0,36533,2380,3334,0,0,0,0,0
577,3888,578.2556015412373,99857,527,282,106,33,34843,17721,0.5263927416205173,244,130,19350,19598,17120,8786,12651,21169,36557,23210,0,0,19800,14033,16289,3503,3638,288,0,0,0,0,36596,2369,3341,0,0,0,0,0
578,3888,579.0161237753694,99856,507,269,107,33,34894,17739,0.5270890081717673,233,131,19359,19604,17087,8758,12705,21203,36643,23303,0,0,19686,13979,16380,3503,3670,289,0,0,0,0,36644,2357,3348,0,0,0,0,0
579,3888,580.5366287747959,99855,490,269,108,33,34982,17794,0.5285263632266787,208,106,19413,19685,17051,8740,12728,21165,36728,23395,0,0,19541,13950,16477,3513,3706,291,0,0,0,0,36681,2341,3355,0,0,0,0,0
580,3888,581.2951899995089,99855,479,259,108,33,35027,17818,0.5292173651795102,186,100,19433,19680,17021,8726,12771,21200,36812,23487,0,0,19414,13919,16560,3506,3728,296,0,0,0,0,36742,2332,3358,0,0,0,0,0
581,3888,582.0537144468516,99855,466,250,108,33,35057,17835,0.5296880476691203,192,100,19465,19704,16957,8695,12810,21216,36895,23578,0,0,19305,13872,16647,3499,3746,300,0,0,0,0,36798,2324,3364,0,0,0,0,0
582,3888,583.5687155938739,99855,428,229,108,33,35122,17872,0.5307095288167843,195,100,19520,19772,16918,8682,12829,21182,36977,23669,0,0,19182,13818,16758,3517,3776,305,0,0,0,0,36821,2307,3371,0,0,0,0,0
583,3888,584.3232692955263,99855,420,213,108,33,35159,17886,0.5312202693906164,192,107,19521,19777,16873,8662,12884,21206,37058,23759,0,0,19073,13773,16842,3509,3797,309,0,0,0,0,36877,2297,3378,0,0,0,0,0
584,3888,585.0784558753762,99855,420,202,108,33,35202,17904,0.5318311551750038,177,102,19553,19809,16813,8634,12927,21218,37139,23849,0,0,18967,13727,16932,3500,3819,311,0,0,0,0,36928,2287,3384,0,0,0,0,0
585,3888,586.587967625389,99854,382,206,109,33,35262,17947,0.5328679872614016,169,90,19600,19892,16784,8609,12954,21168,37219,23938,0,0,18825,13699,17018,3513,3845,313,0,0,0,0,36980,2272,3389,0,0,0,0,0
586,3888,587.3407015152853,99854,378,201,109,33,35296,17961,0.5333486890860657,169,92,19586,19901,16751,8584,13005,21187,37298,24027,0,0,18718,13651,17092,3509,3864,315,0,0,0,0,37048,2265,3392,0,0,0,0,0
587,3888,588.0935152848684,99852,361,192,111,33,35323,17978,0.5338000240355727,166,87,19598,19914,16708,8566,13054,21206,37376,24115,0,0,18629,13595,17186,3499,3883,319,0,0,0,0,37085,2253,3403,0,0,0,0,0
588,3888,589.6000600006039,99852,344,176,111,33,35393,18010,0.5348215358730922,140,77,19680,19994,16661,8543,13062,21175,37453,24203,0,0,18507,13552,17266,3508,3917,324,0,0,0,0,37129,2240,3409,0,0,0,0,0
589,3888,590.3509363646629,99852,327,165,111,33,35417,18024,0.5352020991066779,137,81,19707,20002,16609,8526,13107,21191,37530,24290,0,0,18400,13508,17339,3503,3939,326,0,0,0,0,37192,2231,3414,0,0,0,0,0
590,3888,591.1013833687997,99852,308,162,111,33,35437,18041,0.5355726475183271,143,77,19723,20011,16555,8506,13158,21209,37606,24377,0,0,18311,13449,17420,3498,3960,328,0,0,0,0,37244,2219,3423,0,0,0,0,0
591,3888,592.6001532074604,99852,306,154,111,33,35501,18066,0.5364639666706726,117,76,19786,20091,16505,8476,13173,21168,37681,24463,0,0,18203,13408,17508,3496,3986,332,0,0,0,0,37286,2208,3425,0,0,0,0,0
592,3888,593.3473191289069,99852,288,157,111,33,35518,18081,0.5367844409726396,125,68,19791,20094,16460,8450,13223,21196,37755,24549,0,0,18102,13369,17575,3488,4005,332,0,0,0,0,37352,2196,3433,0,0,0,0,0
593,3888,594.0943326916351,99852,277,146,111,33,35542,18090,0.5371149300965429,129,72,19804,20106,16405,8431,13272,21210,37829,24634,0,0,17996,13328,17642,3485,4022,333,0,0,0,0,37420,2186,3440,0,0,0,0,0
594,3888,595.5877987783628,99852,265,150,111,33,35589,18116,0.537846012097905,117,60,19871,20215,16361,8386,13273,21154,37902,24719,0,0,17897,13288,17728,3482,4042,335,0,0,0,0,37461,2170,3449,0,0,0,0,0
595,3888,596.3317873969452,99852,250,149,111,33,35606,18126,0.5381164122901895,132,56,19863,20230,16321,8363,13321,21167,37974,24803,0,0,17793,13250,17786,3482,4055,335,0,0,0,0,37535,2156,3460,0,0,0,0,0
596,3888,597.0760160784994,99852,247,151,111,33,35631,18144,0.5385470496334576,129,55,19849,20227,16294,8339,13368,21193,38045,24887,0,0,17688,13213,17842,3477,4072,335,0,0,0,0,37610,2146,3469,0,0,0,0,0
597,3888,598.5657029670274,99852,241,140,111,33,35677,18164,0.5392080278812643,113,48,19938,20326,16220,8295,13375,21156,38116,24970,0,0,17589,13173,17920,3471,4092,340,0,0,0,0,37655,2132,3480,0,0,0,0,0
598,3888,599.3081426177055,99852,237,131,111,33,35699,18169,0.5394784280735488,106,49,19972,20346,16156,8259,13416,21180,38186,25053,0,0,17492,13134,17975,3461,4113,342,0,0,0,0,37726,2126,3483,0,0,0,0,0
599,3888,600.0501802865681,99852,232,130,111,33,35714,18180,0.539738813443897,101,48,20003,20361,16085,8242,13466,21184,38255,25135,0,0,17400,13087,18040,3453,4129,342,0,0,0,0,37794,2122,3485,0,0,0,0,0
600,3888,601.5309053434655,99852,229,121,111,33,35746,18202,0.5402796138284661,103,43,20092,20488,15984,8207,13479,21106,38324,25217,0,0,17291,13052,18103,3453,4147,343,0,0,0,0,37858,2114,3491,0,0,0,0,0
601,3888,602.2686482202736,99852,220,111,111,33,35762,18206,0.5404799102671954,106,46,20100,20526,15941,8176,13520,21106,38392,25298,0,0,17201,13003,18166,3449,4164,343,0,0,0,0,37923,2107,3496,0,0,0,0,0
602,3888,603.0052618154962,99852,220,107,111,33,35780,18213,0.5407302808156071,102,51,20114,20553,15888,8144,13563,21110,38459,25379,0,0,17121,12953,18230,3439,4181,344,0,0,0,0,37983,2099,3502,0,0,0,0,0
603,3888,604.4775857173529,99852,198,107,111,33,35811,18234,0.5412510515563034,95,43,20183,20618,15831,8110,13580,21087,38526,25459,0,0,17029,12904,18304,3445,4200,346,0,0,0,0,38029,2088,3507,0,0,0,0,0
604,3888,605.211526273875,99852,198,104,111,33,35833,18241,0.5415414813924608,81,39,20200,20643,15783,8080,13625,21099,38592,25539,0,0,16945,12858,18369,3443,4208,348,0,0,0,0,38090,2075,3516,0,0,0,0,0
605,3888,606.6783598006479,99852,189,94,111,33,35857,18258,0.541952089091856,81,33,20284,20717,15687,8051,13646,21070,38657,25618,0,0,16868,12805,18448,3436,4226,353,0,0,0,0,38127,2069,3520,0,0,0,0,0
606,3888,607.4092159028476,99852,196,92,111,33,35876,18265,0.5422124744622041,75,32,20276,20726,15652,8028,13688,21087,38722,25697,0,0,16782,12764,18496,3426,4241,355,0,0,0,0,38200,2063,3525,0,0,0,0,0
607,3888,608.1394842927087,99852,186,96,111,33,35889,18273,0.5424227857228698,83,26,20293,20756,15598,7985,13727,21102,38786,25775,0,0,16710,12708,18561,3421,4256,356,0,0,0,0,38256,2055,3529,0,0,0,0,0
608,3888,609.6000075841737,99852,171,90,111,33,35918,18281,0.5427933341345191,75,30,20394,20820,15516,7948,13731,21077,38849,25853,0,0,16620,12680,18625,3410,4276,358,0,0,0,0,38304,2041,3538,0,0,0,0,0
609,3888,610.3275321016032,99852,159,86,111,33,35928,18287,0.5429535712855026,76,30,20407,20835,15465,7923,13780,21091,38912,25930,0,0,16535,12634,18685,3409,4283,361,0,0,0,0,38368,2034,3543,0,0,0,0,0
610,3888,611.0540739252015,99852,154,81,111,33,35943,18292,0.5431538677242319,68,31,20426,20855,15413,7900,13826,21098,38974,26007,0,0,16459,12596,18732,3397,4303,364,0,0,0,0,38425,2024,3552,0,0,0,0,0
611,3888,612.5058857889297,99852,139,76,111,33,35964,18303,0.5434743420261988,57,28,20512,20939,15352,7868,13827,21054,39036,26083,0,0,16376,12558,18788,3396,4319,367,0,0,0,0,38477,2008,3563,0,0,0,0,0
612,3888,613.2291108107607,99852,134,69,111,33,35975,18306,0.5436145495333093,55,31,20519,20964,15306,7840,13873,21061,39097,26159,0,0,16304,12515,18841,3386,4336,368,0,0,0,0,38531,1997,3574,0,0,0,0,0
613,3888,614.6745623208045,99852,127,65,111,33,35996,18314,0.5439049793694668,44,34,20607,21052,15231,7798,13878,21016,39157,26234,0,0,16229,12473,18901,3377,4355,369,0,0,0,0,38578,1988,3582,0,0,0,0,0
614,3888,615.395142744094,99852,124,69,111,33,36006,18322,0.5440852461643232,40,30,20632,21085,15179,7769,13912,21012,39217,26309,0,0,16154,12430,18950,3370,4367,370,0,0,0,0,38643,1978,3590,0,0,0,0,0
615,3888,616.1148344919989,99852,115,65,111,33,36016,18329,0.5442554981372432,34,26,20653,21125,15128,7744,13957,21005,39276,26384,0,0,16081,12386,19008,3359,4385,370,0,0,0,0,38695,1970,3598,0,0,0,0,0
616,3888,617.5519839114287,99852,101,60,111,33,36026,18337,0.5444357649320996,38,23,20767,21223,15032,7709,13949,20950,39335,26458,0,0,16015,12338,19066,3350,4406,372,0,0,0,0,38740,1961,3604,0,0,0,0,0
617,3888,618.2676054142803,99852,101,58,111,33,36033,18339,0.5445258983295277,34,24,20793,21241,14969,7680,13990,20962,39393,26532,0,0,15946,12295,19110,3339,4419,375,0,0,0,0,38804,1955,3609,0,0,0,0,0
618,3888,619.6956385697353,99852,82,55,111,33,36039,18348,0.5446761206585747,38,21,20880,21341,14887,7642,14000,20906,39450,26605,0,0,15870,12257,19160,3329,4438,378,0,0,0,0,38858,1949,3613,0,0,0,0,0
619,3888,620.4074335712273,99852,88,49,111,33,36048,18352,0.5448063133437487,34,19,20921,21362,14809,7618,14035,20917,39507,26678,0,0,15810,12210,19218,3310,4458,378,0,0,0,0,38906,1945,3617,0,0,0,0,0
620,3888,621.1181868303574,99852,87,49,111,33,36053,18353,0.5448664022753675,30,23,20905,21351,14771,7597,14094,20945,39563,26750,0,0,15735,12176,19255,3301,4468,379,0,0,0,0,38976,1936,3626,0,0,0,0,0
621,3888,622.2442271576706,99852,77,43,111,33,36057,18356,0.5449365060289229,33,26,20980,21441,14697,7544,14100,20911,39619,26822,0,0,15669,12134,19309,3290,4483,380,0,0,0,0,39025,1927,3635,0,0,0,0,0
622,3888,623.6595313154863,99852,65,44,111,33,36066,18367,0.5451368024676522,30,21,21078,21534,14617,7502,14097,20864,39674,26893,0,0,15598,12093,19359,3281,4501,381,0,0,0,0,39078,1920,3641,0,0,0,0,0
623,3888,624.3645627447194,99852,62,39,111,33,36069,18369,0.5451868765773344,29,19,21122,21560,14545,7484,14129,20863,39729,26964,0,0,15531,12056,19403,3267,4518,382,0,0,0,0,39137,1912,3646,0,0,0,0,0
624,3888,625.0688652808301,99852,60,35,111,33,36071,18370,0.5452169210431439,29,19,21108,21548,14506,7468,14184,20895,39783,27034,0,0,15465,12013,19447,3258,4528,385,0,0,0,0,39199,1908,3649,0,0,0,0,0
625,3888,626.3264894222496,99852,60,33,111,33,36078,18374,0.545327084084445,32,20,21169,21620,14429,7429,14197,20863,39837,27104,0,0,15402,11974,19492,3242,4545,387,0,0,0,0,39253,1903,3654,0,0,0,0,0
626,3888,627.0063524554353,99852,58,32,111,33,36081,18378,0.5453971878380003,31,17,21190,21629,14367,7406,14241,20881,39890,27174,0,0,15346,11930,19537,3226,4561,391,0,0,0,0,39304,1899,3658,0,0,0,0,0
627,3888,628.1506148093603,99851,61,33,111,34,36086,18385,0.5455228290152327,36,14,21258,21732,14283,7355,14249,20830,39943,27243,0,0,15285,11889,19581,3216,4571,393,0,0,0,0,39360,1890,3666,0,0,0,0,0
628,3888,629.0353107626745,99851,61,37,111,34,36098,18389,0.5456830677709787,30,11,21344,21832,14193,7311,14259,20773,39995,27312,0,0,15205,11859,19617,3211,4577,395,0,0,0,0,39432,1885,3670,0,0,0,0,0
629,3888,630.1555998047279,99851,65,38,111,34,36107,18398,0.5458633363711931,52,31,21385,21881,14103,7280,14282,20734,40047,27380,0,0,15150,11815,19662,3200,4588,399,1,0,0,2,39479,1878,3677,0,0,0,0,0
630,3888,631.3299664941691,99851,74,48,111,34,36122,18414,0.546173798960451,47,26,21450,21948,14011,7247,14305,20695,40098,27448,0,0,15089,11771,19703,3188,4604,399,3,0,0,8,39532,1874,3680,0,0,0,0,0
631,3888,632.5007958575846,99851,77,56,111,34,36133,18429,0.5464341869385384,48,18,21510,22008,13938,7211,14314,20671,40149,27515,0,0,15023,11735,19735,3182,4612,401,4,0,0,17,39588,1864,3690,0,0,0,0,0
632,3888,633.0845116145056,99851,79,56,111,34,36136,18430,0.5464742466274749,47,18,21485,21977,13900,7198,14376,20715,40199,27582,0,0,14965,11701,19768,3170,4624,402,4,0,0,18,39645,1853,3701,0,0,0,0,0
633,3888,634.2861535461876,99851,82,56,111,34,36158,18438,0.5467746942944988,45,23,21614,22083,13796,7161,14350,20641,40249,27649,0,0,14910,11648,19814,3165,4638,403,9,0,0,30,39683,1845,3706,0,0,0,0,0
634,3888,635.4480054940376,99851,77,61,111,34,36166,18445,0.5469249181280107,57,26,21673,22145,13720,7124,14360,20608,40298,27715,0,0,14847,11605,19854,3154,4652,404,14,0,0,34,39737,1841,3709,0,0,0,0,0
635,3888,636.027486759414,99851,75,58,111,34,36170,18447,0.5469850076614156,58,29,21686,22149,13676,7112,14392,20616,40347,27781,0,0,14780,11566,19890,3150,4657,406,16,0,0,40,39796,1836,3714,0,0,0,0,0
636,3888,637.1852145808905,99851,84,55,111,34,36186,18456,0.5472353807172687,59,31,21760,22213,13593,7086,14391,20579,40395,27846,0,0,14722,11522,19933,3140,4666,409,20,0,0,53,39837,1834,3715,0,0,0,0,0
637,3888,638.3390992395247,99851,84,54,111,34,36197,18462,0.5474056343952489,70,40,21796,22274,13525,7053,14412,20543,40443,27911,0,0,14667,11473,19977,3136,4677,410,23,0,0,60,39882,1827,3719,0,0,0,0,0
638,3888,639.4904538193749,99851,89,65,111,34,36216,18480,0.5477761865179117,61,33,21871,22334,13455,7023,14411,20509,40490,27975,0,0,14605,11433,20012,3128,4689,412,26,0,0,71,39930,1825,3720,0,0,0,0,0
639,3888,640.0648501816365,99851,92,61,111,34,36226,18484,0.5479163954291895,61,34,21880,22358,13407,6996,14447,20515,40537,28039,0,0,14550,11384,20054,3124,4700,413,29,0,0,75,39978,1820,3724,0,0,0,0,0
640,3888,641.2118994384318,99851,85,57,111,34,36238,18495,0.5481467386405745,66,39,21931,22401,13349,6981,14456,20486,40583,28103,0,0,14487,11348,20078,3119,4715,418,34,0,0,87,40024,1812,3729,0,0,0,0,0
641,3888,642.3562303236566,99851,90,53,111,34,36259,18502,0.5484271564631301,60,39,21997,22455,13280,6962,14460,20455,40629,28166,0,0,14429,11301,20116,3116,4728,420,40,0,0,96,40067,1807,3731,0,0,0,0,0
642,3888,643.4973269718407,99851,83,56,111,34,36274,18511,0.5486675145967491,69,37,22055,22512,13213,6931,14467,20428,40675,28229,0,0,14367,11265,20144,3105,4747,423,47,0,0,105,40113,1802,3733,0,0,0,0,0
643,3888,644.0665882449466,99851,78,53,111,34,36279,18514,0.5487476339746222,75,44,22062,22531,13176,6913,14496,20423,40720,28291,0,0,14310,11227,20178,3099,4758,424,49,0,0,112,40161,1794,3739,0,0,0,0,0
644,3888,645.204126285755,99850,84,62,112,34,36297,18529,0.5490836254381573,71,38,22146,22582,13098,6887,14487,20395,40765,28353,0,0,14254,11193,20209,3083,4774,427,55,0,0,119,40203,1789,3744,0,0,0,0,0
645,3888,646.3377304450935,99850,102,64,112,34,36323,18540,0.5494541812719078,57,34,22199,22649,13033,6857,14495,20360,40809,28415,0,0,14193,11154,20244,3076,4783,429,60,0,0,127,40251,1787,3746,0,0,0,0,0
646,3888,647.4680963322564,99850,107,68,112,34,36338,18555,0.5497546319479218,63,35,22248,22710,12968,6833,14500,20318,40853,28476,0,0,14135,11118,20277,3068,4792,433,65,0,0,136,40295,1781,3750,0,0,0,0,0
647,3888,648.0321423428692,99850,105,64,112,34,36349,18557,0.5498848272408613,56,37,22262,22727,12933,6810,14530,20326,40896,28537,0,0,14089,11072,20313,3067,4805,433,67,0,0,141,40334,1768,3761,0,0,0,0,0
648,3888,649.159374124463,99850,101,73,112,34,36363,18571,0.5501652478718078,64,30,22304,22778,12877,6785,14540,20298,40939,28597,0,0,14025,11031,20347,3064,4814,435,73,0,0,147,40386,1766,3762,0,0,0,0,0
649,3888,650.2840986894004,99850,101,72,112,34,36379,18581,0.5504256384576866,69,37,22355,22838,12813,6763,14548,20254,40982,28657,0,0,13975,10992,20376,3055,4831,438,80,0,0,155,40421,1756,3771,0,0,0,0,0
650,3888,651.4062892126134,99850,102,70,112,34,36399,18591,0.5507260891337006,76,34,22388,22896,12766,6746,14554,20218,41024,28717,0,0,13921,10948,20410,3053,4844,440,84,0,0,168,40458,1751,3773,0,0,0,0,0
651,3888,652.5266447159232,99850,108,69,112,34,36419,18600,0.5510165247871808,80,31,22441,22971,12700,6715,14557,20178,41066,28776,0,0,13864,10903,20444,3053,4854,441,87,0,0,177,40503,1749,3775,0,0,0,0,0
652,3888,653.0856480044226,99850,103,72,112,34,36426,18604,0.5511266900350525,83,33,22464,23000,12655,6697,14581,20162,41107,28835,0,0,13820,10862,20480,3045,4868,441,89,0,0,180,40542,1738,3785,0,0,0,0,0
653,3888,654.2026893193795,99850,118,71,112,34,36458,18612,0.5515272909364046,76,34,22534,23060,12582,6670,14576,20129,41148,28893,0,0,13764,10817,20512,3047,4879,442,92,0,0,188,40587,1735,3787,0,0,0,0,0
654,3888,655.3162850532133,99850,120,69,112,34,36480,18623,0.5518577866800201,76,32,22599,23114,12528,6646,14563,20103,41189,28951,0,0,13707,10783,20535,3038,4898,445,100,0,0,200,40624,1731,3789,0,0,0,0,0
655,3888,656.4262797925463,99849,129,70,113,34,36503,18636,0.5522238580256187,80,32,22669,23162,12451,6618,14556,20082,41229,29009,0,0,13654,10753,20558,3024,4919,446,106,0,0,210,40660,1724,3795,0,0,0,0,0
656,3888,657.5328019122351,99849,128,71,113,34,36519,18646,0.5524842512193412,89,36,22692,23209,12412,6603,14564,20045,41269,29066,0,0,13598,10715,20583,3025,4932,447,106,0,0,218,40708,1718,3799,0,0,0,0,0
657,3888,658.085090145327,99849,126,73,113,34,36527,18651,0.5526144478162025,89,36,22703,23234,12378,6586,14589,20035,41309,29123,0,0,13552,10677,20617,3018,4941,450,107,0,0,225,40746,1714,3802,0,0,0,0,0
658,3888,659.1896514500766,99849,141,80,113,34,36558,18669,0.553105188835141,80,36,22764,23296,12331,6558,14569,19994,41348,29180,0,0,13503,10638,20643,3015,4957,452,109,0,0,233,40784,1708,3807,0,0,0,0,0
659,3888,660.2909313981245,99849,134,80,113,34,36574,18676,0.5533355366603572,91,41,22808,23370,12290,6532,14562,19941,41387,29236,0,0,13448,10607,20663,3007,4979,452,111,0,0,244,40825,1703,3810,0,0,0,0,0
660,3888,661.3901695799132,99849,138,75,113,34,36600,18681,0.553646005468257,91,54,22867,23437,12238,6502,14551,19896,41425,29292,0,0,13396,10562,20699,3003,4993,452,120,0,0,256,40856,1700,3812,0,0,0,0,0
661,3888,662.4864465256421,99849,138,81,113,34,36620,18695,0.5539865196446634,88,53,22916,23522,12201,6462,14542,19846,41463,29348,0,0,13341,10523,20727,3004,5005,453,125,0,0,264,40898,1694,3815,0,0,0,0,0
662,3888,663.0332331332378,99849,130,85,113,34,36631,18705,0.5541968372242085,89,47,22919,23545,12180,6442,14567,19845,41501,29403,0,0,13283,10492,20749,3003,5014,455,127,0,0,275,40943,1689,3819,0,0,0,0,0
663,3888,664.1269415949014,99849,138,87,113,34,36659,18720,0.5546274875061342,99,48,22946,23599,12137,6424,14565,19806,41538,29458,0,0,13231,10461,20769,3000,5023,460,130,0,0,290,40977,1681,3827,0,0,0,0,0
664,3888,665.2190862774416,99849,135,86,113,34,36686,18730,0.554998047051047,100,53,22999,23664,12094,6398,14557,19763,41575,29512,0,0,13181,10422,20795,2999,5042,462,134,0,0,304,41009,1676,3825,0,0,0,0,0
665,3888,666.3090053202385,99849,132,85,113,34,36710,18743,0.5553686065959599,110,52,23055,23727,12050,6379,14538,19721,41612,29566,0,0,13136,10381,20825,2989,5062,465,141,0,0,322,41029,1674,3825,0,0,0,0,0
666,3888,667.3961370199817,99849,144,84,113,34,36740,18756,0.5557992568778856,108,54,23103,23782,11999,6366,14531,19678,41648,29620,0,0,13085,10354,20845,2979,5080,467,143,0,0,337,41063,1667,3829,0,0,0,0,0
667,3888,668.480682731371,99849,156,87,113,34,36772,18778,0.5563400735110016,96,41,23142,23836,11963,6360,14528,19640,41684,29673,0,0,13025,10318,20871,2974,5094,469,155,0,0,350,41098,1666,3829,0,0,0,0,0
668,3888,669.0221454126408,99849,160,88,113,34,36786,18783,0.5565303608448757,95,41,23148,23851,11930,6346,14552,19638,41720,29726,0,0,12971,10286,20899,2970,5102,471,158,0,0,353,41146,1664,3829,0,0,0,0,0
669,3888,670.1047271774283,99849,169,83,113,34,36817,18793,0.5569409808811305,96,44,23203,23918,11869,6324,14548,19595,41755,29779,0,0,12919,10252,20924,2965,5113,477,166,0,0,366,41177,1661,3829,0,0,0,0,0
670,3888,671.1848531565626,99849,178,79,113,34,36847,18800,0.5573115404260434,100,49,23252,23972,11815,6304,14540,19560,41790,29831,0,0,12878,10213,20948,2960,5135,477,170,0,0,377,41203,1655,3833,0,0,0,0,0
671,3888,672.2625182250736,99849,176,75,113,34,36877,18809,0.5577021302166271,111,57,23289,24043,11782,6274,14527,19515,41825,29883,0,0,12829,10175,20969,2960,5149,481,175,0,0,396,41228,1651,3836,0,0,0,0,0
672,3888,673.3379384071918,99849,175,86,113,34,36903,18830,0.5581728409898947,122,56,23327,24100,11740,6253,14521,19469,41859,29935,0,0,12779,10144,20989,2956,5161,485,179,0,0,413,41257,1646,3840,0,0,0,0,0
673,3888,674.4114305153881,99848,169,84,113,35,36931,18841,0.5585690249178752,130,56,23374,24171,11696,6226,14516,19426,41893,29986,0,0,12726,10108,21010,2952,5178,488,189,0,0,431,41281,1645,3840,0,0,0,0,0
674,3888,675.4829123300665,99848,181,87,113,35,36981,18857,0.5592300296450605,114,51,23437,24233,11657,6210,14496,19382,41927,30037,0,0,12675,10074,21028,2951,5195,490,195,0,0,455,41302,1639,3844,0,0,0,0,0
675,3888,676.0175301019725,99848,190,84,113,35,36996,18867,0.5594804102235398,113,46,23454,24260,11610,6198,14518,19375,41961,30088,0,0,12632,10048,21049,2940,5210,491,197,0,0,467,41331,1633,3850,0,0,0,0,0
676,3888,677.0856384693807,99848,203,90,113,35,37029,18885,0.5599911866036376,112,47,23506,24299,11558,6193,14506,19334,41994,30138,0,0,12584,10017,21074,2940,5217,493,201,0,0,484,41358,1625,3855,0,0,0,0,0
677,3888,678.1512513551552,99848,195,90,113,35,37059,18895,0.5603917955292044,107,57,23544,24359,11529,6177,14510,19280,42027,30188,0,0,12536,9979,21095,2940,5232,495,208,0,0,504,41379,1619,3861,0,0,0,0,0
678,3888,679.2147518617406,99848,197,83,113,35,37082,18905,0.560722297892797,123,56,23584,24415,11477,6168,14504,19241,42060,30238,0,0,12491,9946,21120,2933,5248,496,214,0,0,525,41397,1615,3863,0,0,0,0,0
679,3888,680.2761273192572,99848,183,93,113,35,37111,18925,0.5612130438266164,120,52,23639,24470,11456,6156,14487,19192,42092,30287,0,0,12441,9907,21140,2933,5267,497,223,0,0,545,41417,1612,3866,0,0,0,0,0
680,3888,681.3356692415472,99848,192,97,113,35,37146,18942,0.5617338354298533,112,46,23695,24531,11409,6140,14477,19149,42124,30336,0,0,12395,9873,21161,2930,5282,501,227,0,0,559,41445,1609,3866,0,0,0,0,0
681,3888,682.392825452934,99848,195,88,113,35,37182,18949,0.5621644900248377,102,53,23754,24594,11368,6117,14466,19111,42156,30385,0,0,12354,9836,21182,2924,5304,502,234,0,0,582,41456,1604,3870,0,0,0,0,0
682,3888,683.4474525018597,99848,189,91,113,35,37209,18966,0.5626051598429613,107,51,23797,24654,11338,6106,14454,19061,42188,30433,0,0,12312,9803,21195,2927,5321,506,237,0,0,600,41477,1595,3875,0,0,0,0,0
683,3888,684.4998464337052,99848,186,90,113,35,37238,18980,0.5630358144379457,110,60,23832,24709,11320,6090,14437,19014,42219,30481,0,0,12267,9770,21218,2927,5335,506,239,0,0,628,41491,1590,3877,0,0,0,0,0
684,3888,685.0251486162518,99848,196,83,113,35,37256,18988,0.5632962102395641,108,58,23841,24719,11290,6089,14450,19014,42250,30529,0,0,12223,9747,21234,2920,5349,508,242,0,0,638,41522,1583,3882,0,0,0,0,0
685,3888,686.0756299957488,99848,194,83,113,35,37282,19001,0.5636868039419918,111,61,23898,24780,11260,6074,14422,18965,42281,30576,0,0,12178,9715,21254,2918,5366,509,248,0,0,655,41544,1577,3884,0,0,0,0,0
686,3888,687.1235870536877,99848,206,77,113,35,37312,19015,0.5641274737601154,108,63,23927,24837,11216,6063,14428,18923,42311,30623,0,0,12133,9682,21277,2920,5370,515,254,0,0,670,41568,1571,3888,0,0,0,0,0
687,3888,688.1700836424396,99848,203,88,113,35,37344,19034,0.5646382501402131,99,57,23965,24887,11196,6036,14422,18895,42341,30670,0,0,12091,9648,21289,2923,5387,517,259,0,0,685,41590,1563,3896,0,0,0,0,0
688,3888,689.2150744273799,99848,190,87,113,35,37366,19046,0.564978767726945,104,58,24011,24940,11172,6023,14408,18855,42371,30717,0,0,12049,9611,21313,2919,5405,519,269,0,0,704,41603,1559,3897,0,0,0,0,0
689,3888,690.2581763246253,99848,195,89,113,35,37392,19061,0.565389391875651,114,52,24060,24993,11121,6011,14395,18818,42401,30763,0,0,12010,9578,21335,2918,5420,522,272,0,0,715,41627,1554,3897,0,0,0,0,0
690,3888,691.2991653092712,99848,193,84,113,35,37425,19068,0.5657900008012179,120,58,24091,25054,11096,5997,14385,18770,42430,30809,0,0,11962,9552,21349,2911,5444,523,281,0,0,733,41648,1550,3895,0,0,0,0,0
691,3888,692.3385377157209,99848,202,82,113,35,37458,19082,0.566260716288759,111,59,24144,25120,11055,5981,14373,18721,42459,30855,0,0,11920,9510,21373,2918,5454,525,289,0,0,746,41669,1547,3897,0,0,0,0,0
692,3888,693.3756187413087,99848,209,89,113,35,37502,19098,0.5668616296771092,98,63,24200,25184,11021,5962,14357,18665,42488,30900,0,0,11870,9478,21393,2920,5466,528,298,0,0,761,41694,1543,3897,0,0,0,0,0
693,3888,694.4105842514268,99848,215,95,113,35,37532,19112,0.5673022994952328,96,62,24250,25230,10983,5937,14341,18639,42517,30945,0,0,11832,9442,21417,2924,5474,529,301,0,0,775,41715,1535,3904,0,0,0,0,0
694,3888,695.4433686531489,99847,207,104,114,35,37553,19133,0.5677286247959378,106,51,24303,25289,10937,5913,14331,18606,42545,30990,0,0,11796,9408,21442,2917,5486,532,309,0,0,794,41724,1530,3909,0,0,0,0,0
695,3888,696.4735926639726,99847,207,100,114,35,37577,19148,0.5681192224102878,104,51,24352,25341,10902,5901,14319,18570,42573,31035,0,0,11753,9385,21456,2912,5498,536,314,0,0,818,41738,1525,3912,0,0,0,0,0
696,3888,697.5019291120752,99847,194,94,114,35,37601,19156,0.5684397127605236,115,56,24388,25389,10877,5885,14310,18539,42601,31079,0,0,11719,9353,21476,2905,5515,544,319,0,0,837,41748,1520,3911,0,0,0,0,0
697,3888,698.0155237520693,99847,203,97,114,35,37616,19164,0.5686700651997556,115,60,24399,25404,10843,5873,14324,18529,42629,31123,0,0,11678,9324,21499,2905,5521,544,319,0,0,842,41784,1518,3913,0,0,0,0,0
698,3888,699.0417626174694,99847,199,97,114,35,37643,19181,0.56911073943133,120,53,24443,25467,10810,5858,14312,18488,42656,31167,0,0,11645,9291,21517,2901,5539,547,326,0,0,864,41788,1511,3918,0,0,0,0,0
699,3888,700.0659619734091,99847,200,92,114,35,37669,19190,0.5694612757519004,124,61,24491,25530,10767,5843,14302,18437,42683,31210,0,0,11612,9259,21532,2896,5559,551,330,0,0,877,41804,1508,3919,0,0,0,0,0
700,3888,701.088325282463,99847,206,92,114,35,37702,19206,0.5699520266006991,122,63,24536,25582,10737,5835,14283,18391,42710,31253,0,0,11577,9229,21549,2893,5573,555,334,0,0,898,41813,1504,3922,0,0,0,0,0
701,3888,702.1087436135592,99847,201,99,114,35,37727,19225,0.5703927008322733,125,63,24571,25627,10711,5822,14276,18352,42737,31296,0,0,11543,9200,21567,2888,5591,556,337,0,0,921,41821,1498,3925,0,0,0,0,0
702,3888,703.1273193318856,99847,207,104,114,35,37757,19241,0.5708534057107374,123,68,24607,25689,10684,5808,14263,18294,42763,31339,0,0,11502,9174,21578,2888,5607,556,339,0,0,936,41845,1492,3930,0,0,0,0,0
703,3888,704.1446078938536,99847,206,109,114,35,37785,19254,0.5712640339719771,131,68,24651,25725,10644,5795,14252,18266,42789,31381,0,0,11469,9144,21595,2887,5621,560,341,0,0,948,41862,1487,3933,0,0,0,0,0
704,3888,705.1600075951745,99846,211,106,115,35,37821,19266,0.5717504957634758,120,67,24685,25771,10621,5790,14246,18229,42815,31423,0,0,11430,9114,21613,2887,5634,562,348,0,0,968,41873,1480,3937,0,0,0,0,0
705,3888,706.1737997786868,99846,220,116,115,35,37856,19285,0.572291328646115,119,62,24726,25817,10593,5776,14225,18192,42841,31465,0,0,11396,9084,21633,2883,5651,562,351,0,0,985,41887,1475,3939,0,0,0,0,0
706,3888,707.1858405234381,99846,221,124,115,35,37883,19307,0.5727820844099913,130,62,24764,25856,10559,5767,14209,18154,42867,31506,0,0,11358,9051,21655,2881,5665,562,359,0,0,1002,41900,1470,3943,0,0,0,0,0
707,3888,708.1962884405377,99846,225,124,115,35,37924,19322,0.5733429481401358,114,68,24814,25904,10537,5755,14193,18112,42892,31547,0,0,11316,9027,21662,2876,5686,565,368,0,0,1022,41913,1465,3946,0,0,0,0,0
708,3888,709.2047658004868,99846,228,114,115,35,37953,19335,0.5737635959377442,112,69,24835,25960,10516,5755,14192,18065,42917,31588,0,0,11285,8992,21687,2872,5702,567,374,0,0,1045,41914,1460,3948,0,0,0,0,0
709,3888,710.2120719680988,99846,221,114,115,35,37980,19352,0.5742042745828576,121,73,24873,26001,10489,5750,14179,18025,42942,31629,0,0,11243,8962,21699,2874,5718,570,379,0,0,1065,41931,1457,3948,0,0,0,0,0
710,3888,711.2179916144697,99845,224,119,116,35,38013,19371,0.5747308327908258,126,76,24916,26046,10457,5740,14159,17982,42967,31669,0,0,11196,8939,21708,2876,5732,572,386,0,0,1080,41955,1453,3948,0,0,0,0,0
711,3888,712.2223352737922,99845,226,112,116,35,38047,19383,0.5751915468976915,132,83,24939,26096,10441,5730,14144,17942,42991,31709,0,0,11161,8912,21717,2872,5757,573,390,0,0,1100,41964,1450,3949,0,0,0,0,0
712,3888,713.2252912123981,99845,232,111,116,35,38079,19402,0.5757023386248685,131,83,24983,26135,10407,5721,14129,17913,43015,31749,0,0,11124,8889,21728,2862,5781,575,398,0,0,1119,41974,1447,3948,0,0,0,0,0
713,3888,714.2266468207471,99845,244,116,116,35,38117,19416,0.576223145876108,134,94,25007,26175,10384,5708,14113,17870,43039,31789,0,0,11086,8867,21744,2856,5794,578,409,0,0,1130,41990,1438,3953,0,0,0,0,0
714,3888,715.2268140444227,99845,250,117,116,35,38146,19439,0.5767439531273474,151,82,25029,26239,10355,5700,14097,17825,43063,31828,0,0,11050,8845,21760,2848,5805,581,416,0,0,1161,41988,1436,3955,0,0,0,0,0
715,3888,716.2258163117342,99845,244,125,116,35,38174,19459,0.5772246982823376,158,85,25079,26280,10330,5690,14071,17783,43087,31867,0,0,11020,8813,21780,2849,5819,583,420,0,0,1180,41995,1427,3959,0,0,0,0,0
716,3888,717.2228452439227,99845,246,119,116,35,38219,19476,0.5778456607742,148,89,25119,26327,10318,5695,14051,17733,43110,31906,0,0,10978,8788,21782,2852,5844,585,426,0,0,1204,42005,1421,3960,0,0,0,0,0
717,3888,718.2182582353371,99845,237,125,116,35,38251,19498,0.578386499073564,150,90,25172,26380,10300,5686,14023,17682,43133,31945,0,0,10935,8762,21790,2853,5860,589,437,0,0,1225,42015,1417,3962,0,0,0,0,0
718,3888,719.2118285046398,99845,229,132,116,35,38288,19526,0.5790375081376133,140,73,25207,26442,10299,5681,14007,17635,43156,31983,0,0,10895,8741,21794,2850,5882,593,444,0,0,1254,42018,1411,3963,0,0,0,0,0
719,3888,720.2040072449967,99845,232,121,116,35,38329,19541,0.5795983774851019,130,75,25225,26487,10300,5683,13995,17597,43179,32021,0,0,10851,8710,21807,2852,5900,595,459,0,0,1277,42024,1406,3964,0,0,0,0,0
720,3888,721.1953799372436,99845,244,124,116,35,38370,19558,0.5801792778807151,122,79,25266,26532,10272,5671,13978,17557,43202,32059,0,0,10819,8678,21826,2856,5911,597,465,0,0,1294,42033,1398,3968,0,0,0,0,0
721,3888,722.1853271341641,99845,238,114,116,35,38401,19573,0.5806399919875808,121,85,25304,26573,10259,5674,13960,17517,43225,32097,0,0,10779,8649,21838,2856,5927,602,476,0,0,1317,42038,1394,3969,0,0,0,0,0
722,3888,723.1739168109343,99845,229,123,116,35,38431,19600,0.5812108768591316,121,69,25346,26606,10248,5671,13938,17494,43247,32134,0,0,10744,8627,21845,2847,5950,606,482,0,0,1342,42042,1391,3969,0,0,0,0,0
723,3888,724.1611202083026,99845,226,123,116,35,38460,19617,0.5816715909659973,121,72,25377,26644,10228,5665,13930,17459,43269,32171,0,0,10707,8608,21850,2840,5973,608,489,0,0,1362,42051,1387,3970,0,0,0,0,0
724,3888,725.1468815018945,99845,206,125,116,35,38486,19633,0.5820922429766138,127,81,25421,26679,10213,5660,13915,17418,43291,32208,0,0,10669,8590,21852,2834,5996,612,498,0,0,1388,42054,1381,3971,0,0,0,0,0
725,3888,726.1311757919592,99845,218,118,116,35,38526,19648,0.5826430968000401,119,88,25457,26719,10199,5662,13889,17376,43313,32245,0,0,10638,8566,21863,2831,6012,617,500,0,0,1413,42058,1378,3969,0,0,0,0,0
726,3888,727.1139767382742,99845,220,132,116,35,38555,19673,0.583183935099404,124,80,25503,26760,10166,5653,13869,17338,43335,32281,0,0,10604,8544,21874,2830,6023,620,507,0,0,1429,42069,1371,3974,0,0,0,0,0
727,3888,728.094957960507,99845,227,130,116,35,38589,19690,0.5836947268265812,118,79,25552,26806,10132,5652,13853,17296,43356,32317,0,0,10580,8517,21883,2826,6043,624,510,0,0,1448,42071,1366,3977,0,0,0,0,0
728,3888,729.0741787331046,99845,211,132,116,35,38612,19706,0.5840853322650108,132,83,25590,26866,10123,5639,13826,17243,43377,32353,0,0,10545,8490,21892,2825,6066,624,515,0,0,1469,42080,1362,3977,0,0,0,0,0
729,3888,730.0518967621902,99845,207,127,116,35,38636,19721,0.5844759377034403,148,82,25617,26910,10090,5640,13820,17204,43398,32389,0,0,10521,8459,21909,2820,6086,626,521,0,0,1491,42076,1358,3978,0,0,0,0,0
730,3888,731.0282787803204,99845,203,121,116,35,38663,19738,0.5849166207621814,149,87,25655,26956,10070,5635,13805,17164,43419,32425,0,0,10478,8433,21924,2822,6097,628,538,0,0,1511,42081,1352,3981,0,0,0,0,0
731,3888,732.0034783955948,99845,198,129,116,35,38695,19763,0.5854875056337323,150,84,25687,27001,10063,5626,13784,17123,43440,32460,0,0,10454,8401,21939,2826,6113,629,538,0,0,1543,42073,1348,3981,0,0,0,0,0
732,3888,733.4637533327658,99845,197,133,116,35,38732,19800,0.5862286544143422,158,73,25745,27083,10037,5622,13745,17052,43461,32495,0,0,10422,8369,21950,2829,6134,631,545,0,0,1575,42065,1343,3982,0,0,0,0,0
733,3888,734.4352726263634,99845,210,150,116,35,38769,19828,0.5868796634783915,158,64,25772,27143,10013,5609,13729,16997,43481,32530,0,0,10396,8339,21967,2828,6148,632,548,0,0,1591,42072,1341,3983,0,0,0,0,0
734,3888,735.4058144934669,99845,221,148,116,35,38809,19848,0.5874805949221293,154,61,25815,27186,9996,5611,13696,16957,43501,32565,0,0,10364,8309,21983,2826,6163,634,559,0,0,1613,42071,1338,3985,0,0,0,0,0
735,3888,736.3744905476882,99845,232,152,116,35,38854,19871,0.5881616505583654,137,58,25857,27226,9983,5605,13673,16922,43521,32599,0,0,10337,8282,21989,2823,6188,634,566,0,0,1635,42069,1332,3990,0,0,0,0,0
736,3888,737.3417809659692,99845,228,148,116,35,38885,19889,0.588652411237418,129,63,25899,27264,9971,5605,13655,16883,43541,32633,0,0,10306,8256,21998,2822,6207,637,575,0,0,1658,42068,1326,3992,0,0,0,0,0
737,3888,738.3077794600788,99845,229,147,116,35,38924,19907,0.589223296108969,123,60,25921,27293,9961,5604,13648,16859,43561,32667,0,0,10274,8230,22001,2824,6226,640,577,0,0,1685,42070,1326,3992,0,0,0,0,0
738,3888,739.2725062229922,99845,228,137,116,35,38958,19920,0.5896940257398968,119,65,25956,27339,9945,5605,13634,16817,43581,32701,0,0,10235,8208,22002,2825,6249,643,586,0,0,1703,42081,1323,3990,0,0,0,0,0
739,3888,740.2364151732854,99845,221,127,116,35,38987,19936,0.5901447243227002,115,71,25992,27384,9933,5607,13621,16774,43600,32735,0,0,10202,8177,22013,2830,6269,643,592,0,0,1729,42079,1321,3990,0,0,0,0,0
740,3888,741.1990014182479,99845,231,126,116,35,39021,19954,0.5906655315739396,114,71,26027,27450,9903,5591,13607,16725,43619,32768,0,0,10175,8153,22030,2822,6286,644,598,0,0,1751,42078,1318,3990,0,0,0,0,0
741,3888,742.160188736513,99845,205,129,116,35,39038,19972,0.59101607491612,134,68,26040,27504,9913,5585,13590,16677,43638,32801,0,0,10143,8130,22029,2825,6312,646,601,0,0,1770,42086,1314,3989,0,0,0,0,0
742,3888,743.120716497454,99844,215,132,116,36,39069,19992,0.5915327911542005,137,64,26082,27551,9888,5569,13560,16646,43657,32834,0,0,10117,8103,22042,2826,6322,650,603,0,0,1787,42092,1313,3989,0,0,0,0,0
743,3888,744.0802480306157,99844,224,125,116,36,39104,20003,0.5919935098754057,131,72,26117,27596,9874,5563,13536,16606,43676,32867,0,0,10078,8087,22044,2823,6336,655,613,0,0,1802,42106,1311,3989,0,0,0,0,0
744,3888,745.0380457185476,99844,225,125,116,36,39125,20020,0.5923741036016186,140,70,26153,27644,9854,5556,13510,16567,43695,32900,0,0,10046,8069,22049,2822,6351,657,615,0,0,1819,42119,1308,3989,0,0,0,0,0
745,3888,746.4719335459246,99844,221,114,116,36,39162,20038,0.5929249629421898,150,78,26229,27728,9826,5546,13456,16496,43714,32932,0,0,10016,8037,22058,2833,6360,663,622,0,0,1851,42110,1302,3992,0,0,0,0,0
746,3888,747.4254508718108,99843,232,109,116,37,39200,20056,0.5934917820978937,144,84,26277,27770,9807,5548,13422,16450,43732,32964,0,0,9986,8013,22065,2836,6375,664,624,0,0,1875,42112,1299,3994,0,0,0,0,0
747,3888,748.3774582641583,99843,228,108,116,37,39230,20071,0.5939424897088429,155,88,26292,27798,9806,5547,13401,16420,43750,32996,0,0,9954,7997,22067,2834,6389,669,627,0,0,1898,42118,1294,3996,0,0,0,0,0
748,3888,749.3284517050488,99843,228,115,116,37,39267,20095,0.5945534489147962,139,73,26317,27834,9807,5541,13391,16398,43768,33028,0,0,9929,7967,22081,2841,6400,674,632,0,0,1919,42117,1287,3996,0,0,0,0,0
749,3888,750.2787382022411,99843,238,114,116,37,39309,20112,0.5951443766713741,115,69,26351,27883,9801,5537,13377,16358,43786,33060,0,0,9899,7952,22079,2836,6418,679,636,0,0,1940,42122,1281,4001,0,0,0,0,0
750,3888,751.2281901314891,99843,229,103,116,37,39336,20121,0.5955049427601334,126,71,26372,27921,9802,5534,13353,16332,43804,33091,0,0,9872,7929,22088,2837,6434,682,640,0,0,1968,42117,1276,4000,0,0,0,0,0
751,3888,752.1766921010102,99843,229,107,116,37,39370,20137,0.5960057289945214,124,66,26415,27952,9789,5525,13325,16311,43822,33122,0,0,9850,7898,22105,2840,6447,684,645,0,0,1988,42114,1271,4001,0,0,0,0,0
752,3888,753.1238183888271,99843,230,102,116,37,39403,20150,0.5964664523301584,119,63,26466,27997,9772,5528,13295,16271,43840,33153,0,0,9825,7871,22118,2840,6458,688,651,0,0,2014,42106,1270,4002,0,0,0,0,0
753,3888,754.0693723557587,99843,231,103,116,37,39435,20165,0.5969371913904831,108,67,26498,28044,9761,5515,13284,16232,43857,33184,0,0,9793,7852,22130,2836,6472,689,658,0,0,2037,42107,1268,4001,0,0,0,0,0
754,3888,755.0136930064151,99843,226,106,116,37,39458,20182,0.5973378203779934,118,71,26535,28097,9736,5497,13267,16190,43874,33215,0,0,9768,7828,22146,2831,6485,691,666,0,0,2056,42104,1264,4004,0,0,0,0,0
755,3888,756.4275604764483,99843,221,107,116,37,39508,20202,0.5980389211061367,105,76,26601,28174,9729,5482,13226,16122,43891,33245,0,0,9738,7799,22147,2835,6517,694,673,0,0,2074,42106,1262,3998,0,0,0,0,0
756,3888,757.3682703723777,99843,203,104,116,37,39528,20220,0.5984195186442715,112,76,26638,28227,9725,5476,13204,16078,43908,33275,0,0,9709,7779,22150,2840,6532,701,675,0,0,2097,42109,1258,3993,0,0,0,0,0
757,3888,758.3077128106033,99843,208,115,116,37,39555,20243,0.5989203048786595,119,69,26666,28273,9703,5468,13186,16036,43925,33305,0,0,9680,7762,22156,2836,6546,703,679,0,0,2112,42119,1256,3994,0,0,0,0,0
758,3888,759.2462151576674,99843,215,109,116,37,39585,20256,0.5993509810402332,120,70,26690,28309,9681,5470,13176,16003,43942,33335,0,0,9657,7736,22166,2836,6562,705,681,0,0,2130,42122,1254,3994,0,0,0,0,0
759,3888,760.1836264131821,99843,220,120,116,37,39613,20274,0.5998117043758702,119,71,26738,28343,9653,5457,13152,15970,43959,33365,0,0,9629,7723,22172,2831,6576,706,683,0,0,2144,42133,1249,3997,0,0,0,0,0
760,3888,761.1194931462308,99843,212,125,116,37,39634,20294,0.6002223490880683,122,77,26791,28365,9631,5452,13126,15942,43975,33394,0,0,9602,7705,22177,2830,6593,708,687,0,0,2164,42135,1247,3995,0,0,0,0,0
761,3888,762.0534728580762,99843,204,128,116,37,39658,20308,0.6006029466262032,146,79,26814,28419,9614,5441,13104,15894,43991,33423,0,0,9572,7688,22180,2828,6612,710,693,0,0,2178,42143,1246,3993,0,0,0,0,0
762,3888,763.4522769602188,99843,218,134,116,37,39703,20335,0.6013240788037219,142,77,26873,28475,9574,5431,13075,15844,44007,33452,0,0,9541,7670,22183,2828,6626,714,699,0,0,2200,42144,1244,3994,0,0,0,0,0
763,3888,764.383051734839,99843,217,132,116,37,39733,20352,0.6017948178640465,145,74,26897,28522,9568,5423,13055,15810,44023,33481,0,0,9516,7648,22184,2833,6643,717,703,0,0,2216,42146,1238,3999,0,0,0,0,0
764,3888,765.3128110106011,99843,223,134,116,37,39771,20370,0.6023556984465611,135,71,26924,28569,9568,5417,13032,15770,44039,33510,0,0,9491,7627,22192,2834,6654,722,706,0,0,2237,42147,1233,4000,0,0,0,0,0
765,3888,766.2417966682029,99843,219,135,116,37,39802,20393,0.6028965475797001,142,70,26939,28608,9560,5422,13022,15726,44055,33539,0,0,9464,7610,22194,2831,6666,730,712,0,0,2261,42143,1228,4004,0,0,0,0,0
766,3888,767.1700559817469,99843,221,125,116,37,39837,20407,0.6033873180894004,130,75,26962,28668,9567,5414,13002,15679,44071,33567,0,0,9440,7589,22196,2831,6686,732,714,0,0,2287,42137,1224,4007,0,0,0,0,0
767,3888,768.0975734511104,99843,228,132,116,37,39871,20427,0.6039281672225394,115,69,27019,28717,9552,5399,12968,15644,44087,33595,0,0,9413,7573,22197,2830,6703,733,719,0,0,2303,42142,1219,4011,0,0,0,0,0
768,3888,769.0237103424547,99843,223,131,116,37,39900,20444,0.6043888905581764,113,70,27049,28750,9542,5398,12955,15612,44103,33623,0,0,9387,7556,22202,2821,6727,734,727,0,0,2324,42138,1215,4012,0,0,0,0,0
769,3888,770.4102945103793,99843,221,135,116,37,39948,20469,0.6051200384603828,116,65,27117,28829,9529,5392,12899,15540,44118,33651,0,0,9365,7531,22205,2824,6749,738,731,0,0,2357,42122,1212,4009,0,0,0,0,0
770,3888,771.3328881622548,99843,219,137,116,37,39981,20485,0.605610808970083,114,69,27140,28852,9522,5385,12887,15518,44133,33679,0,0,9338,7516,22203,2822,6768,743,735,0,0,2374,42127,1209,4008,0,0,0,0,0
771,3888,772.2545834976048,99843,217,131,116,37,40006,20505,0.6060615165810322,114,56,27164,28910,9510,5390,12877,15474,44148,33707,0,0,9317,7496,22206,2821,6785,748,737,0,0,2399,42120,1208,4006,0,0,0,0,0
772,3888,773.1755582048336,99843,210,122,116,37,40033,20517,0.6064521298438549,109,68,27199,28948,9505,5384,12859,15439,44163,33734,0,0,9290,7477,22209,2822,6807,748,742,0,0,2424,42115,1206,4003,0,0,0,0,0
773,3888,774.0955315248129,99843,208,129,116,37,40057,20539,0.6069128531794918,116,59,27232,28983,9492,5380,12834,15410,44178,33761,0,0,9268,7460,22216,2813,6825,752,748,0,0,2438,42116,1203,4004,0,0,0,0,0
774,3888,775.0144492536218,99843,204,125,116,37,40083,20553,0.6073134821670022,125,67,27265,29013,9483,5384,12805,15372,44193,33788,0,0,9247,7444,22222,2807,6843,755,751,0,0,2461,42110,1198,4005,0,0,0,0,0
775,3888,776.3903655640333,99843,217,123,116,37,40121,20575,0.6079144256482678,130,74,27325,29069,9451,5387,12759,15308,44208,33815,0,0,9221,7426,22229,2804,6860,756,758,0,0,2484,42104,1195,4006,0,0,0,0,0
776,3888,777.3059859401307,99843,229,123,116,37,40152,20596,0.6084352433320313,139,60,27352,29128,9424,5387,12738,15263,44223,33842,0,0,9203,7402,22242,2802,6871,758,762,0,0,2508,42094,1194,4007,0,0,0,0,0
777,3888,778.2205191810536,99843,235,123,116,37,40191,20612,0.6089861081898581,126,56,27395,29171,9424,5380,12702,15231,44237,33869,0,0,9175,7381,22247,2805,6880,763,767,0,0,2529,42096,1193,4007,0,0,0,0,0
778,3888,779.1335721499386,99843,241,124,116,37,40227,20623,0.6094568472501828,119,59,27424,29217,9413,5376,12685,15185,44251,33895,0,0,9159,7355,22260,2806,6892,764,768,0,0,2552,42088,1192,4007,0,0,0,0,0
779,3888,780.0457518109857,99843,246,116,116,37,40259,20632,0.609867491962381,130,65,27445,29265,9403,5368,12658,15147,44265,33921,0,0,9130,7339,22265,2804,6905,766,775,0,0,2571,42091,1189,4008,0,0,0,0,0
780,3888,781.4118452946473,99843,250,116,116,37,40303,20654,0.6105285297917731,133,73,27512,29334,9367,5359,12620,15079,44279,33947,0,0,9095,7324,22265,2802,6925,768,789,0,0,2594,42087,1186,4008,0,0,0,0,0
781,3888,782.3206409020798,99843,249,118,116,37,40331,20675,0.6110193003014733,131,67,27545,29382,9356,5355,12601,15039,44293,33973,0,0,9070,7309,22263,2802,6945,771,791,0,0,2610,42091,1183,4008,0,0,0,0,0
782,3888,783.2284328329671,99843,253,116,116,37,40362,20690,0.6114800236371103,134,63,27574,29416,9339,5363,12582,15003,44307,33999,0,0,9043,7297,22258,2802,6966,773,794,0,0,2624,42099,1179,4008,0,0,0,0,0
783,3888,784.1352813424991,99843,245,109,116,37,40390,20702,0.6118806526246207,132,63,27609,29466,9331,5368,12565,14955,44321,34025,0,0,9021,7277,22262,2803,6977,781,797,0,0,2646,42095,1176,4008,0,0,0,0,0
784,3888,785.0410513089748,99843,242,105,116,37,40422,20717,0.6123513916849453,132,66,27638,29496,9321,5376,12549,14918,44335,34050,0,0,8999,7259,22262,2803,6998,784,799,0,0,2669,42090,1175,4005,0,0,0,0,0
785,3888,786.3980378058761,99843,245,104,116,37,40467,20741,0.6130424766884008,130,66,27681,29571,9310,5373,12516,14847,44349,34075,0,0,8971,7243,22253,2798,7026,788,806,0,0,2692,42088,1172,4006,0,0,0,0,0
786,3888,787.3014937523009,99843,253,98,116,37,40497,20754,0.6134731528499745,136,70,27694,29606,9303,5373,12496,14814,44363,34100,0,0,8948,7220,22262,2800,7039,789,811,0,0,2710,42087,1172,4005,0,0,0,0,0
787,3888,788.204307295778,99843,255,98,116,37,40531,20773,0.6140039862584258,129,66,27720,29651,9302,5371,12476,14775,44376,34125,0,0,8921,7201,22266,2799,7058,790,819,0,0,2729,42086,1170,4004,0,0,0,0,0
788,3888,789.1064692786788,99843,247,94,116,37,40551,20783,0.6143044579990585,139,73,27740,29699,9290,5367,12466,14728,44389,34150,0,0,8899,7182,22271,2799,7072,794,824,0,0,2741,42090,1166,4005,0,0,0,0,0
789,3888,790.0079280706387,99843,244,104,116,37,40579,20806,0.6148152599581342,133,63,27783,29758,9278,5354,12444,14682,44402,34175,0,0,8873,7172,22276,2791,7084,797,829,0,0,2769,42083,1166,4003,0,0,0,0,0
790,3888,791.3577116905602,99843,237,107,116,37,40622,20833,0.6155163606862775,131,56,27836,29817,9274,5351,12404,14630,44415,34200,0,0,8838,7153,22278,2790,7101,801,842,0,0,2800,42074,1165,4001,0,0,0,0,0
791,3888,792.2562791494487,99843,232,109,116,37,40653,20848,0.6159770840219144,121,59,27878,29838,9269,5352,12382,14603,44428,34224,0,0,8819,7130,22283,2793,7109,808,847,0,0,2820,42068,1164,4002,0,0,0,0,0
792,3888,793.1536868803378,99843,236,117,116,37,40681,20870,0.6164778702563024,122,53,27895,29878,9258,5353,12371,14560,44441,34248,0,0,8802,7111,22289,2792,7127,808,847,0,0,2839,42065,1163,4000,0,0,0,0,0
793,3888,794.0503653895586,99843,219,118,116,37,40699,20879,0.6167482948228719,133,59,27930,29929,9243,5343,12357,14512,44454,34272,0,0,8780,7095,22294,2789,7138,812,850,0,0,2860,42063,1161,4001,0,0,0,0,0
794,3888,795.3935848483716,99843,225,129,116,37,40740,20906,0.6174293641016396,138,50,27975,30004,9226,5328,12318,14450,44467,34296,0,0,8761,7079,22293,2789,7157,815,852,0,0,2884,42056,1157,4000,0,0,0,0,0
795,3888,796.2875997187231,99843,234,118,116,37,40776,20919,0.6179201346113398,124,51,28002,30055,9218,5337,12304,14400,44480,34320,0,0,8742,7065,22298,2783,7175,817,858,0,0,2909,42044,1151,4001,0,0,0,0,0
796,3888,797.1809126602861,99843,223,117,116,37,40791,20931,0.6181905591779093,134,53,28030,30109,9201,5325,12294,14357,44493,34344,0,0,8721,7048,22306,2778,7190,820,862,0,0,2925,42044,1151,3998,0,0,0,0,0
797,3888,798.0733000765657,99842,224,114,116,38,40820,20944,0.6186174155165161,138,58,28058,30152,9194,5319,12268,14317,44506,34368,0,0,8699,7029,22312,2779,7201,821,868,0,0,2947,42038,1149,3999,0,0,0,0,0
798,3888,799.4100642150189,99842,211,103,116,38,40854,20959,0.6191081909416879,132,60,28122,30215,9191,5315,12226,14267,44518,34391,0,0,8674,7011,22311,2778,7219,824,878,0,0,2987,42013,1148,3999,0,0,0,0,0
799,3888,800.2997400560344,99842,209,105,116,38,40883,20974,0.6195488872418421,124,55,28148,30259,9189,5310,12212,14231,44530,34414,0,0,8655,6997,22312,2768,7245,824,880,0,0,3006,42010,1148,3997,0,0,0,0,0
800,3888,801.1885644986123,99842,218,109,116,38,40913,20986,0.6199695518919893,116,53,28179,30297,9180,5306,12189,14195,44542,34437,0,0,8629,6986,22317,2770,7251,826,883,0,0,3017,42020,1145,3998,0,0,0,0,0
801,3888,802.0765248263177,99842,208,115,116,38,40940,21003,0.6204102481921436,119,50,28212,30332,9179,5300,12164,14163,44554,34460,0,0,8610,6962,22327,2773,7263,830,889,0,0,3035,42014,1144,3995,0,0,0,0,0
802,3888,803.4066856571908,99842,211,114,116,38,40983,21021,0.6210212135173574,123,49,28256,30398,9161,5296,12131,14103,44566,34483,0,0,8592,6951,22321,2770,7286,835,888,0,0,3060,42005,1140,3994,0,0,0,0,0
803,3888,804.2922628388145,99842,209,119,116,38,41020,21034,0.6215220047675327,110,48,28294,30441,9157,5283,12112,14069,44578,34506,0,0,8567,6935,22325,2771,7293,841,895,0,0,3080,42002,1139,3994,0,0,0,0,0
804,3888,805.1767666638068,99842,217,110,116,38,41047,21042,0.6218725586426554,101,50,28331,30483,9139,5284,12094,14033,44590,34529,0,0,8553,6918,22332,2771,7300,844,894,0,0,3105,41992,1137,3996,0,0,0,0,0
805,3888,806.0602478025053,99842,209,111,116,38,41068,21053,0.6221930650427676,102,47,28348,30523,9142,5280,12081,13999,44602,34551,0,0,8533,6904,22336,2769,7314,844,897,0,0,3126,41986,1135,3998,0,0,0,0,0
806,3888,807.3840789088117,99842,216,104,116,38,41107,21070,0.6227539512429638,99,47,28403,30600,9127,5270,12037,13939,44614,34573,0,0,8508,6886,22330,2771,7336,846,901,0,0,3145,41988,1133,3998,0,0,0,0,0
807,3888,808.265201293556,99842,212,98,116,38,41131,21080,0.6230944892930831,104,60,28460,30609,9106,5273,12000,13920,44626,34595,0,0,8489,6869,22336,2771,7342,853,904,0,0,3165,41984,1131,3998,0,0,0,0,0
808,3888,809.1446251887694,99842,191,100,116,38,41147,21093,0.6233849482181847,106,59,28502,30637,9102,5267,11981,13897,44638,34617,0,0,8471,6851,22342,2774,7353,857,906,0,0,3186,41977,1127,3998,0,0,0,0,0
809,3888,810.0229673428066,99842,182,102,116,38,41163,21108,0.6236954387932934,112,58,28541,30671,9090,5264,11957,13865,44649,34639,0,0,8455,6834,22344,2772,7371,858,911,0,0,3199,41974,1123,4001,0,0,0,0,0
810,3888,811.3381580573628,99842,187,108,116,38,41202,21131,0.6243164199435107,104,55,28587,30738,9081,5254,11923,13805,44660,34661,0,0,8441,6819,22346,2772,7387,861,911,0,0,3224,41959,1120,4002,0,0,0,0,0
811,3888,812.213793512818,99841,196,107,117,38,41233,21139,0.624713294137679,96,56,28613,30779,9073,5239,11903,13779,44671,34683,0,0,8422,6801,22354,2774,7396,862,912,0,0,3236,41962,1119,4003,0,0,0,0,0
812,3888,813.088647599237,99841,188,103,117,38,41259,21149,0.6250738674492443,86,52,28655,30830,9068,5236,11884,13739,44682,34705,0,0,8397,6786,22356,2772,7413,863,922,0,0,3255,41956,1118,4003,0,0,0,0,0
813,3888,814.3989419924195,99841,189,100,117,38,41288,21165,0.625524584088701,88,54,28715,30900,9050,5233,11839,13673,44693,34726,0,0,8378,6769,22358,2776,7428,865,927,0,0,3271,41952,1112,4005,0,0,0,0,0
814,3888,815.2710805010224,99841,186,103,117,38,41308,21179,0.6258651255496239,91,47,28757,30945,9031,5217,11816,13648,44704,34747,0,0,8365,6754,22361,2774,7440,868,926,0,0,3288,41948,1111,4006,0,0,0,0,0
815,3888,816.141904744853,99841,180,95,117,38,41324,21185,0.6260854759066916,102,55,28777,30973,9016,5215,11806,13622,44715,34768,0,0,8347,6748,22354,2769,7455,872,924,0,0,3307,41948,1110,4007,0,0,0,0,0
816,3888,817.0118600111947,99841,178,95,117,38,41343,21197,0.6263959695916507,111,57,28806,31002,9007,5211,11779,13595,44726,34789,0,0,8325,6734,22359,2770,7462,875,929,0,0,3319,41951,1108,4009,0,0,0,0,0
817,3888,818.3150376322503,99841,181,89,117,38,41383,21210,0.6269268136336775,97,65,28868,31067,8993,5196,11742,13543,44737,34810,0,0,8303,6717,22358,2771,7482,880,935,0,0,3331,41952,1105,4007,0,0,0,0,0
818,3888,819.1823617251367,99841,179,92,117,38,41406,21227,0.627327450646528,91,58,28902,31101,8979,5194,11730,13515,44748,34831,0,0,8287,6702,22361,2770,7497,882,938,0,0,3347,41947,1102,4008,0,0,0,0,0
819,3888,820.0487660330336,99841,176,91,117,38,41426,21238,0.6276379443314871,95,61,28925,31131,8968,5186,11717,13491,44759,34852,0,0,8271,6690,22362,2770,7505,887,937,0,0,3363,41947,1098,4011,0,0,0,0,0
820,3888,821.3470191577647,99841,175,104,117,38,41459,21262,0.6282088520747989,87,55,28971,31200,8958,5174,11690,13427,44770,34873,0,0,8248,6670,22367,2773,7519,888,943,0,0,3381,41946,1098,4008,0,0,0,0,0
821,3888,822.2113110078913,99841,177,103,117,38,41478,21270,0.6284792820584729,90,64,29001,31244,8944,5159,11669,13390,44781,34893,0,0,8231,6660,22371,2771,7527,889,947,0,0,3396,41944,1093,4012,0,0,0,0,0
822,3888,823.0746984911042,99841,177,100,117,38,41501,21287,0.6288799190713235,101,57,29012,31280,8936,5164,11655,13359,44792,34913,0,0,8212,6645,22375,2773,7542,892,949,0,0,3410,41943,1092,4008,0,0,0,0,0
823,3888,824.368573265463,99841,182,107,117,38,41542,21307,0.6294908905159203,94,44,29071,31342,8921,5156,11613,13311,44802,34933,0,0,8191,6636,22365,2774,7560,894,951,0,0,3433,41939,1088,4010,0,0,0,0,0
824,3888,825.2297826815208,99841,167,103,117,38,41554,21319,0.6297312727236306,105,48,29097,31378,8919,5150,11593,13281,44812,34953,0,0,8175,6622,22366,2773,7574,897,951,0,0,3455,41933,1088,4007,0,0,0,0,0
825,3888,826.0901993657751,99841,175,98,117,38,41579,21329,0.6300818301098747,96,53,29139,31413,8902,5146,11569,13250,44822,34973,0,0,8158,6609,22371,2770,7582,901,953,0,0,3470,41933,1087,4007,0,0,0,0,0
826,3888,827.3788448277675,99841,173,86,117,38,41613,21344,0.6305726104506165,95,52,29184,31482,8883,5159,11546,13181,44832,34993,0,0,8137,6593,22362,2775,7604,905,957,0,0,3492,41926,1085,4005,0,0,0,0,0
827,3888,828.2368892103983,99840,175,91,118,38,41632,21355,0.6308794070512821,101,50,29222,31519,8859,5149,11523,13151,44842,35013,0,0,8124,6577,22368,2774,7614,905,959,0,0,3503,41926,1083,4007,0,0,0,0,0
828,3888,829.0938751305935,99840,176,86,118,38,41656,21361,0.6311798878205128,89,53,29253,31560,8852,5143,11510,13118,44852,35033,0,0,8111,6561,22375,2775,7622,908,958,0,0,3520,41922,1080,4008,0,0,0,0,0
829,3888,830.3775812883141,99840,166,85,118,38,41676,21378,0.6315504807692308,104,52,29302,31635,8839,5129,11469,13059,44862,35053,0,0,8092,6548,22370,2775,7642,909,963,0,0,3539,41916,1076,4010,0,0,0,0,0
830,3888,831.2321049224656,99840,154,83,118,38,41688,21389,0.6317808493589744,108,49,29335,31675,8833,5127,11450,13026,44872,35072,0,0,8073,6536,22371,2777,7652,913,966,0,0,3552,41917,1074,4009,0,0,0,0,0
831,3888,832.0858327437404,99840,156,87,118,38,41705,21400,0.6320612980769231,111,45,29357,31709,8819,5122,11437,12997,44882,35091,0,0,8062,6525,22374,2773,7662,915,964,0,0,3565,41917,1072,4011,0,0,0,0,0
832,3888,833.3650387902688,99840,170,84,118,38,41746,21415,0.6326221955128205,94,39,29399,31748,8809,5127,11408,12962,44892,35110,0,0,8043,6511,22375,2769,7682,917,970,0,0,3580,41913,1072,4008,0,0,0,0,0
833,3888,834.2168810716898,99840,164,82,118,38,41761,21422,0.6328425480769231,95,41,29425,31794,8798,5116,11398,12927,44902,35129,0,0,8023,6501,22379,2770,7688,919,972,0,0,3596,41915,1069,4008,0,0,0,0,0
834,3888,835.0680083692084,99840,163,79,118,38,41780,21430,0.6331129807692307,93,45,29463,31831,8786,5102,11375,12903,44912,35148,0,0,8011,6485,22381,2772,7696,923,972,0,0,3610,41913,1067,4010,0,0,0,0,0
835,3888,836.3428667234671,99840,177,84,118,38,41815,21449,0.6336538461538461,86,38,29506,31885,8767,5094,11344,12859,44922,35167,0,0,7990,6470,22383,2776,7706,925,977,0,0,3622,41917,1065,4009,0,0,0,0,0
836,3888,837.1916653708275,99840,178,84,118,38,41831,21458,0.6339042467948718,95,37,29530,31912,8753,5085,11324,12842,44932,35186,0,0,7976,6460,22386,2772,7720,926,975,0,0,3631,41921,1064,4009,0,0,0,0,0
837,3888,838.0397364432171,99840,170,84,118,38,41849,21465,0.6341546474358974,95,42,29568,31942,8743,5072,11304,12820,44941,35205,0,0,7958,6451,22389,2769,7728,928,976,0,0,3652,41917,1063,4009,0,0,0,0,0
838,3888,839.3098257470369,99840,177,80,118,38,41881,21476,0.6345853365384615,104,42,29622,32012,8722,5060,11255,12766,44950,35224,0,0,7942,6438,22393,2768,7743,929,980,0,0,3670,41909,1061,4007,0,0,0,0,0
839,3888,840.1551035691826,99840,185,79,118,38,41909,21486,0.6349659455128205,93,40,29657,32049,8708,5050,11237,12742,44959,35242,0,0,7927,6428,22392,2766,7751,935,983,0,0,3683,41908,1061,4006,0,0,0,0,0
840,3888,841.4212917121201,99840,176,75,118,38,41936,21498,0.6353565705128205,91,45,29720,32115,8685,5046,11208,12679,44968,35260,0,0,7909,6413,22392,2771,7761,941,987,0,0,3702,41901,1058,4005,0,0,0,0,0
841,3888,842.2639978767683,99840,169,76,118,38,41949,21505,0.6355568910256411,94,49,29759,32150,8672,5033,11186,12652,44977,35278,0,0,7892,6404,22393,2770,7772,941,988,0,0,3715,41904,1056,4005,0,0,0,0,0
842,3888,843.1057334128784,99840,164,74,118,38,41972,21512,0.6358573717948718,91,56,29804,32182,8659,5028,11162,12620,44986,35296,0,0,7881,6391,22392,2771,7783,943,986,0,0,3736,41896,1052,4009,0,0,0,0,0
843,3888,844.3659736999306,99840,162,79,118,38,42000,21533,0.636348157051282,88,50,29861,32231,8648,5026,11121,12574,44995,35314,0,0,7869,6374,22387,2772,7806,945,988,0,0,3749,41890,1051,4009,0,0,0,0,0
844,3888,845.2047200481162,99840,165,75,118,38,42025,21540,0.6366686698717948,84,51,29893,32273,8633,5020,11105,12541,45004,35332,0,0,7855,6365,22384,2772,7817,950,988,0,0,3761,41890,1049,4009,0,0,0,0,0
845,3888,846.0427036179908,99840,163,76,118,38,42038,21552,0.6369190705128205,97,55,29927,32314,8613,5013,11080,12502,45013,35350,0,0,7843,6351,22392,2770,7825,953,990,0,0,3772,41888,1048,4008,0,0,0,0,0
846,3888,847.2977008308989,99840,165,82,118,38,42069,21572,0.6374298878205128,99,47,29966,32382,8600,5003,11050,12446,45022,35368,0,0,7825,6339,22392,2773,7837,954,990,0,0,3794,41882,1046,4008,0,0,0,0,0
847,3888,848.1333974026518,99840,170,81,118,38,42091,21578,0.6377103365384615,96,54,29994,32404,8580,4989,11040,12432,45031,35386,0,0,7812,6332,22390,2768,7855,955,990,0,0,3800,41886,1044,4008,0,0,0,0,0
848,3888,849.3853961735705,99840,183,75,118,38,42128,21592,0.6382211538461539,83,58,30038,32453,8571,4987,11005,12387,45040,35404,0,0,7800,6322,22389,2762,7874,958,991,0,0,3821,41875,1042,4006,0,0,0,0,0
849,3888,850.2189332581172,99840,172,79,118,38,42138,21605,0.6384515224358974,91,57,30078,32486,8554,4981,10985,12357,45049,35421,0,0,7785,6308,22391,2764,7884,960,995,0,0,3832,41875,1040,4006,0,0,0,0,0
850,3888,851.051615697297,99840,170,78,118,38,42155,21613,0.6387019230769231,88,62,30110,32508,8544,4973,10968,12339,45058,35438,0,0,7776,6291,22402,2761,7892,962,997,0,0,3845,41869,1037,4008,0,0,0,0,0
851,3888,852.2988777117039,99840,175,84,118,38,42184,21628,0.6391426282051282,85,79,30163,32557,8524,4951,10933,12289,45067,35455,0,0,7766,6278,22403,2763,7902,964,997,0,0,3862,41862,1032,4011,0,0,0,0,0
852,3888,853.1290534158402,99840,175,93,118,38,42201,21650,0.6395332532051282,96,67,30184,32584,8521,4945,10904,12271,45076,35472,0,0,7749,6270,22403,2762,7909,967,1002,0,0,3876,41860,1028,4014,0,0,0,0,0
853,3888,854.3729045912107,99840,168,94,118,38,42226,21666,0.6399439102564103,98,65,30229,32630,8506,4943,10879,12228,45085,35489,0,0,7729,6261,22401,2760,7924,970,1006,0,0,3897,41855,1027,4010,0,0,0,0,0
854,3888,855.2011933306546,99840,165,96,118,38,42239,21676,0.6401742788461539,103,69,30251,32653,8496,4942,10865,12200,45094,35506,0,0,7717,6249,22408,2758,7931,971,1008,0,0,3913,41849,1026,4010,0,0,0,0,0
855,3888,856.0289012700139,99840,166,103,118,38,42261,21691,0.6405448717948717,102,64,30285,32680,8483,4933,10844,12180,45102,35523,0,0,7704,6234,22415,2759,7937,973,1010,0,0,3929,41844,1026,4009,0,0,0,0,0
856,3888,857.2686291013574,99840,172,91,118,38,42297,21707,0.6410657051282052,93,62,30334,32735,8468,4940,10813,12132,45110,35540,0,0,7689,6220,22414,2762,7952,975,1013,0,0,3959,41823,1024,4009,0,0,0,0,0
857,3888,858.0939787306509,99840,173,92,118,38,42324,21721,0.6414763621794872,84,59,30365,32785,8471,4934,10787,12090,45118,35557,0,0,7677,6204,22417,2763,7957,982,1016,0,0,3974,41817,1022,4011,0,0,0,0,0
858,3888,859.3306483694963,99840,168,89,118,38,42348,21737,0.6418770032051282,80,56,30411,32841,8465,4930,10756,12044,45126,35574,0,0,7664,6187,22416,2768,7975,985,1019,0,0,3988,41812,1018,4008,0,0,0,0,0
859,3888,860.154135222924,99840,167,84,118,38,42366,21746,0.642147435897436,90,56,30434,32874,8453,4925,10736,12021,45134,35591,0,0,7646,6177,22417,2767,7987,985,1024,0,0,4004,41808,1017,4008,0,0,0,0,0
860,3888,861.3881356996011,99839,165,80,118,39,42391,21761,0.6425545127655525,90,56,30488,32912,8432,4924,10705,11987,45142,35607,0,0,7630,6165,22414,2766,8002,987,1029,0,0,4023,41799,1016,4008,0,0,0,0,0
861,3888,862.2096918131389,99839,162,77,118,39,42408,21769,0.6428049159146225,90,55,30525,32944,8418,4919,10685,11964,45150,35623,0,0,7611,6155,22409,2767,8019,987,1033,0,0,4032,41805,1016,4005,0,0,0,0,0
862,3888,863.0302871590723,99839,170,82,118,39,42436,21782,0.6432155770790974,90,53,30551,32978,8401,4904,10668,11942,45158,35639,0,0,7596,6148,22406,2767,8033,988,1033,0,0,4042,41809,1014,4003,0,0,0,0,0
863,3888,864.259532162929,99839,167,88,118,39,42466,21797,0.6436663027474233,82,61,30596,33033,8397,4887,10638,11890,45166,35655,0,0,7582,6137,22405,2767,8043,995,1033,0,0,4057,41806,1014,4000,0,0,0,0,0
864,3888,865.0779362033015,99839,155,89,118,39,42475,21812,0.6439066897705306,90,55,30643,33074,8379,4882,10613,11859,45174,35671,0,0,7571,6129,22404,2765,8052,999,1035,0,0,4075,41797,1010,4002,0,0,0,0,0
865,3888,866.3034641015622,99839,163,83,118,39,42501,21821,0.6442572541792285,82,66,30716,33124,8347,4873,10572,11813,45182,35687,0,0,7564,6115,22406,2760,8070,1001,1037,0,0,4088,41788,1010,4000,0,0,0,0,0
866,3888,867.118923609098,99839,156,88,118,39,42514,21832,0.6444976412023358,92,64,30733,33157,8340,4866,10559,11784,45190,35703,0,0,7551,6102,22411,2763,8076,1004,1038,0,0,4098,41790,1008,3998,0,0,0,0,0
867,3888,868.3408502349164,99839,164,77,118,39,42550,21842,0.6449583829966246,89,66,30778,33222,8332,4853,10517,11741,45198,35719,0,0,7544,6088,22412,2763,8088,1008,1038,0,0,4128,41767,1006,3997,0,0,0,0,0
868,3888,869.1544991519442,99839,162,79,118,39,42569,21851,0.645238834523583,88,67,30801,33244,8325,4847,10504,11722,45206,35735,0,0,7536,6074,22419,2763,8099,1009,1038,0,0,4142,41760,1004,3995,0,0,0,0,0
869,3888,870.3737436770103,99839,160,80,118,39,42597,21870,0.6457095924438345,89,63,30842,33297,8315,4845,10474,11674,45214,35751,0,0,7518,6058,22418,2770,8112,1012,1040,0,0,4156,41757,1004,3994,0,0,0,0,0
870,3888,871.1856601838263,99839,160,94,118,39,42613,21887,0.646040124600607,95,54,30857,33336,8305,4829,10463,11646,45222,35767,0,0,7508,6047,22422,2766,8123,1013,1040,0,0,4165,41758,1004,3993,0,0,0,0,0
871,3888,872.4027299091028,99839,155,91,118,39,42640,21897,0.6464107212612306,102,56,30885,33386,8297,4819,10441,11607,45230,35783,0,0,7493,6035,22424,2765,8128,1022,1045,0,0,4183,41749,1004,3991,0,0,0,0,0
872,3888,873.2134804500884,99839,151,95,118,39,42658,21910,0.6467212211660773,102,53,30911,33408,8299,4813,10417,11590,45238,35798,0,0,7480,6028,22421,2761,8141,1025,1048,0,0,4194,41746,1002,3993,0,0,0,0,0
873,3888,874.0235104627694,99839,157,91,118,39,42680,21921,0.6470517533228498,101,52,30922,33428,8293,4815,10407,11573,45246,35813,0,0,7468,6019,22422,2756,8155,1027,1050,0,0,4207,41741,1002,3992,0,0,0,0,0
874,3888,875.237707732571,99838,159,90,119,39,42715,21942,0.6476191430116789,93,49,30969,33466,8286,4823,10372,11531,45254,35828,0,0,7453,6005,22416,2762,8176,1027,1055,0,0,4228,41728,997,3991,0,0,0,0,0
875,3888,876.0463342033325,99838,166,93,119,39,42737,21951,0.647929646026563,86,56,30998,33500,8278,4811,10351,11499,45261,35843,0,0,7439,5995,22419,2763,8181,1030,1056,0,0,4235,41733,997,3990,0,0,0,0,0
876,3888,877.257845533182,99838,167,88,119,39,42762,21965,0.6483202788517398,83,55,31051,33544,8255,4810,10323,11462,45268,35858,0,0,7425,5981,22421,2761,8197,1031,1062,0,0,4251,41723,996,3990,0,0,0,0,0
877,3888,878.064388210885,99838,175,87,119,39,42783,21976,0.6486407980929105,79,54,31079,33568,8241,4810,10305,11440,45275,35873,0,0,7410,5973,22424,2758,8204,1033,1065,0,0,4262,41723,995,3991,0,0,0,0,0
878,3888,879.2725586970872,99838,167,95,119,39,42799,21997,0.6490113984655141,87,59,31133,33609,8226,4794,10266,11402,45282,35888,0,0,7403,5962,22422,2753,8226,1033,1065,0,0,4277,41713,994,3990,0,0,0,0,0
879,3888,880.0768660848465,99838,159,90,119,39,42812,22004,0.6492117229912459,93,67,31161,33639,8219,4791,10247,11372,45289,35903,0,0,7399,5955,22419,2747,8239,1039,1064,0,0,4294,41700,993,3989,0,0,0,0,0
880,3888,881.2818688409046,99838,161,98,119,39,42843,22025,0.6497325667581482,89,54,31223,33685,8194,4783,10212,11339,45296,35918,0,0,7386,5941,22415,2746,8258,1041,1069,0,0,4306,41696,991,3989,0,0,0,0,0
881,3888,882.0839822577302,99838,161,100,119,39,42861,22034,0.650003004867886,92,55,31254,33722,8180,4775,10192,11307,45303,35933,0,0,7374,5930,22419,2747,8264,1043,1070,0,0,4319,41694,990,3988,0,0,0,0,0
882,3888,883.2854163793747,99838,166,102,119,39,42893,22053,0.6505138324085018,86,52,31312,33766,8157,4763,10158,11276,45310,35948,0,0,7363,5919,22417,2748,8281,1045,1069,0,0,4336,41685,989,3986,0,0,0,0,0
883,3888,884.0852120713163,99838,159,102,119,39,42912,22063,0.6508043029708127,82,49,31354,33799,8149,4760,10135,11249,45317,35963,0,0,7350,5913,22412,2743,8298,1046,1071,0,0,4352,41678,988,3987,0,0,0,0,0
884,3888,885.2831418084461,99838,161,105,119,39,42939,22081,0.651255033153709,87,46,31398,33849,8129,4752,10104,11207,45324,35977,0,0,7340,5904,22411,2737,8313,1050,1075,0,0,4369,41666,987,3986,0,0,0,0,0
885,3888,886.0807170088275,99838,162,103,119,39,42955,22087,0.6514753901320138,83,51,31425,33880,8118,4751,10091,11174,45331,35991,0,0,7327,5899,22412,2736,8319,1051,1075,0,0,4383,41665,983,3988,0,0,0,0,0
886,3888,887.2757381142834,99838,157,95,119,39,42973,22098,0.6517658606943249,98,47,31460,33916,8104,4758,10060,11143,45338,36005,0,0,7316,5889,22412,2734,8332,1053,1078,0,0,4405,41650,981,3988,0,0,0,0,0
887,3888,888.0716255281733,99838,168,95,119,39,42998,22107,0.6521064123880687,90,47,31482,33940,8094,4751,10045,11126,45345,36019,0,0,7309,5885,22412,2730,8342,1055,1076,0,0,4421,41643,979,3986,0,0,0,0,0
888,3888,889.2642826859856,99838,179,91,119,39,43037,22121,0.6526372723812577,82,47,31524,33979,8082,4753,10012,11089,45352,36033,0,0,7300,5874,22412,2729,8354,1060,1078,0,0,4442,41627,977,3985,0,0,0,0,0
889,3888,890.0585396569592,99838,175,81,119,39,43050,22128,0.6528375969069893,86,55,31540,34000,8082,4761,9996,11062,45359,36047,0,0,7284,5865,22410,2733,8362,1062,1080,0,0,4459,41624,976,3983,0,0,0,0,0
890,3888,891.2491032197574,99838,178,85,119,39,43081,22146,0.6533283919950319,76,50,31581,34050,8071,4753,9973,11021,45366,36061,0,0,7275,5856,22409,2730,8377,1064,1080,0,0,4481,41608,975,3983,0,0,0,0,0
891,3888,892.0418986240206,99838,174,77,119,39,43093,22154,0.6535287165207636,82,51,31603,34076,8062,4752,9958,11003,45373,36075,0,0,7265,5842,22416,2731,8381,1067,1085,0,0,4497,41596,974,3984,0,0,0,0,0
892,3888,893.2302586429117,99838,160,86,119,39,43118,22170,0.6539393817985136,74,50,31634,34124,8070,4733,9941,10966,45380,36089,0,0,7246,5835,22410,2733,8397,1068,1092,0,0,4514,41589,970,3984,0,0,0,0,0
893,3888,894.021897597333,99838,159,89,119,39,43134,22182,0.6542198361345379,72,46,31663,34144,8060,4733,9925,10947,45387,36103,0,0,7231,5829,22408,2734,8404,1071,1092,0,0,4523,41593,969,3984,0,0,0,0,0
894,3888,895.2082059415632,99838,155,84,119,39,43159,22193,0.654580420280855,75,45,31702,34182,8049,4735,9898,10913,45394,36117,0,0,7215,5821,22403,2733,8418,1074,1095,0,0,4542,41585,969,3983,0,0,0,0,0
895,3888,896.3931272372998,99838,166,91,119,39,43196,22213,0.6551513451791903,71,39,31741,34229,8030,4728,9871,10872,45401,36131,0,0,7204,5812,22396,2736,8426,1080,1095,0,0,4560,41578,967,3984,0,0,0,0,0
896,3888,897.1821869102631,99838,146,93,119,39,43202,22221,0.6552915723472025,79,38,31762,34262,8031,4721,9861,10845,45408,36145,0,0,7188,5807,22394,2737,8433,1084,1098,0,0,4572,41578,963,3984,0,0,0,0,0
897,3888,898.3648594144687,99837,143,86,120,39,43226,22232,0.6556487073930507,79,40,31801,34305,8018,4715,9837,10813,45415,36159,0,0,7175,5798,22388,2734,8455,1086,1102,0,0,4586,41570,962,3981,0,0,0,0,0
898,3888,899.1526119107406,99836,137,78,121,39,43240,22239,0.6558656196161705,84,44,31823,34335,8016,4716,9817,10786,45421,36172,0,0,7161,5791,22387,2731,8464,1088,1105,0,0,4605,41561,962,3981,0,0,0,0,0
899,3888,900.3331574246747,99836,145,75,121,39,43260,22244,0.656116030289675,100,74,31838,34360,8009,4700,9785,10750,45421,36172,0,0,7161,5788,22383,2735,8468,1089,1105,0,0,4615,41551,961,3980,0,0,0,0,0
900,3888,900.3331574246747,99836,144,81,121,39,43267,22253,0.656276293120718,101,73,31856,34379,8003,4688,9773,10738,45421,36172,0,0,7159,5788,22382,2735,8471,1089,1105,2,6,4613,41545,961,3980,0,0,0,0,0
901,3888,901.1193540735737,99836,149,90,121,39,43293,22272,0.6567270323330262,96,69,31890,34413,8000,4678,9742,10709,45421,36172,0,0,7154,5785,22374,2739,8479,1089,1105,7,20,4613,41531,960,3980,0,0,0,0,0
902,3888,902.2969999501722,99836,149,102,121,39,43323,22297,0.6572779358147361,101,67,31943,34461,7987,4676,9697,10653,45421,36172,0,0,7148,5782,22365,2741,8488,1092,1103,13,37,4613,41514,960,3980,0,0,0,0,0
903,3888,903.0810155471273,99836,145,104,121,39,43333,22313,0.6575383629151809,110,61,31981,34500,7971,4675,9670,10619,45421,36172,0,0,7145,5781,22358,2742,8497,1092,1103,16,51,4613,41500,959,3979,0,0,0,0,0
904,3888,904.2551772692057,99836,160,99,121,39,43368,22328,0.65803918426219,112,67,32020,34561,7958,4668,9627,10564,45421,36172,0,0,7141,5778,22349,2745,8505,1095,1102,20,69,4613,41482,959,3978,0,0,0,0,0
905,3888,905.0370421501266,99836,174,100,121,39,43392,22336,0.6583597099242758,115,65,32048,34588,7940,4667,9600,10539,45421,36172,0,0,7139,5777,22345,2747,8510,1095,1102,22,77,4613,41474,958,3977,0,0,0,0,0
906,3888,906.2082485478762,99836,168,103,121,39,43424,22355,0.6588705476982251,114,69,32090,34639,7943,4662,9562,10486,45421,36172,0,0,7134,5770,22335,2753,8524,1099,1102,27,95,4613,41456,957,3971,0,0,0,0,0
907,3888,907.3780248993226,99836,183,104,121,39,43460,22377,0.6594515004607556,107,64,32122,34682,7936,4662,9529,10447,45421,36172,0,0,7128,5766,22328,2759,8536,1100,1101,33,110,4611,41441,956,3967,0,0,0,0,0
908,3888,908.1571615724321,99836,197,105,121,39,43485,22389,0.6598221082575424,104,68,32146,34716,7923,4663,9507,10407,45421,36172,0,0,7124,5766,22325,2757,8541,1102,1101,37,119,4610,41432,956,3966,0,0,0,0,0
909,3888,909.3246768380917,99836,193,116,121,39,43512,22411,0.6603129131776113,120,65,32176,34753,7916,4659,9472,10366,45421,36172,0,0,7119,5760,22317,2765,8552,1103,1100,42,135,4608,41416,955,3964,0,0,0,0,0
910,3888,910.1021481418611,99836,193,121,121,39,43535,22424,0.6606735045474579,123,70,32214,34782,7910,4657,9437,10329,45421,36172,0,0,7117,5756,22311,2767,8559,1105,1100,44,149,4607,41402,955,3964,0,0,0,0,0
911,3888,911.266788433078,99836,212,127,121,39,43584,22449,0.6614147201410313,112,66,32260,34818,7906,4654,9387,10294,45421,36172,0,0,7112,5751,22299,2772,8570,1110,1098,49,165,4607,41386,955,3962,0,0,0,0,0
912,3888,912.0421353044215,99836,218,128,121,39,43610,22462,0.6618053607916984,116,70,32284,34857,7898,4647,9361,10257,45421,36172,0,0,7112,5748,22294,2776,8574,1114,1097,49,181,4605,41370,955,3961,0,0,0,0,0
913,3888,913.2040424216658,99836,208,125,121,39,43641,22477,0.6622661164309468,135,82,32327,34883,7893,4652,9314,10217,45421,36172,0,0,7105,5739,22281,2784,8588,1117,1097,56,203,4603,41348,955,3960,0,0,0,0,0
914,3888,914.3643105100239,99836,221,120,121,39,43684,22497,0.6628971513281782,136,84,32373,34915,7880,4660,9267,10180,45421,36172,0,0,7102,5735,22274,2786,8594,1123,1097,59,232,4603,41319,954,3958,0,0,0,0,0
915,3888,915.1367236349573,99836,226,129,121,39,43711,22519,0.6633879562482471,139,80,32398,34932,7877,4661,9237,10157,45421,36172,0,0,7098,5732,22269,2788,8602,1124,1097,63,249,4602,41302,954,3956,0,0,0,0,0
916,3888,916.2940608564938,99836,222,138,121,39,43755,22543,0.6640690732801795,140,84,32420,34966,7892,4661,9203,10110,45421,36172,0,0,7092,5728,22250,2796,8620,1129,1096,69,270,4601,41281,951,3953,0,0,0,0,0
917,3888,917.0650395577967,99836,215,128,121,39,43777,22551,0.6643695660883849,159,94,32448,34986,7894,4665,9161,10086,45421,36172,0,0,7087,5726,22242,2797,8628,1132,1096,74,296,4600,41255,951,3952,0,0,0,0,0
918,3888,918.2203466110419,99836,219,130,121,39,43821,22578,0.6650807324011379,165,88,32479,35014,7909,4674,9105,10053,45421,36172,0,0,7083,5718,22225,2806,8648,1135,1094,78,320,4598,41231,951,3949,0,0,0,0,0
919,3888,919.374370475326,99836,231,125,121,39,43876,22601,0.665862013702472,166,81,32491,35053,7915,4687,9074,10013,45421,36172,0,0,7075,5717,22208,2810,8662,1143,1094,86,349,4598,41202,948,3944,0,0,0,0,0
920,3888,920.1434127591243,99836,249,119,121,39,43913,22611,0.6663327857686606,165,95,32493,35079,7913,4691,9057,9975,45421,36172,0,0,7072,5716,22202,2811,8668,1146,1094,89,368,4596,41183,948,3943,0,0,0,0,0
921,3888,921.2965160500685,99836,252,120,121,39,43962,22637,0.6670840177891743,171,93,32534,35131,7923,4692,8997,9923,45421,36172,0,0,7068,5710,22187,2815,8682,1153,1094,93,401,4595,41150,948,3940,0,0,0,0,0
922,3888,922.0643995401656,99836,252,124,121,39,43990,22657,0.667564806282303,172,91,32563,35151,7926,4694,8964,9899,45421,36172,0,0,7060,5710,22179,2817,8690,1157,1093,101,418,4592,41133,947,3939,0,0,0,0,0
923,3888,923.2151237940905,99836,264,139,121,39,44043,22685,0.6683761368644577,161,91,32576,35186,7938,4686,8938,9857,45421,36172,0,0,7055,5706,22167,2820,8710,1158,1093,106,439,4591,41112,946,3933,0,0,0,0,0
924,3888,924.365176552414,99836,268,136,121,39,44082,22714,0.66905725389639,176,97,32599,35211,7940,4696,8894,9819,45421,36172,0,0,7049,5702,22151,2823,8730,1162,1093,112,465,4589,41085,944,3931,0,0,0,0,0
925,3888,925.1312688837185,99836,273,134,121,39,44112,22731,0.6695280259625787,195,105,32608,35241,7938,4699,8863,9780,45421,36172,0,0,7043,5699,22146,2826,8735,1167,1093,118,485,4588,41065,944,3927,0,0,0,0,0
926,3888,926.2794797992344,99835,290,155,122,39,44166,22765,0.6704161867080684,183,99,32640,35271,7941,4699,8822,9735,45421,36172,0,0,7038,5696,22135,2828,8746,1171,1093,123,506,4584,41044,944,3927,0,0,0,0,0
927,3888,927.0442232259999,99835,284,145,122,39,44199,22779,0.6708869634897581,191,104,32660,35296,7953,4706,8788,9708,45421,36172,0,0,7034,5692,22122,2830,8767,1173,1093,127,535,4581,41015,943,3923,0,0,0,0,0
928,3888,928.1904394458045,99835,291,149,122,39,44246,22807,0.6716382030350078,199,110,32691,35321,7949,4717,8746,9662,45421,36172,0,0,7029,5689,22107,2835,8784,1175,1093,132,568,4578,40982,941,3922,0,0,0,0,0
929,3888,929.3354579635693,99835,283,158,122,39,44296,22841,0.6724795913256874,208,103,32706,35356,7965,4717,8714,9625,45421,36172,0,0,7022,5682,22090,2842,8803,1181,1092,139,604,4575,40946,940,3919,0,0,0,0,0
930,3888,930.0984677799497,99835,292,165,122,39,44332,22866,0.6730905994891571,210,103,32725,35373,7969,4727,8680,9591,45421,36172,0,0,7017,5676,22079,2845,8817,1182,1092,144,622,4575,40928,940,3918,0,0,0,0,0
931,3888,931.2420455546622,99835,311,164,122,39,44390,22896,0.6739720538889167,200,108,32751,35396,7966,4741,8648,9550,45421,36172,0,0,7011,5674,22056,2849,8839,1187,1090,149,649,4573,40901,940,3917,0,0,0,0,0
932,3888,932.0038411027107,99834,293,170,123,39,44421,22920,0.6745297193340946,210,113,32780,35415,7987,4744,8605,9517,45421,36172,0,0,7004,5670,22042,2853,8852,1192,1090,156,679,4572,40871,937,3916,0,0,0,0,0
933,3888,933.1453483656763,99834,303,178,123,39,44479,22961,0.6755213654666746,203,101,32808,35439,7999,4766,8562,9475,45421,36172,0,0,6999,5666,22027,2857,8871,1196,1090,161,720,4570,40829,934,3914,0,0,0,0,0
934,3888,934.2858761767053,99833,307,166,124,39,44529,22984,0.6762593531197099,220,114,32823,35472,8006,4779,8518,9428,45421,36172,0,0,6995,5662,22005,2862,8899,1198,1088,164,756,4567,40793,931,3913,0,0,0,0,0
935,3888,935.0457740191249,99833,317,173,124,39,44564,23010,0.6768703735237848,227,117,32830,35490,8015,4783,8485,9396,45421,36172,0,0,6991,5660,21995,2865,8911,1201,1088,168,774,4566,40775,929,3910,0,0,0,0,0
936,3888,936.1849816160861,99833,331,171,124,39,44630,23039,0.6778219626776717,220,126,32853,35513,8028,4796,8442,9353,45421,36172,0,0,6987,5657,21978,2865,8937,1203,1087,172,817,4562,40732,927,3909,0,0,0,0,0
937,3888,937.3234308483949,99833,338,183,124,39,44697,23081,0.6789137860226578,233,134,32842,35526,8056,4803,8405,9313,45421,36172,0,0,6977,5652,21957,2865,8968,1207,1087,182,852,4559,40697,926,3904,0,0,0,0,0
938,3888,938.0822510775446,99831,338,184,126,39,44731,23109,0.6795484368582905,254,127,32855,35552,8054,4818,8371,9278,45421,36172,0,0,6970,5648,21945,2871,8985,1211,1083,188,872,4555,40676,926,3901,0,0,0,0,0
939,3888,939.2197725393592,99831,354,200,126,39,44807,23149,0.6807104005769751,237,117,32877,35574,8074,4816,8330,9252,45421,36172,0,0,6956,5644,21924,2875,9009,1215,1081,202,901,4553,40647,924,3900,0,0,0,0,0
940,3888,940.3563681793393,99831,366,215,126,39,44878,23187,0.6818022457953942,253,118,32880,35597,8088,4822,8285,9207,45421,36172,0,0,6948,5637,21907,2881,9034,1218,1080,210,935,4549,40613,923,3896,0,0,0,0,0
941,3888,941.113687088362,99831,381,210,126,39,44932,23209,0.6825635323697048,243,123,32909,35606,8086,4839,8253,9181,45421,36172,0,0,6943,5634,21894,2886,9050,1223,1078,215,963,4546,40585,921,3893,0,0,0,0,0
942,3888,942.2488830582333,99831,396,207,126,39,45009,23242,0.6836653945167332,243,119,32925,35636,8097,4862,8211,9135,45421,36172,0,0,6937,5628,21870,2891,9086,1226,1077,221,1004,4540,40543,920,3888,0,0,0,0,0
943,3888,943.0051990101914,99831,393,209,126,39,45050,23269,0.684346545662169,254,117,32934,35656,8113,4873,8178,9104,45421,36172,0,0,6930,5621,21856,2899,9105,1229,1076,228,1031,4538,40515,919,3884,0,0,0,0,0
944,3888,944.1392052284818,99831,393,225,126,39,45122,23314,0.685518526309463,272,107,32930,35686,8140,4876,8137,9065,45421,36172,0,0,6919,5616,21837,2902,9125,1239,1076,239,1072,4534,40474,916,3882,0,0,0,0,0
945,3888,945.2730062155974,99831,407,216,126,39,45207,23345,0.6866804900281476,274,123,32926,35696,8171,4895,8094,9029,45421,36172,0,0,6910,5611,21813,2904,9154,1251,1074,248,1111,4529,40433,916,3877,0,0,0,0,0
946,3888,946.0287315978393,99831,412,217,126,39,45260,23371,0.6874718273882862,280,131,32924,35701,8195,4908,8061,9002,45421,36172,0,0,6905,5601,21792,2912,9174,1256,1074,253,1138,4529,40406,915,3876,0,0,0,0,0
947,3888,947.1623496806469,99831,434,228,126,39,45345,23412,0.6887339603930642,286,128,32923,35724,8218,4916,8011,8963,45421,36172,0,0,6898,5592,21774,2914,9195,1264,1074,260,1177,4528,40367,915,3873,0,0,0,0,0
948,3888,948.2955372656704,99830,423,230,127,39,45415,23458,0.6899028348191927,300,115,32929,35752,8250,4939,7969,8923,45421,36172,0,0,6884,5583,21749,2922,9214,1275,1073,274,1235,4527,40309,914,3871,0,0,0,0,0
949,3888,949.0509824183575,99830,432,227,127,39,45471,23480,0.6906841630772312,322,119,32926,35763,8266,4956,7925,8894,45421,36172,0,0,6876,5577,21738,2930,9229,1280,1069,282,1263,4524,40281,914,3867,0,0,0,0,0
950,3888,950.1836568046359,99830,451,232,127,39,45562,23525,0.6920464790143244,315,117,32929,35790,8296,4974,7880,8846,45421,36172,0,0,6869,5565,21724,2944,9248,1288,1066,289,1317,4519,40227,913,3861,0,0,0,0,0
951,3888,951.3159791415579,99830,443,237,127,39,45630,23566,0.6931383351697886,326,125,32935,35793,8326,4991,7841,8813,45421,36172,0,0,6856,5561,21699,2947,9283,1294,1065,301,1357,4516,40185,911,3855,0,0,0,0,0
952,3888,952.0707770058749,99830,448,224,127,39,45693,23586,0.6939697485725733,327,140,32923,35795,8355,5012,7818,8788,45421,36172,0,0,6852,5549,21681,2955,9303,1301,1065,305,1398,4513,40144,911,3853,0,0,0,0,0
953,3888,953.2031976194996,99830,459,226,127,39,45783,23622,0.6952318942201743,321,149,32928,35820,8388,5012,7775,8752,45421,36172,0,0,6846,5543,21664,2965,9329,1309,1061,310,1449,4502,40093,910,3849,0,0,0,0,0
954,3888,954.3354151094074,99830,473,225,127,39,45876,23660,0.6965441250125213,309,156,32923,35830,8427,5028,7739,8720,45421,36172,0,0,6834,5534,21636,2971,9361,1316,1061,322,1497,4498,40044,909,3847,0,0,0,0,0
955,3888,955.0902559401551,99830,470,234,127,39,45932,23696,0.6974656916758489,306,151,32918,35844,8462,5037,7715,8693,45421,36172,0,0,6828,5524,21625,2983,9375,1325,1058,328,1528,4494,40012,906,3844,0,0,0,0,0
956,3888,956.2227141382199,99828,476,247,129,39,46019,23748,0.6988720599431021,312,155,32902,35857,8511,5052,7668,8648,45421,36172,0,0,6813,5518,21595,2987,9408,1333,1057,342,1572,4492,39967,906,3838,0,0,0,0,0
957,3888,957.3555271321153,99828,487,266,129,39,46114,23794,0.7002844893216332,331,145,32902,35876,8540,5054,7609,8618,45421,36172,0,0,6795,5509,21572,2996,9435,1342,1057,360,1608,4491,39931,903,3829,0,0,0,0,0
958,3888,958.1104073805296,99828,490,264,129,39,46167,23825,0.7011259366109709,348,148,32882,35873,8558,5075,7591,8599,45421,36172,0,0,6791,5506,21554,2995,9462,1346,1057,364,1647,4490,39891,903,3822,0,0,0,0,0
959,3888,959.2430500614121,99828,520,267,129,39,46261,23872,0.7025383659895019,360,144,32870,35893,8574,5099,7545,8556,45421,36172,0,0,6774,5502,21530,2997,9485,1355,1057,381,1693,4486,39845,903,3820,0,0,0,0,0
960,3888,960.3756615199667,99828,526,267,129,39,46365,23912,0.703980847056938,363,156,32849,35916,8619,5116,7512,8504,45421,36172,0,0,6761,5488,21503,3011,9517,1365,1054,394,1743,4482,39793,901,3816,0,0,0,0,0
961,3888,961.1309457060913,99827,528,261,130,39,46424,23945,0.7049094934236229,370,157,32842,35935,8638,5134,7490,8472,45421,36172,0,0,6752,5480,21487,3018,9538,1373,1053,402,1781,4477,39754,901,3811,0,0,0,0,0
962,3888,962.2642067667623,99826,548,271,131,39,46528,23993,0.7064392042153347,356,173,32844,35931,8663,5159,7456,8425,45421,36172,0,0,6736,5470,21467,3027,9567,1380,1053,417,1831,4471,39702,900,3805,0,0,0,0,0
963,3888,963.0195602498479,99826,574,273,131,39,46593,24027,0.7074309298178831,367,176,32822,35931,8670,5179,7434,8400,45421,36172,0,0,6729,5466,21450,3028,9589,1383,1053,424,1861,4469,39671,899,3804,0,0,0,0,0
964,3888,964.1529209164404,99826,580,274,131,39,46687,24075,0.7088534049245687,380,186,32796,35938,8715,5209,7396,8352,45421,36172,0,0,6717,5459,21424,3034,9635,1386,1053,436,1919,4462,39611,895,3795,0,0,0,0,0
965,3888,965.2867729944638,99826,572,288,131,39,46778,24133,0.7103460020435558,390,189,32783,35931,8771,5232,7351,8319,45421,36172,0,0,6705,5449,21392,3044,9670,1398,1052,448,1977,4458,39552,894,3787,0,0,0,0,0
966,3888,966.0429098771915,99826,580,291,131,39,46850,24167,0.7114078496584056,378,190,32783,35930,8806,5248,7320,8300,45421,36172,0,0,6695,5439,21379,3056,9693,1404,1051,458,2011,4449,39516,892,3783,0,0,0,0,0
967,3888,967.1770398342863,99826,593,301,131,39,46954,24228,0.713060725662653,407,189,32752,35936,8848,5267,7267,8266,45421,36172,0,0,6683,5427,21349,3064,9731,1411,1050,470,2075,4445,39452,892,3777,0,0,0,0,0
968,3888,968.3117333571754,99826,623,315,131,39,47067,24286,0.714773706248873,406,203,32737,35936,8886,5284,7215,8221,45421,36172,0,0,6670,5409,21329,3081,9755,1421,1048,481,2121,4442,39406,891,3772,0,0,0,0,0
969,3888,969.0682771190727,99826,621,321,131,39,47138,24319,0.7158155190030653,420,213,32724,35943,8922,5293,7180,8189,45421,36172,0,0,6665,5399,21304,3088,9793,1425,1047,486,2156,4436,39370,889,3768,0,0,0,0,0
970,3888,970.2030007784342,99826,661,332,131,39,47272,24373,0.7176987959048745,389,199,32717,35966,8976,5313,7124,8149,45421,36172,0,0,6658,5384,21269,3107,9829,1435,1045,491,2205,4433,39321,885,3764,0,0,0,0,0
971,3888,971.3377816739163,99825,670,336,132,39,47380,24432,0.7193789130979213,395,197,32715,35972,9006,5347,7080,8107,45421,36172,0,0,6648,5377,21232,3116,9876,1444,1040,501,2266,4429,39256,884,3756,0,0,0,0,0
972,3888,972.0943362806111,99825,668,344,132,39,47446,24474,0.7204608064112197,415,200,32685,35972,9049,5366,7049,8077,45421,36172,0,0,6639,5370,21204,3120,9915,1449,1039,510,2301,4423,39220,884,3751,0,0,0,0,0
973,3888,973.229761323313,99825,657,339,132,39,47549,24536,0.7221136989732031,447,225,32654,35971,9121,5401,6987,8023,45421,36172,0,0,6621,5360,21164,3130,9973,1457,1036,528,2369,4416,39149,881,3741,0,0,0,0,0
974,3888,974.3660482470071,99825,685,338,132,39,47681,24596,0.7240370648635112,448,232,32621,35975,9168,5433,6944,7981,45421,36172,0,0,6606,5346,21130,3140,10015,1468,1035,543,2438,4410,39079,880,3735,0,0,0,0,0
975,3888,975.1240002244158,99825,705,343,132,39,47773,24649,0.7254896068119209,437,222,32613,35975,9202,5461,6909,7958,45421,36172,0,0,6597,5337,21097,3152,10045,1480,1034,550,2481,4408,39035,879,3730,0,0,0,0,0
976,3888,976.2613405944861,99825,710,360,132,39,47892,24722,0.7274129727022289,467,206,32568,35995,9264,5490,6857,7908,45421,36172,0,0,6583,5322,21068,3170,10093,1484,1030,564,2551,4403,38961,874,3722,0,0,0,0,0
977,3888,977.0201484090243,99824,708,361,133,39,47982,24760,0.7287025164289149,459,214,32549,35995,9314,5514,6835,7875,45421,36172,0,0,6574,5313,21031,3173,10138,1492,1029,573,2596,4399,38915,873,3718,0,0,0,0,0
978,3888,978.1591345370884,99824,708,371,133,39,48112,24825,0.7306559544798846,455,216,32523,35990,9393,5543,6786,7839,45421,36172,0,0,6559,5301,20978,3180,10205,1502,1029,586,2660,4392,38850,871,3711,0,0,0,0,0
979,3888,979.2990367388754,99824,725,376,133,39,48250,24885,0.7326394454239461,452,240,32477,35971,9462,5576,6749,7796,45421,36172,0,0,6545,5289,20938,3191,10257,1513,1027,599,2727,4382,38781,868,3707,0,0,0,0,0
980,3888,980.0597196158511,99823,737,381,133,40,48327,24939,0.7339591076204882,455,242,32448,35949,9499,5608,6726,7778,45421,36172,0,0,6536,5278,20915,3205,10284,1521,1025,607,2771,4376,38735,866,3704,0,0,0,0,0
981,3888,981.2016218170812,99823,741,388,133,40,48473,25008,0.7361129198681666,466,252,32396,35948,9590,5638,6672,7732,45421,36172,0,0,6520,5263,20869,3217,10348,1531,1021,623,2850,4369,38653,864,3695,0,0,0,0,0
982,3888,982.3449239143782,99822,742,420,134,40,48603,25097,0.738314199274709,487,233,32360,35948,9644,5671,6631,7686,45421,36172,0,0,6501,5251,20837,3226,10388,1545,1020,642,2930,4360,38571,860,3691,0,0,0,0,0
983,3888,983.1076261829209,99822,746,424,134,40,48696,25150,0.7397768027088217,489,248,32333,35942,9696,5690,6600,7654,45421,36172,0,0,6489,5243,20807,3231,10425,1556,1018,654,2981,4354,38517,859,3688,0,0,0,0,0
984,3888,984.2527129151246,99822,755,429,134,40,48846,25222,0.7420007613552123,476,252,32309,35935,9785,5724,6539,7618,45421,36172,0,0,6463,5220,20767,3252,10480,1567,1016,679,3054,4345,38440,857,3682,0,0,0,0,0
985,3888,985.016547812472,99822,765,430,134,40,48928,25271,0.7433130973132175,491,248,32279,35945,9816,5752,6513,7583,45421,36172,0,0,6457,5207,20739,3264,10512,1576,1015,685,3101,4343,38392,856,3675,0,0,0,0,0
986,3888,986.1632414209485,99822,789,435,134,40,49075,25350,0.7455771272865701,476,229,32233,35950,9887,5799,6479,7545,45421,36172,0,0,6439,5186,20702,3280,10562,1589,1014,703,3175,4339,38315,853,3665,0,0,0,0,0
987,3888,987.3115145353262,99822,815,430,134,40,49237,25418,0.7478812285868847,447,226,32188,35957,9973,5845,6441,7500,45421,36172,0,0,6420,5173,20666,3291,10608,1612,1012,720,3247,4330,38238,850,3655,0,0,0,0,0
988,3888,988.0778103424694,99822,806,428,134,40,49319,25454,0.7490633327322634,464,249,32164,35938,10014,5865,6416,7478,45421,36172,0,0,6416,5156,20635,3314,10648,1616,1007,722,3295,4326,38187,848,3652,0,0,0,0,0
989,3888,989.2285311057326,99821,798,432,135,40,49441,25533,0.7510844411496579,492,249,32114,35939,10089,5910,6370,7428,45421,36172,0,0,6400,5144,20585,3322,10704,1630,1005,737,3381,4320,38099,847,3647,0,0,0,0,0
990,3888,990.3804703481135,99821,802,427,135,40,49592,25593,0.7531982248224321,489,270,32073,35932,10170,5936,6329,7393,45421,36172,0,0,6383,5132,20544,3328,10751,1656,1003,754,3455,4312,38022,845,3636,0,0,0,0,0
991,3888,991.1491812918302,99821,799,424,135,40,49687,25641,0.7546307891125114,504,275,32054,35923,10216,5968,6290,7368,45421,36172,0,0,6367,5125,20518,3330,10791,1666,1003,769,3511,4307,37960,844,3630,0,0,0,0,0
992,3888,992.3033456563064,99821,813,444,135,40,49847,25718,0.7570050390198455,489,270,32000,35924,10308,5991,6253,7329,45421,36172,0,0,6346,5108,20476,3346,10837,1683,1001,790,3588,4297,37881,842,3626,0,0,0,0,0
993,3888,993.0736446468715,99821,822,453,135,40,49942,25786,0.7586379619518939,493,259,31970,35914,10355,6031,6223,7301,45421,36172,0,0,6337,5094,20440,3354,10879,1692,1000,799,3647,4294,37822,840,3623,0,0,0,0,0
994,3888,994.2303810101546,99821,852,436,135,40,50094,25861,0.7609120325382435,518,267,31906,35915,10407,6081,6180,7259,45421,36172,0,0,6315,5081,20393,3371,10942,1707,998,821,3720,4283,37744,835,3611,0,0,0,0,0
995,3888,995.0024653713023,99821,852,453,135,40,50178,25919,0.7623345788962242,546,281,31868,35901,10455,6106,6142,7217,45421,36172,0,0,6309,5075,20367,3372,10983,1718,996,827,3759,4275,37700,833,3607,0,0,0,0,0
996,3888,996.1617358805984,99821,874,459,135,40,50349,26008,0.7649392412418229,531,285,31817,35877,10547,6162,6094,7175,45421,36172,0,0,6288,5053,20326,3391,11033,1737,993,846,3847,4268,37606,832,3601,0,0,0,0,0
997,3888,997.3228310218295,99821,894,493,135,40,50525,26108,0.7677041905009968,539,290,31753,35845,10631,6202,6046,7128,45421,36172,0,0,6265,5037,20269,3405,11105,1752,989,867,3915,4257,37536,831,3593,0,0,0,0,0
998,3888,998.0976852299503,99821,899,505,135,40,50622,26166,0.7692569699762575,557,304,31723,35812,10665,6235,6019,7102,45421,36172,0,0,6252,5025,20240,3414,11146,1762,986,880,3956,4255,37491,828,3586,0,0,0,0,0
999,3888,999.2610298212953,99821,914,507,135,40,50778,26259,0.7717514350687731,551,299,31655,35801,10757,6294,5986,7057,45421,36172,0,0,6238,5008,20201,3431,11203,1777,981,892,4054,4247,37388,825,3576,0,0,0,0,0
1000,3888,1000.037883907703,99821,938,510,135,40,50891,26326,0.7735546628464952,557,306,31612,35781,10801,6330,5955,7031,45421,36172,0,0,6226,4998,20162,3437,11261,1783,979,902,4107,4241,37332,824,3569,0,0,0,0,0
1001,3888,1001.2045504484299,99821,969,496,135,40,51056,26403,0.7759790024143216,560,314,31570,35757,10861,6394,5903,6997,45421,36172,0,0,6204,4984,20125,3444,11319,1797,978,921,4200,4233,37236,822,3558,0,0,0,0,0
1002,3888,1002.3726273265754,99821,985,499,135,40,51219,26482,0.778403341982148,594,331,31502,35739,10927,6433,5855,6956,45421,36172,0,0,6188,4972,20077,3453,11379,1811,976,936,4293,4227,37137,819,3553,0,0,0,0,0
1003,3888,1003.1522085651613,99821,989,481,135,40,51339,26526,0.7800462828462948,587,355,31456,35722,10996,6470,5835,6930,45421,36172,0,0,6168,4961,20054,3462,11419,1820,976,954,4371,4220,37054,815,3547,0,0,0,0,0
1004,3888,1004.3235303920763,99821,973,489,135,40,51510,26619,0.7826910169202873,568,374,31421,35684,11122,6517,5779,6894,45421,36172,0,0,6145,4937,19997,3483,11486,1849,973,976,4453,4206,36963,811,3542,0,0,0,0,0
1005,3888,1005.1053221729177,99821,955,521,135,40,51622,26690,0.7845242984943048,560,377,31388,35666,11208,6534,5752,6860,45421,36172,0,0,6132,4921,19972,3491,11525,1862,971,987,4519,4197,36894,810,3540,0,0,0,0,0
1006,3888,1006.2797290688206,99820,933,530,136,40,51784,26785,0.7871067922260068,559,384,31325,35647,11335,6584,5710,6813,45421,36172,0,0,6119,4900,19906,3523,11602,1882,969,993,4615,4190,36790,805,3526,0,0,0,0,0
1007,3888,1007.0640690397493,99820,939,539,136,40,51890,26853,0.7888499298737728,558,379,31300,35632,11382,6621,5683,6787,45421,36172,0,0,6110,4891,19872,3535,11647,1896,968,1000,4673,4183,36728,802,3515,0,0,0,0,0
1008,3888,1008.2417102181923,99818,939,561,137,41,52055,26957,0.7915606403654651,545,370,31267,35626,11473,6665,5637,6735,45421,36172,0,0,6089,4871,19816,3551,11725,1909,967,1017,4758,4173,36635,800,3507,0,0,0,0,0
1009,3888,1009.027562879922,99818,926,579,137,41,52163,27044,0.7935141958364222,553,366,31252,35591,11518,6708,5612,6713,45421,36172,0,0,6073,4860,19773,3555,11776,1928,967,1031,4822,4164,36567,799,3503,0,0,0,0,0
1010,3888,1010.2071245763525,99818,946,609,137,41,52349,27165,0.7965897934240317,558,338,31188,35566,11602,6771,5567,6673,45421,36172,0,0,6047,4846,19713,3567,11853,1947,967,1057,4910,4157,36471,797,3486,0,0,0,0,0
1011,3888,1011.3887590876983,99818,970,599,137,41,52544,27265,0.7995451722134285,553,336,31115,35538,11701,6852,5522,6632,45421,36172,0,0,6026,4826,19646,3586,11939,1969,966,1075,5000,4146,36369,793,3477,0,0,0,0,0
1012,3888,1012.1780257236395,99817,965,588,138,41,52638,27330,0.8011460973581654,585,331,31081,35533,11736,6904,5493,6601,45421,36172,0,0,6018,4814,19608,3588,11992,1981,966,1082,5069,4143,36293,792,3471,0,0,0,0,0
1013,3888,1013.3634024931769,99817,995,597,138,41,52833,27433,0.8041315607561839,563,333,31031,35514,11822,6951,5449,6562,45421,36172,0,0,6003,4800,19530,3602,12096,1992,965,1095,5150,4134,36199,787,3464,0,0,0,0,0
1014,3888,1014.1544166453218,99817,973,603,138,41,52931,27503,0.8058146407926505,590,325,30983,35504,11893,6993,5421,6532,45421,36172,0,0,5995,4784,19485,3617,12143,2013,962,1100,5208,4130,36137,786,3457,0,0,0,0,0
1015,3888,1015.3430841280032,99817,993,619,138,41,53114,27613,0.8087500125229169,593,341,30910,35458,11971,7052,5393,6487,45421,36172,0,0,5977,4764,19435,3644,12198,2039,959,1113,5302,4121,36038,782,3445,0,0,0,0,0
1016,3888,1016.1367965098616,99817,998,626,138,41,53242,27689,0.810793752567198,586,348,30869,35428,12048,7098,5359,6457,45421,36172,0,0,5961,4751,19398,3657,12245,2053,957,1127,5375,4118,35960,779,3436,0,0,0,0,0
1017,3888,1017.3291531877425,99816,999,621,139,41,53421,27782,0.813526889476637,593,387,30814,35386,12148,7152,5305,6411,45421,36172,0,0,5936,4728,19348,3682,12306,2081,952,1149,5465,4103,35861,777,3428,0,0,0,0,0
1018,3888,1018.1249988738873,99816,1014,613,139,41,53547,27850,0.8154704656568085,603,394,30755,35366,12206,7206,5281,6378,45421,36172,0,0,5915,4718,19316,3687,12372,2088,950,1169,5520,4099,35792,775,3415,0,0,0,0,0
1019,3888,1019.3212036433794,99816,1033,638,139,41,53735,27968,0.818536106435842,616,389,30689,35329,12286,7261,5235,6340,45421,36172,0,0,5903,4700,19254,3703,12439,2114,945,1178,5615,4091,35692,773,3409,0,0,0,0,0
1020,3888,1020.119838091231,99816,1027,640,139,41,53857,28041,0.8204897010499319,631,388,30640,35323,12357,7297,5204,6309,45421,36172,0,0,5886,4689,19215,3713,12503,2130,941,1191,5668,4079,35631,769,3401,0,0,0,0,0
1021,3888,1021.3199726772159,99816,1042,640,139,41,54043,28156,0.8235052496593732,644,380,30561,35296,12447,7364,5165,6277,45421,36172,0,0,5871,4673,19152,3726,12584,2152,938,1204,5777,4071,35510,766,3392,0,0,0,0,0
1022,3888,1022.1216282466584,99816,1070,654,139,41,54174,28242,0.8256792498196682,650,390,30507,35255,12501,7405,5131,6253,45421,36172,0,0,5860,4665,19118,3730,12639,2165,936,1213,5838,4062,35441,765,3384,0,0,0,0,0
1023,3888,1023.3258476809146,99815,1090,677,139,42,54373,28375,0.8290136752993037,648,378,30433,35231,12599,7458,5089,6212,45421,36172,0,0,5844,4641,19056,3749,12705,2193,934,1229,5948,4051,35327,761,3377,0,0,0,0,0
1024,3888,1024.1300565557297,99814,1103,671,139,43,54508,28458,0.8312060432404272,679,377,30388,35210,12636,7510,5053,6187,45421,36172,0,0,5825,4621,19019,3762,12754,2210,933,1248,6029,4043,35240,761,3369,0,0,0,0,0
1025,3888,1025.3383649433504,99813,1120,681,140,43,54717,28577,0.8345005159648543,679,374,30309,35176,12745,7583,5005,6141,45421,36172,0,0,5802,4603,18953,3771,12845,2235,930,1271,6128,4031,35131,758,3355,0,0,0,0,0
1026,3888,1026.1453840507827,99813,1119,654,140,43,54833,28636,0.8362537945958943,720,400,30249,35146,12794,7640,4976,6115,45421,36172,0,0,5789,4591,18916,3782,12894,2254,929,1283,6209,4022,35045,756,3343,0,0,0,0,0
1027,3888,1027.357995079951,99813,1124,664,140,43,55048,28760,0.8396501457725948,708,393,30194,35104,12906,7718,4926,6076,45421,36172,0,0,5763,4560,18855,3809,12984,2278,923,1305,6310,4009,34930,754,3333,0,0,0,0,0
1028,3888,1028.1679883263932,99813,1118,651,140,43,55182,28834,0.8417340426597738,718,382,30147,35088,12979,7780,4896,6054,45421,36172,0,0,5746,4540,18819,3826,13036,2302,921,1319,6381,3997,34851,753,3322,0,0,0,0,0
1029,3888,1029.3850667115694,99813,1134,657,140,43,55379,28966,0.845030206486129,728,359,30094,35069,13057,7854,4845,6016,45421,36172,0,0,5717,4521,18753,3843,13129,2319,921,1343,6493,3986,34730,749,3309,0,0,0,0,0
1030,3888,1030.1975904160458,99813,1154,640,140,43,55532,29031,0.8472142907236533,717,384,30051,35035,13120,7909,4816,5987,45421,36172,0,0,5698,4506,18708,3860,13194,2334,919,1359,6562,3975,34654,745,3299,0,0,0,0,0
1031,3888,1031.0111018143173,99813,1148,663,140,43,55673,29121,0.8495286185166261,715,365,30003,35018,13202,7953,4790,5956,45421,36172,0,0,5672,4495,18671,3869,13246,2358,917,1384,6621,3963,34583,743,3291,0,0,0,0,0
1032,3888,1032.2337159164797,99812,1177,653,141,43,55897,29221,0.8527832324770569,743,396,29896,34971,13288,8017,4753,5918,45421,36172,0,0,5648,4477,18610,3877,13340,2385,912,1407,6705,3952,34481,740,3278,0,0,0,0,0
1033,3888,1033.050838659383,99811,1183,658,142,43,56031,29303,0.854955866587851,749,410,29837,34929,13353,8065,4734,5893,45421,36172,0,0,5629,4460,18570,3893,13395,2402,908,1426,6767,3944,34408,738,3271,0,0,0,0,0
1034,3888,1034.279092821969,99811,1200,675,142,43,56247,29434,0.8584324373065093,756,386,29760,34887,13459,8148,4681,5859,45421,36172,0,0,5602,4447,18517,3914,13466,2429,905,1445,6887,3930,34278,731,3260,0,0,0,0,0
1035,3888,1035.0995260739885,99810,1221,695,142,44,56405,29518,0.8608656447249775,753,382,29692,34866,13534,8184,4656,5827,45421,36172,0,0,5588,4430,18485,3933,13511,2450,902,1457,6950,3925,34206,728,3245,0,0,0,0,0
1036,3888,1036.3331548864069,99809,1196,692,143,44,56620,29624,0.8640904126882345,770,392,29599,34825,13674,8248,4616,5797,45421,36172,0,0,5570,4407,18418,3948,13618,2480,898,1472,7062,3903,34078,725,3230,0,0,0,0,0
1037,3888,1037.1575928526088,99809,1215,662,143,44,56761,29700,0.8662645653197607,771,413,29532,34793,13746,8324,4591,5762,45421,36172,0,0,5554,4400,18368,3949,13703,2492,898,1486,7136,3889,33988,722,3224,0,0,0,0,0
1038,3888,1038.3975932906658,99807,1251,684,145,44,57018,29837,0.8702295430180248,754,421,29452,34732,13844,8383,4552,5734,45421,36172,0,0,5530,4379,18302,3974,13798,2521,893,1507,7240,3870,33867,716,3210,0,0,0,0,0
1039,3888,1039.2259498305255,99807,1237,717,145,44,57161,29920,0.8724939132525775,780,422,29378,34715,13938,8398,4520,5702,45421,36172,0,0,5516,4362,18256,3991,13849,2548,890,1516,7291,3862,33808,714,3204,0,0,0,0,0
1040,3888,1040.0559558718846,99807,1266,706,145,44,57326,30005,0.8749987475828349,747,433,29331,34683,14018,8457,4491,5675,45421,36172,0,0,5503,4342,18210,4011,13901,2573,888,1525,7372,3853,33718,713,3198,0,0,0,0,0
1041,3888,1041.303769140262,99807,1296,724,145,44,57564,30157,0.8789062891380364,753,418,29226,34634,14129,8541,4449,5637,45421,36172,0,0,5474,4327,18161,4012,13984,2607,885,1552,7489,3839,33585,710,3182,0,0,0,0,0
1042,3888,1042.137611816911,99807,1289,716,145,44,57716,30234,0.8812007173845522,789,447,29146,34593,14211,8585,4418,5613,45421,36172,0,0,5457,4313,18110,4022,14059,2625,882,1568,7568,3832,33492,710,3169,0,0,0,0,0
1043,3888,1043.3923488885985,99807,1315,706,145,44,57970,30359,0.8849980462292224,796,479,29033,34535,14324,8670,4385,5564,45421,36172,0,0,5436,4292,18050,4034,14143,2667,881,1586,7690,3821,33351,707,3149,0,0,0,0,0
1044,3888,1044.2311632310896,99807,1317,718,145,44,58130,30479,0.8878034606791106,786,462,28971,34492,14418,8738,4361,5544,45421,36172,0,0,5421,4272,17994,4048,14225,2686,879,1598,7781,3815,33250,703,3135,0,0,0,0,0
1045,3888,1045.0719166519962,99807,1329,756,145,44,58321,30592,0.8908493392247037,771,447,28906,34467,14521,8776,4326,5508,45421,36172,0,0,5400,4255,17954,4062,14261,2729,877,1617,7848,3810,33169,696,3129,0,0,0,0,0
1046,3888,1046.336355892739,99806,1315,793,146,44,58562,30742,0.8947758651784462,771,422,28805,34427,14673,8840,4288,5472,45421,36172,0,0,5375,4232,17867,4077,14372,2766,875,1636,7952,3803,33048,692,3111,0,0,0,0,0
1047,3888,1047.1818493182082,99806,1315,789,146,44,58728,30816,0.8971805302286435,773,443,28745,34407,14757,8874,4262,5441,45421,36172,0,0,5358,4222,17816,4081,14429,2796,874,1651,8034,3799,32958,688,3100,0,0,0,0,0
1048,3888,1048.0289115119517,99806,1291,772,146,44,58869,30896,0.899394825962367,779,455,28697,34365,14851,8937,4234,5425,45421,36172,0,0,5338,4206,17777,4087,14497,2821,874,1668,8109,3792,32861,683,3093,0,0,0,0,0
1049,3888,1049.3025153850533,99806,1315,766,146,44,59116,31050,0.9034126204837385,769,453,28619,34311,14960,9035,4189,5389,45421,36172,0,0,5310,4179,17718,4103,14606,2859,873,1692,8216,3775,32726,680,3069,0,0,0,0,0
1050,3888,1050.1535730137148,99804,1310,773,146,46,59280,31145,0.906025810588754,808,469,28536,34273,15042,9082,4156,5355,45421,36172,0,0,5297,4158,17666,4127,14674,2885,870,1699,8283,3769,32639,677,3060,0,0,0,0,0
1051,3888,1051.0064392722381,99802,1286,783,148,46,59430,31242,0.9085188673573676,815,470,28490,34247,15133,9123,4126,5329,45421,36172,0,0,5277,4142,17619,4141,14734,2914,869,1714,8361,3761,32543,675,3052,0,0,0,0,0
1052,3888,1052.2888289636678,99801,1311,802,149,46,59694,31388,0.9126361459304015,835,492,28374,34170,15247,9198,4082,5290,45421,36172,0,0,5250,4113,17558,4162,14839,2943,864,1738,8469,3747,32413,673,3032,0,0,0,0,0
1053,3888,1053.1462514062557,99801,1313,806,149,46,59886,31490,0.9155820081963106,795,474,28331,34142,15355,9267,4055,5263,45421,36172,0,0,5233,4091,17502,4171,14915,2982,863,1755,8531,3737,32329,670,3022,0,0,0,0,0
1054,3888,1054.005300080272,99800,1339,837,149,47,60069,31609,0.9186172344689378,794,457,28272,34106,15422,9317,4022,5234,45421,36172,0,0,5215,4080,17465,4173,14972,3007,860,1770,8617,3729,32230,669,3013,0,0,0,0,0
1055,3888,1055.2968076943855,99798,1324,802,151,47,60302,31739,0.9222729914427142,822,448,28168,34078,15552,9427,3981,5196,45421,36172,0,0,5185,4056,17394,4189,15086,3044,857,1793,8736,3713,32078,667,3000,0,0,0,0,0
1056,3888,1056.1605373483121,99798,1368,801,151,47,60487,31838,0.9251187398545061,819,441,28114,34052,15590,9493,3956,5164,45421,36172,0,0,5171,4046,17342,4198,15153,3069,854,1804,8809,3708,31988,664,2992,0,0,0,0,0
1057,3888,1057.0257903556137,99798,1387,801,151,47,60661,31927,0.9277540632076795,808,456,28082,34006,15645,9546,3925,5142,45421,36172,0,0,5157,4033,17290,4207,15210,3103,854,1812,8879,3700,31907,660,2986,0,0,0,0,0
1058,3888,1058.3254926881596,99798,1432,849,151,47,60938,32091,0.9321729894386661,794,439,27987,33967,15744,9590,3890,5106,45421,36172,0,0,5130,4005,17229,4229,15299,3138,850,1834,8971,3686,31794,655,2978,0,0,0,0,0
1059,3888,1059.1938553029988,99798,1408,826,151,47,61114,32167,0.934698090142087,810,452,27933,33944,15837,9650,3859,5079,45421,36172,0,0,5108,3989,17181,4234,15356,3181,850,1854,9060,3678,31684,652,2971,0,0,0,0,0
1060,3888,1060.0642285857252,99798,1384,825,151,47,61274,32266,0.9372933325317141,821,449,27888,33908,15913,9710,3841,5059,45421,36172,0,0,5092,3978,17124,4237,15438,3215,846,1869,9133,3668,31591,649,2958,0,0,0,0,0
1061,3888,1061.3727995461475,99798,1386,832,151,47,61523,32401,0.941141105032165,823,491,27792,33838,16039,9766,3807,5024,45421,36172,0,0,5065,3950,17058,4259,15522,3262,842,1891,9237,3659,31466,643,2944,0,0,0,0,0
1062,3888,1062.2473557719397,99798,1419,818,151,47,61712,32501,0.9440369546483898,812,515,27730,33776,16106,9846,3780,4996,45421,36172,0,0,5040,3932,17011,4282,15585,3293,840,1908,9303,3656,31374,643,2931,0,0,0,0,0
1063,3888,1063.1235740948416,99798,1427,804,151,47,61906,32597,0.9469428245055012,806,516,27662,33755,16199,9914,3753,4962,45421,36172,0,0,5029,3914,16938,4301,15678,3320,834,1915,9387,3649,31269,642,2922,0,0,0,0,0
1064,3888,1064.0019726084643,99798,1407,825,151,47,62070,32714,0.9497585121946331,829,488,27607,33744,16284,9965,3720,4929,45421,36172,0,0,5011,3895,16899,4303,15749,3355,832,1926,9457,3641,31180,640,2910,0,0,0,0,0
1065,3888,1065.3229986240426,99798,1425,867,151,47,62347,32904,0.9544379646886711,841,472,27495,33656,16407,10058,3679,4898,45421,36172,0,0,4985,3864,16829,4333,15833,3406,829,1945,9575,3624,31037,637,2901,0,0,0,0,0
1066,3888,1066.205992220295,99797,1420,876,152,47,62543,33018,0.9575538342835958,863,446,27414,33644,16502,10122,3647,4863,45421,36172,0,0,4952,3847,16773,4349,15912,3436,822,1971,9653,3618,30938,635,2891,0,0,0,0,0
1067,3888,1067.0915674247087,99797,1466,871,152,47,62737,33133,0.9606501197430785,880,424,27332,33611,16552,10205,3616,4840,45421,36172,0,0,4931,3833,16724,4364,15987,3459,820,1988,9733,3606,30841,631,2880,0,0,0,0,0
1068,3888,1068.4241557495964,99796,1498,857,153,47,63042,33284,0.9652290672972864,859,412,27241,33578,16669,10304,3578,4800,45421,36172,0,0,4896,3799,16643,4398,16097,3504,816,2019,9854,3585,30690,629,2866,0,0,0,0,0
1069,3888,1069.315028878881,99796,1485,846,153,47,63250,33380,0.9682752815744118,898,432,27139,33529,16773,10363,3550,4781,45421,36172,0,0,4863,3782,16582,4406,16192,3539,812,2048,9927,3574,30589,628,2854,0,0,0,0,0
1070,3888,1070.2086759475915,99796,1514,803,153,47,63457,33459,0.9711411279009179,882,450,27084,33510,16848,10432,3517,4756,45421,36172,0,0,4836,3767,16526,4422,16261,3575,809,2069,10010,3564,30486,625,2846,0,0,0,0,0
1071,3888,1071.1044466854958,99795,1529,804,154,47,63656,33561,0.9741670424369958,865,441,27019,33503,16931,10473,3500,4730,45421,36172,0,0,4825,3743,16476,4437,16352,3601,808,2076,10082,3545,30391,620,2839,0,0,0,0,0
1072,3888,1072.0023354882603,99794,1545,792,155,47,63882,33656,0.9773934304667615,829,464,26956,33462,17039,10533,3474,4700,45421,36172,0,0,4797,3720,16427,4450,16403,3643,804,2104,10190,3539,30271,619,2827,0,0,0,0,0
1073,3888,1073.353037087129,99793,1563,789,156,47,64182,33805,0.9819025382541862,803,478,26871,33413,17173,10609,3432,4662,45421,36172,0,0,4765,3692,16348,4469,16512,3697,802,2130,10291,3533,30131,615,2808,0,0,0,0,0
1074,3888,1074.2559273154977,99793,1543,779,156,47,64365,33896,0.9846482218191657,815,491,26794,33382,17279,10660,3411,4639,45421,36172,0,0,4738,3680,16304,4483,16567,3744,797,2151,10360,3520,30035,611,2803,0,0,0,0,0
1075,3888,1075.1613785533991,99793,1534,786,156,47,64550,34004,0.987584299499965,831,495,26735,33350,17363,10710,3379,4610,45421,36172,0,0,4714,3666,16241,4501,16645,3779,790,2165,10431,3514,29947,609,2791,0,0,0,0,0
1076,3888,1076.0689876165845,99793,1500,814,156,47,64726,34115,0.9904602527231369,844,480,26676,33325,17470,10748,3352,4584,45421,36172,0,0,4701,3643,16180,4508,16725,3821,789,2175,10492,3502,29865,608,2784,0,0,0,0,0
1077,3888,1077.434555329141,99792,1481,831,156,48,65028,34289,0.995240099406766,824,472,26593,33284,17633,10826,3311,4537,45421,36172,0,0,4677,3610,16088,4528,16852,3881,782,2193,10610,3489,29711,606,2765,0,0,0,0,0
1078,3888,1078.3472857567335,99791,1479,837,156,49,65217,34405,0.9983064605024501,798,470,26545,33245,17733,10890,3287,4507,45421,36172,0,0,4656,3591,16035,4545,16940,3915,781,2207,10662,3475,29626,602,2756,0,0,0,0,0
1079,3888,1079.262312572742,99791,1461,820,156,49,65396,34492,1.000972031545931,805,501,26482,33199,17827,10946,3267,4483,45421,36172,0,0,4641,3573,15971,4552,17037,3949,780,2219,10722,3467,29536,597,2747,0,0,0,0,0
1080,3888,1080.1791590250832,99791,1473,829,156,49,65594,34611,1.0041486707218086,804,492,26418,33184,17912,11000,3235,4444,45421,36172,0,0,4624,3561,15914,4561,17122,3982,775,2230,10803,3454,29433,595,2737,0,0,0,0,0
1081,3888,1081.0984167392212,99791,1466,828,156,49,65771,34718,1.0069946187531942,833,497,26353,33147,17974,11060,3216,4417,45421,36172,0,0,4604,3543,15864,4571,17199,4018,773,2247,10870,3440,29343,591,2728,0,0,0,0,0
1082,3888,1082.0194963849794,99789,1453,818,158,49,65964,34820,1.0099710388920622,823,507,26306,33118,18067,11118,3191,4388,45421,36172,0,0,4581,3524,15812,4586,17268,4061,769,2263,10950,3433,29240,587,2715,0,0,0,0,0
1083,3888,1083.404868800485,99789,1439,810,158,49,66239,34976,1.0142901522211867,821,516,26232,33071,18194,11203,3154,4349,45421,36172,0,0,4557,3498,15723,4595,17373,4122,769,2278,11082,3423,29084,583,2702,0,0,0,0,0
1084,3888,1084.3309471332198,99789,1426,817,158,49,66444,35095,1.0175370030764914,785,496,26192,33046,18304,11270,3133,4320,45421,36172,0,0,4523,3473,15657,4615,17460,4160,768,2303,11153,3417,28990,583,2687,0,0,0,0,0
1085,3888,1085.2587591981205,99789,1409,845,158,49,66627,35220,1.020623515617954,796,492,26125,33001,18395,11318,3115,4293,45421,36172,0,0,4499,3455,15602,4619,17537,4199,765,2320,11213,3412,28910,582,2676,0,0,0,0,0
1086,3888,1086.188793973016,99789,1412,837,158,49,66800,35330,1.0234594995440378,808,506,26064,32963,18460,11388,3096,4255,45421,36172,0,0,4487,3436,15552,4628,17610,4234,763,2329,11291,3404,28812,577,2666,0,0,0,0,0
1087,3888,1087.1209157772048,99789,1439,852,158,49,67024,35454,1.026946857870106,773,489,26009,32933,18542,11439,3077,4236,45421,36172,0,0,4468,3420,15490,4641,17698,4271,762,2342,11356,3394,28717,575,2655,0,0,0,0,0
1088,3888,1088.0551064274348,99789,1384,852,158,49,67181,35563,1.0296124823377326,795,488,25970,32889,18640,11493,3051,4227,45421,36172,0,0,4444,3406,15426,4648,17792,4309,756,2362,11422,3385,28624,573,2642,0,0,0,0,0
1089,3888,1089.459854090242,99789,1385,858,158,49,67462,35737,1.0341721031376203,772,485,25900,32839,18769,11571,3014,4196,45421,36172,0,0,4407,3381,15356,4672,17898,4366,750,2388,11516,3369,28489,569,2628,0,0,0,0,0
1090,3888,1090.398854592322,99789,1414,877,158,49,67652,35865,1.0373588271252343,761,467,25861,32809,18819,11624,2985,4172,45421,36172,0,0,4396,3370,15300,4683,17969,4401,744,2393,11587,3359,28403,563,2621,0,0,0,0,0
1091,3888,1091.338990056681,99789,1417,863,158,49,67841,35973,1.0403351070759301,740,479,25800,32775,18919,11682,2964,4150,45421,36172,0,0,4378,3352,15255,4703,18033,4440,743,2405,11676,3349,28288,560,2607,0,0,0,0,0
1092,3888,1092.281419288657,99788,1410,863,158,50,68020,36083,1.0432416723453721,747,482,25750,32735,18997,11736,2936,4132,45421,36172,0,0,4352,3340,15203,4719,18091,4481,742,2425,11755,3343,28185,555,2597,0,0,0,0,0
1093,3888,1093.225770889505,99787,1379,869,159,50,68180,36198,1.0460079970336817,756,478,25718,32703,19067,11789,2919,4109,45421,36172,0,0,4330,3320,15144,4733,18167,4519,740,2441,11821,3335,28097,551,2589,0,0,0,0,0
1094,3888,1094.1716257994294,99785,1389,864,160,51,68354,36304,1.0488349952397655,775,489,25651,32669,19120,11839,2903,4086,45421,36172,0,0,4320,3307,15089,4742,18244,4561,737,2447,11858,3328,28023,548,2581,0,0,0,0,0
