,indexID,time,N,Inf_L,Inf_H,Dead_L,Dead_H,cum_cases_L,cum_cases_H,cum_sum_per_N,Exposed_L,Exposed_H,Sus_L,Sus_H,Rec_nat_L,Rec_nat_H,Rec_vax_L,Rec_vax_H,vaccinatedH,vaccinatedL,boostedH,boostedL,count_Naive,count_Delta,count_Delta_vaccine,count_two,count_three,count_four,count_Omicron,count_Omicron_star,count_Omicron_star_vaccine,count_Omicron_vaccine,count_Vaccine,count_WT,count_WT_vaccine,count_WT_vaccine_boost,count_Omicron_vaccine_boost,count_Delta_vaccine_boost,count_Omicron_star_vaccine_boost,count_Vaccine_boost
0,2108,1.0141591562403076,99996,4,11,0,0,5,12,0.00017000680027201088,20,13,49973,49973,1,1,0,0,0,0,0,0,99994,0,0,0,0,0,0,0,0,0,0,2,0,0,0,0,0,0
1,2108,2.0429251655271035,99996,5,11,0,0,6,15,0.00021000840033601344,21,11,49971,49972,1,4,0,0,0,0,0,0,99991,0,0,0,0,0,0,0,0,0,0,5,0,0,0,0,0,0
2,2108,3.023952487095383,99996,8,10,0,0,10,16,0.00026001040041601667,17,13,49971,49969,2,6,0,0,0,0,0,0,99988,0,0,0,0,0,0,0,0,0,0,8,0,0,0,0,0,0
3,2108,4.028647409602742,99996,11,11,0,0,14,18,0.0003200128005120205,14,12,49970,49968,3,7,0,0,0,0,0,0,99986,0,0,0,0,0,0,0,0,0,0,10,0,0,0,0,0,0
4,2108,5.05784208875796,99996,16,16,0,0,22,24,0.00046001840073602946,7,7,49969,49967,6,8,0,0,0,0,0,0,99982,0,0,0,0,0,0,0,0,0,0,14,0,0,0,0,0,0
5,2108,6.056217254204896,99996,14,16,0,0,24,28,0.0005200208008320333,9,5,49965,49965,10,12,0,0,0,0,0,0,99974,0,0,0,0,0,0,0,0,0,0,22,0,0,0,0,0,0
6,2108,7.00613662884508,99996,14,14,0,0,25,28,0.0005300212008480339,9,6,49964,49964,11,14,0,0,0,0,0,0,99971,0,0,0,0,0,0,0,0,0,0,25,0,0,0,0,0,0
7,2108,8.017138383839262,99996,12,13,0,0,25,29,0.0005400216008640345,10,7,49963,49963,13,15,0,0,0,0,0,0,99967,0,0,0,0,0,0,0,0,0,0,29,0,0,0,0,0,0
8,2108,9.012206901185197,99996,14,13,0,0,28,32,0.0006000240009600384,10,4,49960,49963,14,18,0,0,0,0,0,0,99963,0,0,0,0,0,0,0,0,0,0,33,0,0,0,0,0,0
9,2108,10.053778397789344,99996,13,11,0,0,31,34,0.0006500260010400416,9,3,49958,49962,18,22,0,0,0,0,0,0,99955,0,0,0,0,0,0,0,0,0,0,41,0,0,0,0,0,0
10,2108,11.02745780570992,99996,14,11,0,0,33,35,0.0006800272010880435,10,2,49955,49962,19,23,0,0,0,0,0,0,99953,0,0,0,0,0,0,0,0,0,0,43,0,0,0,0,0,0
11,2108,12.130294922788707,99996,17,11,0,0,39,36,0.000750030001200048,9,3,49950,49960,22,24,0,0,0,0,0,0,99949,0,0,0,0,0,0,0,0,0,0,47,0,0,0,0,0,0
12,2108,13.178516444475854,99996,16,10,0,0,41,37,0.00078003120124805,11,9,49946,49953,25,26,0,0,0,0,0,0,99944,0,0,0,0,0,0,0,0,0,0,52,0,0,0,0,0,0
13,2108,14.20428391425538,99996,16,10,0,0,44,37,0.0008100324012960519,10,10,49945,49952,27,26,0,0,0,0,0,0,99941,0,0,0,0,0,0,0,0,0,0,55,0,0,0,0,0,0
14,2108,15.002043313458532,99996,16,12,0,0,46,41,0.0008700348013920557,10,6,49943,49952,29,28,0,0,0,0,0,0,99937,0,0,0,0,0,0,0,0,0,0,59,0,0,0,0,0,0
15,2108,16.10235791505518,99996,13,12,0,0,46,43,0.000890035601424057,13,7,49940,49949,32,30,0,0,0,0,0,0,99932,0,0,0,0,0,0,0,0,0,0,64,0,0,0,0,0,0
16,2108,17.00411998681045,99996,13,14,0,0,49,47,0.0009600384015360614,10,6,49940,49946,35,32,0,0,0,0,0,0,99927,0,0,0,0,0,0,0,0,0,0,69,0,0,0,0,0,0
17,2108,18.008394703853096,99996,13,11,0,0,52,47,0.0009900396015840634,11,6,49936,49946,38,35,0,0,0,0,0,0,99921,0,0,0,0,0,0,0,0,0,0,75,0,0,0,0,0,0
18,2108,19.139118147875347,99996,12,13,0,0,52,49,0.0010100404016160646,15,4,49932,49946,39,35,0,0,0,0,0,0,99920,0,0,0,0,0,0,0,0,0,0,76,0,0,0,0,0,0
19,2108,20.133989079200546,99996,12,12,0,0,52,50,0.0010200408016320653,15,4,49932,49945,39,37,0,0,0,0,0,0,99918,0,0,0,0,0,0,0,0,0,0,78,0,0,0,0,0,0
20,2108,21.02076800788056,99996,11,10,0,0,54,52,0.0010600424016960679,16,5,49929,49942,42,41,0,0,0,0,0,0,99911,0,0,0,0,0,0,0,0,0,0,85,0,0,0,0,0,0
21,2108,22.047816355453595,99996,15,10,0,0,59,53,0.0011200448017920717,14,6,49926,49941,43,41,0,0,0,0,0,0,99909,0,0,0,0,0,0,0,0,0,0,87,0,0,0,0,0,0
22,2108,23.048903110122442,99996,17,8,0,0,65,54,0.0011900476019040761,12,7,49922,49939,47,44,0,0,0,0,0,0,99902,0,0,0,0,0,0,0,0,0,0,94,0,0,0,0,0,0
23,2108,24.27746713767397,99996,15,8,0,0,66,56,0.0012200488019520781,14,6,49919,49939,50,45,0,0,0,0,0,0,99897,0,0,0,0,0,0,0,0,0,0,99,0,0,0,0,0,0
24,2108,25.10498773849198,99996,15,6,0,0,68,57,0.00125005000200008,15,6,49918,49938,50,48,0,0,0,0,0,0,99892,0,0,0,0,0,0,0,0,0,0,104,0,0,0,0,0,0
25,2108,26.07305263497265,99996,18,6,0,0,73,58,0.0013100524020960838,13,6,49915,49937,52,49,0,0,0,0,0,0,99889,0,0,0,0,0,0,0,0,0,0,107,0,0,0,0,0,0
26,2108,27.031751984809656,99996,20,8,0,0,75,60,0.0013500540021600864,15,4,49911,49937,52,49,0,0,0,0,0,0,99889,0,0,0,0,0,0,0,0,0,0,107,0,0,0,0,0,0
27,2108,28.09461919943467,99996,21,7,0,0,78,61,0.001390055602224089,15,6,49908,49934,54,51,0,0,0,0,0,0,99885,0,0,0,0,0,0,0,0,0,0,111,0,0,0,0,0,0
28,2108,29.072192549873613,99996,21,7,0,0,82,62,0.0014400576023040922,11,7,49908,49932,58,52,0,0,0,0,0,0,99880,0,0,0,0,0,0,0,0,0,0,116,0,0,0,0,0,0
29,2108,30.037201981271636,99996,22,10,0,0,86,65,0.0015100604024160967,13,5,49902,49932,61,51,0,0,0,0,0,0,99877,0,0,0,0,0,0,0,0,0,0,119,0,0,0,0,0,0
30,2108,31.285622466903757,99996,18,10,0,0,88,67,0.0015500620024800993,11,8,49902,49928,67,52,0,0,0,0,0,0,99869,0,0,0,0,0,0,0,0,0,0,127,0,0,0,0,0,0
31,2108,32.06271931689159,99996,21,10,0,0,91,68,0.0015900636025441017,10,7,49900,49928,67,53,0,0,0,0,0,0,99868,0,0,0,0,0,0,0,0,0,0,128,0,0,0,0,0,0
32,2108,33.01577699226455,99996,21,9,0,0,93,69,0.0016200648025921037,10,10,49898,49924,69,55,0,0,0,0,0,0,99864,0,0,0,0,0,0,0,0,0,0,132,0,0,0,0,0,0
33,2108,34.0276590497141,99996,16,11,0,0,94,72,0.0016600664026561063,17,8,49890,49923,75,56,0,0,0,0,0,0,99857,0,0,0,0,0,0,0,0,0,0,139,0,0,0,0,0,0
34,2108,35.028079257414085,99996,19,12,0,0,100,74,0.0017400696027841114,12,6,49890,49923,77,57,0,0,0,0,0,0,99853,0,0,0,0,0,0,0,0,0,0,143,0,0,0,0,0,0
35,2108,36.03600413938926,99996,22,10,0,0,105,74,0.0017900716028641146,13,7,49884,49922,79,59,0,0,0,0,0,0,99849,0,0,0,0,0,0,0,0,0,0,147,0,0,0,0,0,0
36,2108,37.122887719994154,99996,18,12,0,0,107,78,0.0018500740029601184,14,8,49882,49917,84,61,0,0,0,0,0,0,99841,0,0,0,0,0,0,0,0,0,0,155,0,0,0,0,0,0
37,2108,38.24141770908559,99996,16,12,0,0,111,80,0.0019100764030561222,12,7,49880,49916,90,63,0,0,0,0,0,0,99833,0,0,0,0,0,0,0,0,0,0,163,0,0,0,0,0,0
38,2108,39.03529285604649,99996,19,10,0,0,115,80,0.0019500780031201249,14,9,49874,49914,91,65,0,0,0,0,0,0,99830,0,0,0,0,0,0,0,0,0,0,166,0,0,0,0,0,0
39,2108,40.0467898124928,99996,24,13,0,0,122,83,0.0020500820032801313,9,9,49872,49911,93,65,0,0,0,0,0,0,99828,0,0,0,0,0,0,0,0,0,0,168,0,0,0,0,0,0
40,2108,41.04780369180068,99996,21,11,0,0,126,86,0.0021200848033921357,7,11,49871,49906,99,70,0,0,0,0,0,0,99816,0,0,0,0,0,0,0,0,0,0,180,0,0,0,0,0,0
41,2108,42.09611687393386,99996,18,15,0,0,128,91,0.00219008760350414,9,6,49867,49906,104,71,0,0,0,0,0,0,99810,0,0,0,0,0,0,0,0,0,0,186,0,0,0,0,0,0
42,2108,43.114945927874665,99996,19,16,0,0,131,93,0.0022400896035841434,11,4,49862,49906,106,72,0,0,0,0,0,0,99807,0,0,0,0,0,0,0,0,0,0,189,0,0,0,0,0,0
43,2108,44.11497812411335,99996,19,15,0,0,132,93,0.0022500900036001442,15,5,49857,49905,107,73,0,0,0,0,0,0,99805,0,0,0,0,0,0,0,0,0,0,191,0,0,0,0,0,0
44,2108,45.08519888134676,99996,21,15,0,0,138,95,0.002330093203728149,14,4,49853,49904,110,75,0,0,0,0,0,0,99799,0,0,0,0,0,0,0,0,0,0,197,0,0,0,0,0,0
45,2108,46.09224025255484,99996,19,14,0,0,140,96,0.002360094403776151,20,5,49845,49902,114,77,0,0,0,0,0,0,99793,0,0,0,0,0,0,0,0,0,0,203,0,0,0,0,0,0
46,2108,47.07365066754521,99996,22,14,0,0,145,98,0.0024300972038881555,20,6,49840,49899,116,79,0,0,0,0,0,0,99789,0,0,0,0,0,0,0,0,0,0,207,0,0,0,0,0,0
47,2108,48.21320613042891,99996,21,12,0,0,149,99,0.0024800992039681587,19,7,49837,49897,121,82,0,0,0,0,0,0,99781,0,0,0,0,0,0,0,0,0,0,215,0,0,0,0,0,0
48,2108,49.02029882160568,99996,22,12,0,0,151,100,0.0025101004040161607,19,6,49836,49897,121,83,0,0,0,0,0,0,99779,0,0,0,0,0,0,0,0,0,0,217,0,0,0,0,0,0
49,2108,50.06719831863144,99996,21,12,0,0,153,103,0.002560102404096164,18,8,49836,49892,123,86,0,0,0,0,0,0,99773,0,0,0,0,0,0,0,0,0,0,223,0,0,0,0,0,0
50,2108,51.00309307828531,99996,26,14,0,0,158,107,0.0026501060042401696,15,7,49834,49889,123,88,0,0,0,0,0,0,99771,0,0,0,0,0,0,0,0,0,0,225,0,0,0,0,0,0
51,2108,52.19413114278234,99996,22,13,0,0,160,108,0.0026801072042881716,17,8,49831,49887,128,90,0,0,0,0,0,0,99763,0,0,0,0,0,0,0,0,0,0,233,0,0,0,0,0,0
52,2108,53.07129226957802,99996,20,11,0,0,162,108,0.002700108004320173,15,10,49831,49885,132,92,0,0,0,0,0,0,99757,0,0,0,0,0,0,0,0,0,0,239,0,0,0,0,0,0
53,2108,54.017883527055425,99996,21,10,0,0,168,110,0.002780111204448178,10,10,49831,49883,136,95,0,0,0,0,0,0,99749,0,0,0,0,0,0,0,0,0,0,247,0,0,0,0,0,0
54,2108,55.09108732020336,99996,24,8,0,0,172,114,0.002860114404576183,10,7,49828,49882,136,101,0,0,0,0,0,0,99742,0,0,0,0,0,0,0,0,0,0,254,0,0,0,0,0,0
55,2108,56.27568235552437,99996,23,8,0,0,172,115,0.0028701148045921837,15,9,49824,49879,136,102,0,0,0,0,0,0,99740,0,0,0,0,0,0,0,0,0,0,256,0,0,0,0,0,0
56,2108,57.00992863207267,99996,19,8,0,0,173,117,0.0029001160046401857,14,9,49826,49877,139,104,0,0,0,0,0,0,99733,0,0,0,0,0,0,0,0,0,0,263,0,0,0,0,0,0
57,2108,58.08327032462806,99996,18,7,0,0,175,118,0.0029301172046881877,17,11,49822,49874,141,106,0,0,0,0,0,0,99728,0,0,0,0,0,0,0,0,0,0,268,0,0,0,0,0,0
58,2108,59.015279109656895,99996,21,8,0,0,179,119,0.002980119204768191,14,10,49821,49874,142,106,0,0,0,0,0,0,99727,0,0,0,0,0,0,0,0,0,0,269,0,0,0,0,0,0
59,2108,60.0902088147393,99996,21,9,0,0,183,121,0.0030401216048641946,10,11,49823,49871,144,107,0,0,0,0,0,0,99722,0,0,0,0,0,0,0,0,0,0,274,0,0,0,0,0,0
60,2108,61.10099578928425,99996,19,12,0,0,186,125,0.003110124404976199,14,7,49816,49872,149,107,0,0,0,0,0,0,99716,0,0,0,0,0,0,0,0,0,0,280,0,0,0,0,0,0
61,2108,62.25065631057839,99996,21,14,0,0,189,128,0.003170126805072203,14,9,49813,49867,150,108,0,0,0,0,0,0,99714,0,0,0,0,0,0,0,0,0,0,282,0,0,0,0,0,0
62,2108,63.08135803228606,99996,17,17,0,0,190,131,0.0032101284051362054,19,9,49808,49864,154,108,0,0,0,0,0,0,99709,0,0,0,0,0,0,0,0,0,0,287,0,0,0,0,0,0
63,2108,64.01705207232665,99996,13,14,0,0,190,133,0.0032301292051682066,22,7,49805,49864,158,113,0,0,0,0,0,0,99700,0,0,0,0,0,0,0,0,0,0,296,0,0,0,0,0,0
64,2108,65.13929571500199,99996,16,13,0,0,194,135,0.0032901316052642107,19,6,49804,49863,159,116,0,0,0,0,0,0,99696,0,0,0,0,0,0,0,0,0,0,300,0,0,0,0,0,0
65,2108,66.1787580840038,99996,19,14,0,0,199,137,0.003360134405376215,15,6,49804,49861,160,117,0,0,0,0,0,0,99693,0,0,0,0,0,0,0,0,0,0,303,0,0,0,0,0,0
66,2108,67.00311495881176,99996,24,16,0,0,205,140,0.0034501380055202207,12,7,49802,49857,160,118,0,0,0,0,0,0,99691,0,0,0,0,0,0,0,0,0,0,305,0,0,0,0,0,0
67,2108,68.11891568458365,99996,21,14,0,0,208,143,0.0035101404056162248,12,6,49801,49855,164,123,0,0,0,0,0,0,99680,0,0,0,0,0,0,0,0,0,0,316,0,0,0,0,0,0
68,2108,69.1098933995463,99996,19,16,0,0,212,145,0.0035701428057122284,13,8,49796,49851,170,123,0,0,0,0,0,0,99674,0,0,0,0,0,0,0,0,0,0,322,0,0,0,0,0,0
69,2108,70.03254289509306,99996,16,14,0,0,212,147,0.0035901436057442296,17,7,49792,49852,173,125,0,0,0,0,0,0,99667,0,0,0,0,0,0,0,0,0,0,329,0,0,0,0,0,0
70,2108,71.05207332701677,99996,22,16,0,0,220,150,0.003700148005920237,18,6,49785,49852,173,124,0,0,0,0,0,0,99664,0,0,0,0,0,0,0,0,0,0,332,0,0,0,0,0,0
71,2108,72.07320440368143,99996,25,16,0,0,225,152,0.0037701508060322413,16,4,49782,49853,175,125,0,0,0,0,0,0,99660,0,0,0,0,0,0,0,0,0,0,336,0,0,0,0,0,0
72,2108,73.08356271612722,99996,27,14,0,0,232,152,0.0038401536061442457,12,7,49780,49851,179,126,0,0,0,0,0,0,99653,0,0,0,0,0,0,0,0,0,0,343,0,0,0,0,0,0
73,2108,74.00249568335336,99996,29,14,0,0,236,153,0.003890155606224249,13,11,49777,49846,179,127,0,0,0,0,0,0,99650,0,0,0,0,0,0,0,0,0,0,346,0,0,0,0,0,0
74,2108,75.00238197119761,99996,29,13,0,0,239,155,0.003940157606304252,15,9,49772,49846,182,130,0,0,0,0,0,0,99644,0,0,0,0,0,0,0,0,0,0,352,0,0,0,0,0,0
75,2108,76.00628793164984,99996,27,12,0,0,240,156,0.003960158406336254,15,9,49771,49845,185,132,0,0,0,0,0,0,99639,0,0,0,0,0,0,0,0,0,0,357,0,0,0,0,0,0
76,2108,77.29901831228453,99995,26,11,0,1,244,158,0.004020201010050502,15,8,49768,49845,189,133,0,0,0,0,0,0,99631,0,0,0,0,0,0,0,0,0,0,364,0,0,0,0,0,0
77,2108,78.23413759879648,99994,30,11,1,1,249,160,0.004090245414724883,17,6,49762,49845,188,135,0,0,0,0,0,0,99628,0,0,0,0,0,0,0,0,0,0,366,0,0,0,0,0,0
78,2108,79.03861498791943,99994,29,10,1,1,254,161,0.0041502490149408966,13,8,49762,49842,193,137,0,0,0,0,0,0,99620,0,0,0,0,0,0,0,0,0,0,374,0,0,0,0,0,0
79,2108,80.08182963359738,99994,31,11,1,1,257,163,0.004200252015120907,15,10,49758,49839,193,137,0,0,0,0,0,0,99618,0,0,0,0,0,0,0,0,0,0,376,0,0,0,0,0,0
80,2108,81.11549662150308,99994,32,9,1,1,261,164,0.004250255015300918,17,10,49753,49838,195,140,0,0,0,0,0,0,99612,0,0,0,0,0,0,0,0,0,0,382,0,0,0,0,0,0
81,2108,82.0358810824138,99994,27,12,1,1,262,167,0.004290257415444926,20,8,49749,49837,201,140,0,0,0,0,0,0,99606,0,0,0,0,0,0,0,0,0,0,388,0,0,0,0,0,0
82,2108,83.04193164743275,99994,28,15,1,1,265,171,0.004360261615696942,18,8,49748,49833,203,141,0,0,0,0,0,0,99603,0,0,0,0,0,0,0,0,0,0,391,0,0,0,0,0,0
83,2108,84.08422696255107,99994,27,15,1,1,270,172,0.004420265215912955,19,9,49743,49831,208,142,0,0,0,0,0,0,99596,0,0,0,0,0,0,0,0,0,0,398,0,0,0,0,0,0
84,2108,85.19239836725461,99994,29,16,1,1,276,174,0.004500270016200972,19,12,49737,49826,212,143,0,0,0,0,0,0,99591,0,0,0,0,0,0,0,0,0,0,403,0,0,0,0,0,0
85,2108,86.20875284116526,99994,25,18,1,1,280,177,0.0045702742164529875,20,13,49732,49824,220,142,0,0,0,0,0,0,99582,0,0,0,0,0,0,0,0,0,0,412,0,0,0,0,0,0
86,2108,87.18835771212792,99994,22,13,1,1,281,177,0.00458027481648899,25,15,49728,49822,222,147,0,0,0,0,0,0,99573,0,0,0,0,0,0,0,0,0,0,421,0,0,0,0,0,0
87,2108,88.20927074928876,99994,24,16,1,1,285,181,0.004660279616777007,25,16,49724,49817,224,148,0,0,0,0,0,0,99570,0,0,0,0,0,0,0,0,0,0,424,0,0,0,0,0,0
88,2108,89.19429882709288,99994,28,18,1,1,292,184,0.0047602856171370285,23,18,49721,49813,225,148,0,0,0,0,0,0,99566,0,0,0,0,0,0,0,0,0,0,428,0,0,0,0,0,0
89,2108,90.2267319684946,99994,31,22,1,1,298,189,0.004870292217533052,25,18,49714,49808,227,149,0,0,0,0,0,0,99562,0,0,0,0,0,0,0,0,0,0,432,0,0,0,0,0,0
90,2108,91.11986538078149,99994,36,22,1,1,306,193,0.004990299417965078,22,15,49711,49808,228,152,0,0,0,0,0,0,99555,0,0,0,0,0,0,0,0,0,0,439,0,0,0,0,0,0
91,2108,92.00250231863534,99994,37,23,1,1,311,197,0.005080304818289097,25,13,49703,49806,232,155,0,0,0,0,0,0,99548,0,0,0,0,0,0,0,0,0,0,446,0,0,0,0,0,0
92,2108,93.23065036746979,99994,36,18,1,1,320,199,0.005190311418685121,27,12,49693,49806,241,161,0,0,0,0,0,0,99531,0,0,0,0,0,0,0,0,0,0,463,0,0,0,0,0,0
93,2108,94.0535923113088,99994,33,23,1,1,322,206,0.00528031681900914,33,6,49685,49806,246,162,0,0,0,0,0,0,99524,0,0,0,0,0,0,0,0,0,0,470,0,0,0,0,0,0
94,2108,95.14322327451401,99994,38,21,1,1,333,208,0.0054103246194771686,31,7,49676,49804,252,165,0,0,0,0,0,0,99514,0,0,0,0,0,0,0,0,0,0,480,0,0,0,0,0,0
95,2108,96.13982864356767,99994,40,24,1,1,341,212,0.005530331819909195,28,8,49671,49799,258,166,0,0,0,0,0,0,99507,0,0,0,0,0,0,0,0,0,0,487,0,0,0,0,0,0
96,2108,97.19668580008437,99994,45,24,1,1,347,214,0.005610336620197212,25,11,49668,49796,259,166,0,0,0,0,0,0,99504,0,0,0,0,0,0,0,0,0,0,490,0,0,0,0,0,0
97,2108,98.02736819011304,99994,49,30,1,1,353,221,0.00574034442066524,23,9,49664,49793,261,165,0,0,0,0,0,0,99501,0,0,0,0,0,0,0,0,0,0,493,0,0,0,0,0,0
98,2108,99.14045732238199,99994,48,25,1,1,363,224,0.005870352221133268,18,9,49660,49790,271,173,0,0,0,0,0,0,99482,0,0,0,0,0,0,0,0,0,0,512,0,0,0,0,0,0
99,2108,100.03644168967016,99994,46,23,1,1,370,224,0.005940356421385283,20,13,49653,49788,278,173,0,0,0,0,0,0,99471,0,0,0,0,0,0,0,0,0,0,523,0,0,0,0,0,0
100,2108,101.0571671049646,99994,47,28,1,1,376,230,0.006060363621817309,21,14,49646,49781,283,174,0,0,0,0,0,0,99465,0,0,0,0,0,0,0,0,0,0,529,0,0,0,0,0,0
101,2108,102.09163792593216,99994,45,24,1,1,381,236,0.0061703702222133325,19,14,49645,49776,288,183,0,0,0,0,0,0,99448,0,0,0,0,0,0,0,0,0,0,546,0,0,0,0,0,0
102,2108,103.04423329548932,99994,44,25,1,1,384,239,0.006230373822429346,20,17,49642,49770,291,185,0,0,0,0,0,0,99442,0,0,0,0,0,0,0,0,0,0,552,0,0,0,0,0,0
103,2108,104.30982655610639,99994,42,28,1,1,389,246,0.006350381022861372,19,16,49640,49764,296,189,0,0,0,0,0,0,99431,0,0,0,0,0,0,0,0,0,0,563,0,0,0,0,0,0
104,2108,105.07557949853046,99994,43,29,1,1,396,250,0.006460387623257395,17,14,49636,49762,301,192,0,0,0,0,0,0,99422,0,0,0,0,0,0,0,0,0,0,572,0,0,0,0,0,0
105,2108,106.12632949552477,99994,38,29,1,1,399,256,0.006550393023581415,28,15,49624,49756,307,197,0,0,0,0,0,0,99408,0,0,0,0,0,0,0,0,0,0,586,0,0,0,0,0,0
106,2108,107.05376915289597,99994,41,30,1,1,406,259,0.006650399023941436,26,18,49619,49750,311,199,0,0,0,0,0,0,99402,0,0,0,0,0,0,0,0,0,0,592,0,0,0,0,0,0
107,2108,108.18794641527226,99994,46,30,1,1,416,262,0.006780406824409464,26,17,49610,49749,315,201,0,0,0,0,0,0,99394,0,0,0,0,0,0,0,0,0,0,600,0,0,0,0,0,0
108,2108,109.12894101205349,99994,41,29,1,1,423,265,0.006880412824769486,30,20,49599,49743,327,205,0,0,0,0,0,0,99378,0,0,0,0,0,0,0,0,0,0,616,0,0,0,0,0,0
109,2108,110.07493878222651,99994,41,29,1,1,428,268,0.006960417625057503,31,20,49594,49741,331,207,0,0,0,0,0,0,99370,0,0,0,0,0,0,0,0,0,0,624,0,0,0,0,0,0
110,2108,111.24864786395166,99994,44,33,1,1,438,272,0.007100426025561534,26,22,49591,49735,336,207,0,0,0,0,0,0,99363,0,0,0,0,0,0,0,0,0,0,631,0,0,0,0,0,0
111,2108,112.24393015894316,99994,45,32,1,1,444,276,0.007200432025921555,25,18,49588,49735,339,212,0,0,0,0,0,0,99353,0,0,0,0,0,0,0,0,0,0,641,0,0,0,0,0,0
112,2108,113.11309309851327,99994,45,32,1,1,449,280,0.007290437426245575,24,17,49585,49732,343,216,0,0,0,0,0,0,99344,0,0,0,0,0,0,0,0,0,0,650,0,0,0,0,0,0
113,2108,114.00870699202213,99994,45,33,1,1,455,286,0.007410444626677601,20,16,49584,49728,348,220,0,0,0,0,0,0,99333,0,0,0,0,0,0,0,0,0,0,661,0,0,0,0,0,0
114,2108,115.03098422298699,99994,46,30,1,1,460,288,0.007480448826929616,25,20,49575,49722,351,225,0,0,0,0,0,0,99324,0,0,0,0,0,0,0,0,0,0,670,0,0,0,0,0,0
115,2108,116.2369734986088,99994,50,32,1,1,473,293,0.0076604596275776544,25,22,49563,49715,359,228,0,0,0,0,0,0,99312,0,0,0,0,0,0,0,0,0,0,682,0,0,0,0,0,0
116,2108,117.01688525327704,99994,47,35,1,1,477,297,0.0077404644278656716,27,23,49558,49711,365,228,0,0,0,0,0,0,99304,0,0,0,0,0,0,0,0,0,0,690,0,0,0,0,0,0
117,2108,118.01275329521214,99994,46,38,1,1,484,302,0.007860471628297698,28,23,49553,49707,370,229,0,0,0,0,0,0,99294,0,0,0,0,0,0,0,0,0,0,700,0,0,0,0,0,0
118,2108,119.0087204289388,99994,46,36,1,1,489,305,0.007940476428585716,33,25,49543,49702,375,234,0,0,0,0,0,0,99284,0,0,0,0,0,0,0,0,0,0,710,0,0,0,0,0,0
119,2108,120.00484132325145,99993,47,43,2,1,502,314,0.0081605712399868,28,20,49535,49699,386,235,0,0,0,0,0,0,99271,0,0,1,0,0,0,0,0,0,0,721,0,0,0,0,0,0
120,2108,121.16682711431298,99993,42,38,2,1,508,320,0.00828057964057484,30,21,49528,49692,396,246,0,0,0,0,0,0,99250,0,0,2,0,0,0,0,0,0,0,741,0,0,0,0,0,0
121,2108,122.11980369928442,99993,48,41,2,1,514,328,0.008420589441260888,30,18,49526,49687,392,251,0,0,0,0,0,0,99245,0,0,2,0,0,0,0,0,0,0,746,0,0,0,0,0,0
122,2108,123.27979154209433,99993,53,37,2,1,524,333,0.00857059994199594,27,18,49520,49682,396,260,0,0,0,0,0,0,99231,0,0,2,0,0,0,0,0,0,0,760,0,0,0,0,0,0
123,2108,124.15182488807233,99993,62,36,2,1,539,338,0.008770613942976008,27,16,49507,49680,400,265,0,0,0,0,0,0,99219,0,0,2,0,0,0,0,0,0,0,772,0,0,0,0,0,0
124,2108,125.31362048288327,99993,58,36,2,1,547,345,0.00892062444371106,35,15,49492,49678,411,268,0,0,0,0,0,0,99200,0,0,2,0,0,0,0,0,0,0,791,0,0,0,0,0,0
125,2108,126.02400418038239,99993,63,32,2,1,557,349,0.009060634244397108,34,13,49484,49677,415,275,0,0,0,0,0,0,99187,0,0,2,0,0,0,0,0,0,0,804,0,0,0,0,0,0
126,2108,127.04791108313513,99993,63,34,2,1,565,352,0.009170641944936145,32,13,49481,49674,420,276,0,0,0,0,0,0,99179,0,0,3,0,0,0,0,0,0,0,811,0,0,0,0,0,0
127,2108,128.1421166950146,99993,57,32,2,1,576,357,0.009330653145720201,37,16,49465,49667,437,282,0,0,0,0,0,0,99155,0,0,3,0,0,0,0,0,0,0,835,0,0,0,0,0,0
128,2108,129.13967325154582,99993,60,32,2,1,587,358,0.00945066154630824,33,21,49461,49664,442,280,0,0,0,0,0,0,99146,0,0,3,0,0,0,0,0,0,0,844,0,0,0,0,0,0
129,2108,130.33146161834938,99993,68,32,2,1,600,363,0.009630674147190304,29,25,49453,49655,446,285,0,0,0,0,0,0,99136,0,0,3,0,0,0,0,0,0,0,854,0,0,0,0,0,0
130,2108,131.3292033772501,99993,68,36,2,1,608,371,0.009790685347974358,32,24,49444,49649,452,288,0,0,0,0,0,0,99124,0,0,3,0,0,0,0,0,0,0,866,0,0,0,0,0,0
131,2108,132.32708269417498,99993,71,40,2,1,624,377,0.010010700749052434,33,24,49429,49643,463,290,0,0,0,0,0,0,99109,0,0,3,0,0,0,0,0,0,0,881,0,0,0,0,0,0
132,2108,133.32519544402157,99993,66,45,2,1,630,386,0.010160711249787485,40,21,49417,49638,473,293,0,0,0,0,0,0,99094,0,0,3,0,0,0,0,0,0,0,896,0,0,0,0,0,0
133,2108,134.32351273860945,99993,62,41,2,1,635,389,0.010240716850179512,45,23,49408,49633,481,300,0,0,0,0,0,0,99078,0,0,3,0,0,0,0,0,0,0,912,0,0,0,0,0,0
134,2108,135.32201353474017,99993,62,37,2,1,644,392,0.010360725250767554,49,23,49396,49630,489,307,0,0,0,0,0,0,99062,0,0,3,0,0,0,0,0,0,0,928,0,0,0,0,0,0
135,2108,136.32071483931006,99993,68,39,2,1,658,399,0.010570739951796625,44,20,49389,49626,495,312,0,0,0,0,0,0,99049,0,0,3,0,0,0,0,0,0,0,941,0,0,0,0,0,0
136,2108,137.3180370013063,99993,70,40,2,1,669,403,0.010720750452531676,49,24,49375,49620,502,313,0,0,0,0,0,0,99037,0,0,3,0,0,0,0,0,0,0,953,0,0,0,0,0,0
137,2108,138.31707350963765,99993,74,41,2,1,682,410,0.010920764453511745,54,24,49359,49616,509,316,0,0,0,0,0,0,99022,0,0,3,0,0,0,0,0,0,0,968,0,0,0,0,0,0
138,2108,139.31633248991102,99993,81,41,2,1,696,416,0.011120778454491815,50,22,49354,49614,511,320,0,0,0,0,0,0,99009,0,0,3,0,0,0,0,0,0,0,981,0,0,0,0,0,0
139,2108,140.3157148420846,99993,79,42,2,1,705,422,0.011270788955226867,60,20,49337,49611,520,324,0,0,0,0,0,0,98993,0,0,3,0,0,0,0,0,0,0,997,0,0,0,0,0,0
140,2108,141.0788773757203,99993,85,41,2,1,718,426,0.011440800856059924,54,25,49333,49603,524,328,0,0,0,0,0,0,98981,0,0,3,0,0,0,0,0,0,0,1009,0,0,0,0,0,0
141,2108,142.07857979269718,99993,78,48,2,1,729,438,0.011670816957187004,53,17,49326,49601,539,331,0,0,0,0,0,0,98958,0,0,3,0,0,0,0,0,0,0,1032,0,0,0,0,0,0
142,2108,143.07848461557393,99993,71,45,2,1,739,440,0.011790825357775044,55,22,49317,49594,553,336,0,0,0,0,0,0,98936,0,0,3,0,0,0,0,0,0,0,1054,0,0,0,0,0,0
143,2108,144.07863940163975,99993,73,41,2,1,753,443,0.011960837258608102,51,24,49308,49591,564,341,0,0,0,0,0,0,98917,0,0,3,0,0,0,0,0,0,0,1073,0,0,0,0,0,0
144,2108,145.0789904578809,99993,75,37,2,1,765,444,0.012090846359245146,55,27,49293,49587,573,346,0,0,0,0,0,0,98902,0,0,3,0,0,0,0,0,0,0,1088,0,0,0,0,0,0
145,2108,146.07958562520773,99993,75,39,2,1,774,452,0.012260858260078205,62,24,49278,49582,581,352,0,0,0,0,0,0,98887,0,0,3,0,0,0,0,0,0,0,1103,0,0,0,0,0,0
146,2108,147.0804336248724,99993,80,41,2,1,791,458,0.012490874361205285,61,26,49268,49574,587,356,0,0,0,0,0,0,98871,0,0,3,0,0,0,0,0,0,0,1119,0,0,0,0,0,0
147,2108,148.08138328164847,99993,89,43,2,1,810,467,0.01277089396257738,52,25,49262,49569,593,360,0,0,0,0,0,0,98854,0,0,3,0,0,0,0,0,0,0,1136,0,0,0,0,0,0
148,2108,149.08249437732806,99993,88,39,2,1,824,471,0.012950906563459442,54,26,49248,49567,606,365,0,0,0,0,0,0,98831,0,0,3,0,0,0,0,0,0,0,1159,0,0,0,0,0,0
149,2108,150.0838996066892,99993,84,38,2,1,836,475,0.013110917764243496,55,24,49238,49567,619,368,0,0,0,0,0,0,98810,0,0,3,0,0,0,0,0,0,0,1180,0,0,0,0,0,0
150,2108,151.08554321813006,99993,91,38,2,1,857,480,0.013370935965517586,56,24,49218,49562,631,373,0,0,0,0,0,0,98791,0,0,3,0,0,0,0,0,0,0,1199,0,0,0,0,0,0
151,2108,152.08748029610945,99993,91,36,2,1,864,484,0.013480943666056623,58,25,49210,49558,637,378,0,0,0,0,0,0,98778,0,0,3,0,0,0,0,0,0,0,1212,0,0,0,0,0,0
152,2108,153.0895983750126,99993,94,38,2,1,876,490,0.013660956266938687,67,25,49189,49554,646,380,0,0,0,0,0,0,98765,0,0,3,0,0,0,0,0,0,0,1225,0,0,0,0,0,0
153,2108,154.09200395312467,99993,98,44,2,1,894,502,0.01396097726840879,68,23,49171,49545,659,385,0,0,0,0,0,0,98745,0,0,3,0,0,0,0,0,0,0,1245,0,0,0,0,0,0
154,2108,155.09469951653804,99993,101,44,2,1,914,507,0.014210994769633875,63,22,49159,49543,673,388,0,0,0,0,0,0,98723,0,0,3,0,0,0,0,0,0,0,1267,0,0,0,0,0,0
155,2108,156.0976624052702,99993,99,44,2,1,927,513,0.01440100807056494,67,21,49144,49538,686,394,0,0,0,0,0,0,98702,0,0,3,0,0,0,0,0,0,0,1288,0,0,0,0,0,0
156,2108,157.10090837471665,99993,101,39,2,1,942,517,0.014591021371496005,67,29,49133,49527,695,402,0,0,0,0,0,0,98680,0,0,3,0,0,0,0,0,0,0,1310,0,0,0,0,0,0
157,2108,158.10435973179688,99993,106,41,2,1,961,527,0.014881041672917103,59,23,49123,49524,708,409,0,0,0,0,0,0,98659,0,0,4,0,0,0,0,0,0,0,1330,0,0,0,0,0,0
158,2108,159.10803511874656,99993,114,41,2,1,980,532,0.015121058474093186,54,25,49112,49517,716,414,0,0,0,0,0,0,98643,0,0,4,0,0,0,0,0,0,0,1346,0,0,0,0,0,0
159,2108,160.11190524244023,99993,112,41,2,1,998,539,0.015371075975318272,54,27,49096,49510,734,419,0,0,0,0,0,0,98616,0,0,4,0,0,0,0,0,0,0,1373,0,0,0,0,0,0
160,2108,161.11608470299728,99993,111,43,2,1,1015,548,0.01563109417659236,55,24,49082,49506,748,424,0,0,0,0,0,0,98591,0,0,4,0,0,0,0,0,0,0,1398,0,0,0,0,0,0
161,2108,162.12056768845693,99993,101,45,2,1,1025,553,0.015781104677327414,55,29,49078,49498,762,425,0,0,0,0,0,0,98568,0,0,4,0,0,0,0,0,0,0,1421,0,0,0,0,0,0
162,2108,163.12522406866202,99993,95,40,2,1,1033,557,0.015901113077915453,57,32,49073,49492,771,433,0,0,0,0,0,0,98545,0,0,4,0,0,0,0,0,0,0,1444,0,0,0,0,0,0
163,2108,164.13006445508228,99993,97,44,2,1,1048,567,0.01615113057914054,59,29,49057,49485,783,439,0,0,0,0,0,0,98526,0,0,4,0,0,0,0,0,0,0,1463,0,0,0,0,0,0
164,2108,165.1351575733726,99993,95,36,2,1,1060,570,0.01630114107987559,60,34,49046,49480,795,447,0,0,0,0,0,0,98501,0,0,4,0,0,0,0,0,0,0,1488,0,0,0,0,0,0
165,2108,166.1404997833485,99993,103,40,2,1,1075,578,0.01653115718100267,58,34,49035,49473,800,450,0,0,0,0,0,0,98490,0,0,4,0,0,0,0,0,0,0,1499,0,0,0,0,0,0
166,2108,167.14600715918615,99993,98,48,2,1,1093,591,0.016841178882521776,53,31,49025,49464,820,454,0,0,0,0,0,0,98463,0,0,5,0,0,0,0,0,0,0,1525,0,0,0,0,0,0
167,2108,168.15178488464656,99993,101,53,2,1,1109,600,0.017091196383746864,52,36,49013,49453,830,455,0,0,0,0,0,0,98446,0,0,5,0,0,0,0,0,0,0,1542,0,0,0,0,0,0
168,2108,169.15777031679937,99993,105,53,2,1,1125,608,0.017331213184922943,52,36,48999,49446,840,462,0,0,0,0,0,0,98426,0,0,5,0,0,0,0,0,0,0,1562,0,0,0,0,0,0
169,2108,170.16398137973502,99993,100,55,2,1,1135,616,0.017511225785805006,59,39,48986,49438,851,465,0,0,0,0,0,0,98405,0,0,5,0,0,0,0,0,0,0,1583,0,0,0,0,0,0
170,2108,171.1704125646572,99993,108,55,2,1,1152,624,0.017761243287030094,60,36,48971,49435,857,471,0,0,0,0,0,0,98389,0,0,6,0,0,0,0,0,0,0,1598,0,0,0,0,0,0
171,2108,172.17706133992158,99993,107,57,2,1,1168,632,0.018001260088206173,59,34,48962,49432,868,474,0,0,0,0,0,0,98366,0,0,6,0,0,0,0,0,0,0,1621,0,0,0,0,0,0
172,2108,173.18389997269668,99993,104,55,2,1,1179,637,0.01816127128899023,68,36,48947,49426,877,480,0,0,0,0,0,0,98345,0,0,6,0,0,0,0,0,0,0,1642,0,0,0,0,0,0
173,2108,174.19100772931037,99993,108,57,2,1,1193,644,0.0183712859900193,80,37,48922,49419,886,484,0,0,0,0,0,0,98330,0,0,6,0,0,0,0,0,0,0,1657,0,0,0,0,0,0
174,2108,175.1984258740338,99993,117,53,2,1,1213,650,0.018631304191293392,77,39,48910,49411,892,494,0,0,0,0,0,0,98309,0,0,6,0,0,0,0,0,0,0,1678,0,0,0,0,0,0
175,2108,176.2060486687381,99993,118,57,2,1,1229,662,0.018911323792665486,77,31,48895,49407,906,502,0,0,0,0,0,0,98286,0,0,6,0,0,0,0,0,0,0,1701,0,0,0,0,0,0
176,2108,177.21396997477717,99993,124,61,2,1,1247,669,0.019161341293890573,81,33,48874,49399,917,504,0,0,0,0,0,0,98271,0,0,6,0,0,0,0,0,0,0,1716,0,0,0,0,0,0
177,2108,178.22222167640257,99993,120,63,2,1,1264,678,0.019421359495164662,87,32,48857,49394,932,508,0,0,0,0,0,0,98243,0,0,6,0,0,0,0,0,0,0,1744,0,0,0,0,0,0
178,2108,179.23081958726132,99993,128,60,2,1,1290,684,0.01974138189673277,89,33,48834,49388,945,516,0,0,0,0,0,0,98216,0,0,6,0,0,0,0,0,0,0,1771,0,0,0,0,0,0
179,2108,180.2397652257491,99992,138,64,3,1,1316,694,0.020101608128650292,80,37,48819,49376,958,520,0,0,0,0,0,0,98194,0,0,6,0,0,0,0,0,0,0,1792,0,0,0,0,0,0
180,2108,181.24893939306222,99992,131,64,3,1,1336,703,0.020391631330506442,84,32,48798,49375,982,526,0,0,0,0,0,0,98159,0,0,7,0,0,0,0,0,0,0,1826,0,0,0,0,0,0
181,2108,182.2586025862512,99992,140,63,3,1,1364,709,0.020731658532682613,74,39,48784,49364,997,531,0,0,0,0,0,0,98134,0,0,8,0,0,0,0,0,0,0,1850,0,0,0,0,0,0
182,2108,183.2685570544112,99992,136,66,3,1,1379,721,0.02100168013441075,79,39,48765,49356,1015,536,0,0,0,0,0,0,98109,0,0,11,0,0,0,0,0,0,0,1872,0,0,0,0,0,0
183,2108,184.27885091718005,99992,131,63,3,1,1392,728,0.021201696135690857,85,43,48749,49348,1030,543,0,0,0,0,0,0,98081,0,0,11,0,0,0,0,0,0,0,1900,0,0,0,0,0,0
184,2108,185.28953840992412,99992,127,69,3,1,1405,739,0.02144171533722698,95,40,48726,49342,1047,546,0,0,0,0,0,0,98059,0,0,11,0,0,0,0,0,0,0,1922,0,0,0,0,0,0
185,2108,186.300564263069,99992,137,71,3,1,1435,753,0.021881750540043203,85,35,48708,49334,1065,557,0,0,0,0,0,0,98027,0,0,11,0,0,0,0,0,0,0,1954,0,0,0,0,0,0
186,2108,187.3119796277549,99992,141,68,3,1,1456,764,0.022201776142091366,87,32,48690,49327,1077,570,0,0,0,0,0,0,97996,0,0,11,0,0,0,0,0,0,0,1985,0,0,0,0,0,0
187,2108,188.3237598279337,99991,138,64,4,1,1475,774,0.022492024282185396,88,34,48672,49319,1096,580,0,0,0,0,0,0,97960,0,0,11,0,0,0,0,0,0,0,2020,0,0,0,0,0,0
188,2108,189.33593878071474,99991,143,51,4,1,1498,776,0.02274204678421058,85,40,48652,49313,1114,593,0,0,0,0,0,0,97927,0,0,11,0,0,0,0,0,0,0,2053,0,0,0,0,0,0
189,2108,190.01095007854477,99991,142,56,4,1,1513,787,0.023002070186316767,89,39,48636,49303,1127,599,0,0,0,0,0,0,97905,0,0,11,0,0,0,0,0,0,0,2075,0,0,0,0,0,0
190,2108,191.02380550515946,99991,150,54,4,1,1538,795,0.02333209988899001,88,41,48618,49298,1138,604,0,0,0,0,0,0,97879,0,0,12,0,0,0,0,0,0,0,2100,0,0,0,0,0,0
191,2108,192.0370433648388,99991,148,56,4,1,1556,805,0.023612125091258214,93,38,48595,49292,1158,611,0,0,0,0,0,0,97851,0,0,12,0,0,0,0,0,0,0,2128,0,0,0,0,0,0
192,2108,193.05070998031755,99991,150,62,4,1,1580,818,0.023982158394255482,99,40,48567,49279,1178,616,0,0,0,0,0,0,97822,0,0,12,0,0,0,0,0,0,0,2157,0,0,0,0,0,0
193,2108,194.06480312872833,99991,149,58,4,1,1603,824,0.024272184496604694,95,47,48550,49269,1200,623,0,0,0,0,0,0,97788,0,0,12,0,0,0,0,0,0,0,2191,0,0,0,0,0,0
194,2108,195.0792692529563,99991,156,56,4,1,1622,832,0.02454220879879189,100,51,48529,49261,1209,629,0,0,0,0,0,0,97767,0,0,13,0,0,0,0,0,0,0,2211,0,0,0,0,0,0
195,2108,196.09407840772383,99991,165,62,4,1,1653,848,0.025012251102599234,88,46,48518,49252,1223,637,0,0,0,0,0,0,97736,0,0,14,0,0,0,0,0,0,0,2241,0,0,0,0,0,0
196,2108,197.10918494692868,99991,160,65,4,1,1677,862,0.02539228530567751,92,45,48494,49241,1248,646,0,0,0,0,0,0,97696,0,0,14,0,0,0,0,0,0,0,2281,0,0,0,0,0,0
197,2108,198.1247396505452,99991,167,64,4,1,1706,876,0.025822324009160826,86,44,48475,49228,1266,661,0,0,0,0,0,0,97659,0,0,14,0,0,0,0,0,0,0,2318,0,0,0,0,0,0
198,2108,199.14068565242178,99991,167,65,4,1,1732,886,0.026182356412077088,81,48,48458,49215,1288,669,0,0,0,0,0,0,97624,0,0,14,0,0,0,0,0,0,0,2353,0,0,0,0,0,0
199,2108,200.15701367771283,99991,167,65,4,1,1752,900,0.026522387014831336,80,40,48449,49213,1298,679,0,0,0,0,0,0,97590,0,0,14,0,0,0,0,0,0,0,2387,0,0,0,0,0,0
200,2108,201.17355383693564,99991,167,64,4,1,1775,909,0.026842415817423568,78,45,48436,49211,1313,677,0,0,0,0,0,0,97557,0,0,14,0,0,0,0,0,0,0,2420,0,0,0,0,0,0
201,2108,202.19040680047857,99991,152,61,4,1,1789,917,0.027062435619205728,88,47,48422,49206,1332,683,0,0,0,0,0,0,97517,0,0,14,0,0,0,0,0,0,0,2460,0,0,0,0,0,0
202,2108,203.20761486114716,99991,161,64,4,1,1823,931,0.027542478823094078,75,47,48408,49194,1350,692,0,0,0,0,0,0,97481,0,0,14,0,0,0,0,0,0,0,2496,0,0,0,0,0,0
203,2108,204.22513227438597,99991,160,71,4,1,1844,945,0.027892510325929334,83,46,48383,49184,1368,696,0,0,0,0,0,0,97453,0,0,15,0,0,0,0,0,0,0,2523,0,0,0,0,0,0
204,2108,205.2430745631663,99991,164,73,4,1,1864,956,0.02820253822844056,87,45,48363,49175,1380,704,0,0,0,0,0,0,97428,0,0,15,0,0,0,0,0,0,0,2548,0,0,0,0,0,0
205,2108,206.26134963212112,99991,167,76,4,1,1890,969,0.028592573331599844,89,47,48339,49161,1399,713,0,0,0,0,0,0,97397,0,0,15,1,0,0,0,0,0,0,2578,0,0,0,0,0,0
206,2108,207.2800349900659,99991,161,80,4,1,1912,981,0.028932603934354092,91,49,48323,49147,1419,721,0,0,0,0,0,0,97361,0,0,15,1,0,0,0,0,0,0,2614,0,0,0,0,0,0
207,2108,208.29907193583847,99991,165,85,4,1,1939,994,0.029332639937594385,90,47,48305,49137,1434,728,0,0,0,0,0,0,97331,0,0,16,1,0,0,0,0,0,0,2643,0,0,0,0,0,0
208,2108,209.31844757278034,99991,149,90,4,1,1955,1014,0.029692672340510647,106,33,48281,49134,1458,740,0,0,0,0,0,0,97284,0,0,16,1,0,0,0,0,0,0,2690,0,0,0,0,0,0
209,2108,210.33834593039782,99991,144,87,4,1,1978,1021,0.029992699342940864,98,42,48271,49124,1481,744,0,0,0,0,0,0,97247,0,0,17,1,0,0,0,0,0,0,2726,0,0,0,0,0,0
210,2108,211.01847241542134,99991,145,89,4,1,1994,1032,0.03026272364512806,95,41,48260,49116,1494,751,0,0,0,0,0,0,97223,0,0,17,1,0,0,0,0,0,0,2750,0,0,0,0,0,0
211,2108,212.03894657517617,99991,152,96,4,1,2019,1042,0.030612755147963317,92,45,48246,49107,1504,749,0,0,0,0,0,0,97202,0,0,17,1,0,0,0,0,0,0,2771,0,0,0,0,0,0
212,2108,213.05969262202822,99990,152,88,5,1,2042,1053,0.030953095309530953,83,51,48237,49091,1521,767,0,0,0,0,0,0,97161,0,0,18,1,0,0,0,0,0,0,2810,0,0,0,0,0,0
213,2108,214.08071216744415,99990,148,85,5,1,2059,1062,0.031213121312131213,98,62,48210,49074,1537,776,0,0,0,0,0,0,97128,0,0,18,1,0,0,0,0,0,0,2843,0,0,0,0,0,0
214,2108,215.10214273489694,99990,158,86,5,1,2089,1078,0.03167316731673167,97,59,48187,49067,1551,785,0,0,0,0,0,0,97093,0,0,18,1,0,0,0,0,0,0,2878,0,0,0,0,0,0
215,2108,216.12393485038882,99989,164,97,6,1,2115,1101,0.03216353798917881,95,47,48167,49062,1566,791,0,0,0,0,0,0,97062,0,0,19,1,0,0,0,0,0,0,2907,0,0,0,0,0,0
216,2108,217.1461191999166,99989,161,94,6,1,2137,1113,0.03250357539329326,104,52,48143,49048,1584,803,0,0,0,0,0,0,97022,0,0,19,1,0,0,0,0,0,0,2947,0,0,0,0,0,0
217,2108,218.16874237261075,99989,168,94,6,1,2165,1125,0.03290361939813379,104,55,48119,49036,1601,812,0,0,0,0,0,0,96990,0,0,20,1,0,0,0,0,0,0,2978,0,0,0,0,0,0
218,2108,219.1918023439084,99989,171,96,6,1,2192,1138,0.033303663402974325,106,48,48098,49034,1617,819,0,0,0,0,0,0,96955,0,0,20,1,0,0,0,0,0,0,3013,0,0,0,0,0,0
219,2108,220.21525687769548,99989,169,90,6,1,2211,1148,0.03359369530648371,111,51,48078,49025,1634,831,0,0,0,0,0,0,96918,0,0,20,1,0,0,0,0,0,0,3050,0,0,0,0,0,0
220,2108,221.23909963816124,99989,179,90,6,1,2239,1160,0.033993739311324246,106,47,48061,49017,1646,843,0,0,0,0,0,0,96889,0,0,21,1,0,0,0,0,0,0,3078,0,0,0,0,0,0
221,2108,222.26331897026873,99989,173,81,6,1,2267,1164,0.03431377451519667,108,64,48035,49000,1676,852,0,0,0,0,0,0,96843,0,0,22,1,0,0,0,0,0,0,3123,0,0,0,0,0,0
222,2108,223.28806318668663,99988,177,84,7,1,2298,1181,0.03479417530103612,102,70,48016,48982,1696,861,0,0,0,0,0,0,96803,0,0,23,1,0,0,0,0,0,0,3161,0,0,0,0,0,0
223,2108,224.31322848822438,99987,175,90,8,1,2318,1203,0.035214577895126366,121,58,47984,48976,1710,873,0,0,0,0,0,0,96767,0,0,25,1,0,0,0,0,0,0,3194,0,0,0,0,0,0
224,2108,225.3388760003015,99987,183,97,8,1,2351,1219,0.035704641603408444,115,62,47965,48958,1727,880,0,0,0,0,0,0,96734,0,0,26,1,0,0,0,0,0,0,3226,0,0,0,0,0,0
225,2108,226.02283894341835,99987,193,97,8,1,2373,1228,0.03601468190864812,117,63,47944,48948,1736,889,0,0,0,0,0,0,96713,0,0,26,1,0,0,0,0,0,0,3247,0,0,0,0,0,0
226,2108,227.04911311813296,99986,198,100,8,2,2403,1247,0.03650511071550017,115,63,47922,48932,1755,901,0,0,0,0,0,0,96673,0,0,27,1,0,0,0,0,0,0,3285,0,0,0,0,0,0
227,2108,228.07577570916223,99986,197,109,8,2,2440,1268,0.037085191926869765,115,57,47897,48919,1781,911,0,0,0,0,0,0,96623,0,0,27,1,0,0,0,0,0,0,3335,0,0,0,0,0,0
228,2108,229.10297434021857,99986,206,109,8,2,2478,1287,0.037655271738043325,113,58,47870,48901,1801,928,0,0,0,0,0,0,96575,0,0,27,1,0,0,0,0,0,0,3383,0,0,0,0,0,0
229,2108,230.13067961002392,99986,208,120,8,2,2513,1307,0.038205348748824836,109,58,47848,48883,1825,935,0,0,0,0,0,0,96534,0,0,28,1,0,0,0,0,0,0,3423,0,0,0,0,0,0
230,2108,231.15883708748905,99985,210,121,8,3,2538,1327,0.03865579836975546,123,52,47815,48872,1842,950,0,0,0,0,0,0,96492,0,0,28,1,0,0,0,0,0,0,3464,0,0,0,0,0,0
231,2108,232.18759689571198,99985,210,115,8,3,2575,1343,0.03918587788168225,127,56,47779,48853,1874,971,0,0,0,0,0,0,96435,0,0,30,1,0,0,0,0,0,0,3519,0,0,0,0,0,0
232,2108,233.21702392772886,99985,212,117,8,3,2613,1361,0.03974596189428414,121,50,47757,48842,1900,986,0,0,0,0,0,0,96384,0,0,31,1,0,0,0,0,0,0,3569,0,0,0,0,0,0
233,2108,234.24700338570915,99985,220,109,8,3,2642,1376,0.04018602790418563,127,48,47734,48831,1909,1007,0,0,0,0,0,0,96340,0,0,31,1,0,0,0,0,0,0,3613,0,0,0,0,0,0
234,2108,235.27740430993254,99985,210,105,8,3,2672,1387,0.040596089413412015,132,53,47706,48817,1942,1020,0,0,0,0,0,0,96286,0,0,32,1,0,0,0,0,0,0,3666,0,0,0,0,0,0
235,2108,236.30846938242397,99985,214,102,8,3,2703,1397,0.041006150922638394,133,61,47681,48805,1962,1027,0,0,0,0,0,0,96246,0,0,32,1,0,0,0,0,0,0,3706,0,0,0,0,0,0
236,2108,237.3400176953587,99984,211,107,9,3,2732,1413,0.041456633061289806,133,57,47658,48796,1987,1035,0,0,0,0,0,0,96203,0,0,32,1,0,0,0,0,0,0,3748,0,0,0,0,0,0
237,2108,238.0279909965321,99984,219,107,9,3,2758,1428,0.04186669867178749,123,54,47646,48788,2001,1046,0,0,0,0,0,0,96172,0,0,34,1,0,0,0,0,0,0,3777,0,0,0,0,0,0
238,2108,239.06031232070882,99984,219,104,9,3,2793,1439,0.04232677228356537,121,54,47622,48782,2027,1055,0,0,0,0,0,0,96125,0,0,36,1,0,0,0,0,0,0,3822,0,0,0,0,0,0
239,2108,240.09318437809824,99984,213,111,9,3,2811,1455,0.042666826692270766,133,63,47597,48759,2046,1062,0,0,0,0,0,0,96093,0,0,37,1,0,0,0,0,0,0,3853,0,0,0,0,0,0
240,2108,241.126463899037,99984,226,106,9,3,2843,1466,0.043096895503280525,130,66,47577,48747,2056,1076,0,0,0,0,0,0,96060,0,0,39,1,0,0,0,0,0,0,3884,0,0,0,0,0,0
241,2108,242.16013333998828,99984,209,114,9,3,2868,1483,0.04351696271403425,146,68,47542,48731,2092,1082,0,0,0,0,0,0,96009,0,0,39,1,0,0,0,0,0,0,3935,0,0,0,0,0,0
242,2108,243.19444863386175,99984,207,106,9,3,2899,1492,0.04391702672427589,148,83,47516,48709,2118,1097,0,0,0,0,0,0,95959,0,0,39,1,0,0,0,0,0,0,3985,0,0,0,0,0,0
243,2108,244.22937719368161,99984,206,115,9,3,2932,1518,0.0445071211393823,147,78,47487,48692,2149,1110,0,0,0,0,0,0,95908,0,0,39,1,0,0,0,0,0,0,4036,0,0,0,0,0,0
244,2108,245.26490431079873,99984,217,111,9,3,2970,1533,0.04503720595295247,130,83,47475,48678,2167,1123,0,0,0,0,0,0,95862,0,0,39,1,0,0,0,0,0,0,4082,0,0,0,0,0,0
245,2108,246.3007661269692,99983,213,111,9,4,2995,1551,0.04546772951401738,147,80,47436,48664,2193,1139,0,0,0,0,0,0,95815,0,0,39,1,0,0,0,0,0,0,4128,0,0,0,0,0,0
246,2108,247.33731304570924,99983,216,104,9,4,3029,1567,0.04596781452846984,151,82,47406,48648,2216,1160,0,0,0,0,0,0,95763,0,0,41,1,0,0,0,0,0,0,4178,0,0,0,0,0,0
247,2108,248.02870886288284,99982,223,107,10,4,3057,1585,0.04642835710427877,154,86,47383,48629,2228,1172,0,0,0,0,0,0,95727,0,0,41,1,0,0,0,0,0,0,4213,0,0,0,0,0,0
248,2108,249.0661897668681,99982,236,113,10,4,3095,1603,0.046988457922426036,147,91,47366,48607,2239,1183,0,0,0,0,0,0,95694,0,0,45,1,0,0,0,0,0,0,4242,0,0,0,0,0,0
249,2108,250.10402342908156,99982,233,125,10,4,3131,1633,0.047648576743813884,149,77,47338,48595,2268,1197,0,0,0,0,0,0,95637,0,0,45,1,0,0,0,0,0,0,4299,0,0,0,0,0,0
250,2108,251.1424339205448,99982,240,136,10,4,3175,1659,0.04834870276649797,145,67,47306,48584,2297,1207,0,0,0,0,0,0,95586,0,0,46,1,0,0,0,0,0,0,4349,0,0,0,0,0,0
251,2108,252.18149702304194,99982,250,141,10,4,3215,1681,0.048968814386589586,155,64,47267,48569,2316,1220,0,0,0,0,0,0,95539,0,0,46,1,0,0,0,0,0,0,4396,0,0,0,0,0,0
252,2108,253.22113654647956,99982,257,139,10,4,3256,1700,0.049568922406033084,147,66,47240,48553,2344,1236,0,0,0,0,0,0,95485,0,0,47,1,0,0,0,0,0,0,4449,0,0,0,0,0,0
253,2108,254.26137595308506,99982,244,140,10,4,3285,1715,0.050009001620291656,155,73,47214,48537,2375,1244,0,0,0,0,0,0,95430,0,0,48,1,0,0,0,0,0,0,4503,0,0,0,0,0,0
254,2108,255.30222965903832,99982,259,142,10,4,3326,1738,0.050649116841031384,150,72,47183,48519,2396,1261,0,0,0,0,0,0,95384,0,0,49,1,0,0,0,0,0,0,4548,0,0,0,0,0,0
255,2108,256.34368372083026,99982,279,140,10,4,3379,1754,0.05133924106339141,147,77,47139,48501,2423,1276,0,0,0,0,0,0,95336,0,0,52,1,0,0,0,0,0,0,4593,0,0,0,0,0,0
256,2108,257.0384246949388,99982,274,141,10,4,3403,1765,0.051689304074733454,146,82,47122,48486,2446,1285,0,0,0,0,0,0,95297,0,0,52,1,0,0,0,0,0,0,4632,0,0,0,0,0,0
257,2108,258.0810898941726,99982,260,143,10,4,3434,1790,0.05224940489288072,153,70,47089,48476,2486,1305,0,0,0,0,0,0,95232,0,0,55,1,0,0,0,0,0,0,4694,0,0,0,0,0,0
258,2108,259.1245781190509,99982,252,126,10,4,3476,1802,0.05278950211037987,153,76,47055,48463,2528,1329,0,0,0,0,0,0,95154,0,0,56,1,0,0,0,0,0,0,4771,0,0,0,0,0,0
259,2108,260.1689283399611,99982,259,144,10,4,3515,1833,0.05348962813306395,155,75,47027,48439,2547,1336,0,0,0,0,0,0,95109,0,0,56,1,0,0,0,0,0,0,4816,0,0,0,0,0,0
260,2108,261.2137813456861,99981,256,150,11,4,3549,1851,0.054010261949770454,152,77,47002,48426,2577,1341,0,0,0,0,0,0,95060,0,0,56,1,0,0,0,0,0,0,4864,0,0,0,0,0,0
261,2108,262.25920906629796,99981,262,137,11,4,3592,1864,0.054570368369990296,148,90,46970,48405,2607,1362,0,0,0,0,0,0,94997,0,0,56,1,0,0,0,0,0,0,4927,0,0,0,0,0,0
262,2108,263.30530070354314,99981,271,125,11,4,3633,1884,0.05518048429201548,138,85,46952,48395,2626,1389,0,0,0,0,0,0,94934,0,0,57,1,0,0,0,0,0,0,4989,0,0,0,0,0,0
263,2108,264.0029848184304,99980,277,120,12,4,3660,1897,0.05558111622324465,142,90,46932,48378,2635,1406,0,0,0,0,0,0,94895,0,0,57,1,0,0,0,0,0,0,5027,0,0,0,0,0,0
264,2108,265.04991007404976,99980,284,131,12,4,3698,1926,0.05625125025005001,155,90,46894,48357,2653,1416,0,0,0,0,0,0,94846,0,0,57,1,0,0,0,0,0,0,5076,0,0,0,0,0,0
265,2108,266.0973899376552,99980,289,132,12,4,3743,1946,0.05690138027605521,156,91,46855,48342,2686,1429,0,0,0,0,0,0,94787,0,0,57,1,0,0,0,0,0,0,5135,0,0,0,0,0,0
266,2108,267.1456969196765,99980,294,130,12,4,3786,1961,0.05748149629925985,158,95,46824,48328,2710,1441,0,0,0,0,0,0,94733,0,0,58,1,0,0,0,0,0,0,5188,0,0,0,0,0,0
267,2108,268.19457024137336,99980,293,133,12,4,3834,1988,0.058231646329265856,167,84,46785,48315,2741,1462,0,0,0,0,0,0,94663,0,0,61,1,0,0,0,0,0,0,5255,0,0,0,0,0,0
268,2108,269.2442933217822,99980,302,141,12,4,3884,2018,0.059031806361272254,164,74,46753,48302,2767,1477,0,0,0,0,0,0,94604,0,0,65,1,0,0,0,0,0,0,5310,0,0,0,0,0,0
269,2108,270.29470623338193,99979,303,129,13,4,3934,2037,0.05972254173376409,157,75,46719,48291,2806,1499,0,0,0,0,0,0,94528,0,0,69,1,0,0,0,0,0,0,5381,0,0,0,0,0,0
270,2108,271.34600958466024,99978,297,120,13,5,3974,2057,0.060323271119646325,170,78,46674,48273,2844,1522,0,0,0,0,0,0,94457,0,0,73,1,0,0,0,0,0,0,5447,0,0,0,0,0,0
271,2108,272.0474218856941,99978,291,123,13,5,4002,2070,0.06073336133949469,170,86,46648,48262,2876,1522,0,0,0,0,0,0,94414,0,0,74,1,0,0,0,0,0,0,5489,0,0,0,0,0,0
272,2108,273.10029172261125,99977,293,117,14,5,4047,2091,0.06139412064774898,182,85,46604,48247,2905,1544,0,0,0,0,0,0,94344,0,0,74,1,0,0,0,0,0,0,5558,0,0,0,0,0,0
273,2108,274.15402493450836,99976,303,125,15,5,4093,2115,0.0620949027766664,189,85,46559,48228,2932,1555,0,0,0,0,0,0,94293,0,0,75,1,0,0,0,0,0,0,5607,0,0,0,0,0,0
274,2108,275.20850655191146,99975,308,134,16,5,4147,2143,0.06291572893223306,183,82,46521,48209,2970,1568,0,0,0,0,0,0,94227,0,0,77,1,0,0,0,0,0,0,5670,0,0,0,0,0,0
275,2108,276.26383344679255,99975,308,136,16,5,4193,2166,0.06360590147536885,184,84,46482,48188,3008,1585,0,0,0,0,0,0,94162,0,0,79,1,0,0,0,0,0,0,5733,0,0,0,0,0,0
276,2108,277.32001171625916,99975,307,145,16,5,4235,2195,0.06431607901975493,206,81,46428,48168,3041,1599,0,0,0,0,0,0,94100,0,0,80,1,0,0,0,0,0,0,5794,0,0,0,0,0,0
277,2108,278.0246631839987,99975,301,146,16,5,4266,2209,0.06476619154788697,201,89,46408,48153,3072,1605,0,0,0,0,0,0,94053,0,0,83,1,0,0,0,0,0,0,5838,0,0,0,0,0,0
278,2108,279.0822822302078,99975,312,143,16,5,4319,2231,0.06551637909477369,191,94,46378,48134,3101,1622,0,0,0,0,0,0,93988,0,0,85,1,0,0,0,0,0,0,5901,0,0,0,0,0,0
279,2108,280.14058131441845,99975,322,147,16,5,4372,2253,0.06626656664166042,188,94,46342,48117,3130,1635,0,0,0,0,0,0,93932,0,0,88,2,0,0,0,0,0,0,5953,0,0,0,0,0,0
280,2108,281.1995638635834,99975,328,140,16,5,4427,2263,0.06691672918229558,185,113,46303,48093,3166,1647,0,0,0,0,0,0,93867,0,0,89,2,0,0,0,0,0,0,6017,0,0,0,0,0,0
281,2108,282.25940789777854,99974,318,152,17,5,4470,2294,0.06765759097365315,209,105,46255,48076,3199,1660,0,0,0,0,0,0,93797,0,0,91,2,0,0,0,0,0,0,6084,0,0,0,0,0,0
282,2108,283.32016774374245,99973,335,156,18,5,4532,2323,0.06856851349864464,193,98,46222,48060,3230,1679,0,0,0,0,0,0,93729,0,0,93,2,0,0,0,0,0,0,6149,0,0,0,0,0,0
283,2108,284.0277436275313,99973,342,150,18,5,4577,2337,0.06915867284166725,179,103,46201,48047,3258,1693,0,0,0,0,0,0,93671,0,0,93,2,0,0,0,0,0,0,6207,0,0,0,0,0,0
284,2108,285.0898277040511,99973,337,151,18,5,4619,2364,0.06984885919198183,203,100,46149,48028,3291,1714,0,0,0,0,0,0,93600,0,0,95,2,0,0,0,0,0,0,6276,0,0,0,0,0,0
285,2108,286.15293737143537,99973,347,151,18,5,4664,2389,0.07054904824302562,212,105,46108,48006,3313,1731,0,0,0,0,0,0,93542,0,0,97,2,0,0,0,0,0,0,6332,0,0,0,0,0,0
286,2108,287.21674204709234,99972,339,156,19,5,4717,2416,0.07134997799383827,205,105,46066,47987,3369,1745,0,0,0,0,0,0,93463,0,0,101,2,0,0,0,0,0,0,6406,0,0,0,0,0,0
287,2108,288.28156112324433,99972,339,161,19,5,4772,2440,0.07214019925579163,214,106,46014,47966,3412,1760,0,0,0,0,0,0,93390,0,0,102,2,0,0,0,0,0,0,6478,0,0,0,0,0,0
288,2108,289.34746022625154,99972,354,161,19,5,4836,2459,0.07297043172088184,201,110,45975,47949,3449,1773,0,0,0,0,0,0,93322,0,0,102,2,0,0,0,0,0,0,6546,0,0,0,0,0,0
289,2108,290.058554186018,99972,348,168,19,5,4869,2479,0.07350058016244548,198,103,45959,47939,3474,1783,0,0,0,0,0,0,93272,0,0,104,2,0,0,0,0,0,0,6594,0,0,0,0,0,0
290,2108,291.12584219016435,99972,350,177,19,5,4929,2512,0.0744308406353779,196,95,45920,47918,3513,1803,0,0,0,0,0,0,93192,0,0,106,2,0,0,0,0,0,0,6672,0,0,0,0,0,0
291,2108,292.1940135426221,99972,346,179,19,5,4984,2538,0.0752410674988997,198,99,45875,47895,3560,1820,0,0,0,0,0,0,93113,0,0,110,2,0,0,0,0,0,0,6747,0,0,0,0,0,0
292,2108,293.263145590875,99972,336,170,19,5,5028,2558,0.07588124674908975,209,111,45843,47870,3591,1842,0,0,0,0,0,0,93031,0,0,111,2,0,0,0,0,0,0,6828,0,0,0,0,0,0
293,2108,294.33310428214594,99972,345,171,19,5,5083,2585,0.07670147641339575,210,114,45803,47846,3621,1862,0,0,0,0,0,0,92964,0,0,116,2,0,0,0,0,0,0,6890,0,0,0,0,0,0
294,2108,295.0468048415042,99972,356,167,19,5,5128,2598,0.07728163885888048,191,125,45784,47830,3648,1871,0,0,0,0,0,0,92917,0,0,120,2,0,0,0,0,0,0,6933,0,0,0,0,0,0
295,2108,296.11803598577643,99972,355,164,19,5,5173,2635,0.0781018685231865,203,113,45744,47809,3677,1907,0,0,0,0,0,0,92834,0,0,123,2,0,0,0,0,0,0,7013,0,0,0,0,0,0
296,2108,297.1901459031078,99972,366,162,19,5,5233,2660,0.07895210658984515,201,113,45700,47791,3712,1927,0,0,0,0,0,0,92761,0,0,126,2,0,0,0,0,0,0,7083,0,0,0,0,0,0
297,2108,298.2632333269699,99970,356,173,21,5,5286,2697,0.07985395618685606,207,100,45651,47772,3763,1948,0,0,0,0,0,0,92674,0,0,128,2,0,0,0,0,0,0,7166,0,0,0,0,0,0
298,2108,299.3373444687908,99969,375,162,22,5,5347,2722,0.08071502165671358,202,108,45611,47750,3788,1973,0,0,0,0,0,0,92601,0,0,133,2,0,0,0,0,0,0,7233,0,0,0,0,0,0
299,2108,300.0539061047835,99969,374,156,22,5,5393,2732,0.08127519531054626,197,114,45575,47745,3830,1978,0,0,0,0,0,0,92541,0,0,136,2,0,0,0,0,0,0,7290,0,0,0,0,0,0
300,2108,301.12980025743343,99968,362,156,23,5,5439,2759,0.08200624199743918,211,112,45528,47725,3874,2000,0,0,0,0,0,0,92457,0,0,137,2,0,0,0,0,0,0,7372,0,0,0,0,0,0
301,2108,302.20683405274644,99968,373,159,23,5,5499,2790,0.082916533290653,201,105,45489,47711,3912,2018,0,0,0,0,0,0,92384,0,0,141,2,0,0,0,0,0,0,7441,0,0,0,0,0,0
302,2108,303.284796987109,99967,362,169,23,6,5545,2821,0.08368761691358148,211,103,45446,47688,3956,2032,0,0,0,0,0,0,92314,0,0,149,2,0,0,0,0,0,0,7502,0,0,0,0,0,0
303,2108,304.0040117439651,99967,367,171,23,6,5593,2840,0.08435783808656856,193,107,45427,47669,3988,2045,0,0,0,0,0,0,92256,0,0,151,2,0,0,0,0,0,0,7558,0,0,0,0,0,0
304,2108,305.0835282790633,99967,357,170,23,6,5640,2864,0.0850680724639131,200,105,45386,47661,4032,2056,0,0,0,0,0,0,92176,0,0,153,2,0,0,0,0,0,0,7636,0,0,0,0,0,0
305,2108,306.1641263904619,99967,356,174,23,6,5704,2890,0.08596836956195544,192,113,45346,47633,4081,2072,0,0,0,0,0,0,92092,0,0,156,2,0,0,0,0,0,0,7717,0,0,0,0,0,0
306,2108,307.2457000192476,99967,353,179,23,6,5756,2923,0.08681865015455101,193,106,45312,47615,4117,2092,0,0,0,0,0,0,92014,0,0,161,2,0,0,0,0,0,0,7790,0,0,0,0,0,0
307,2108,308.3281620297625,99967,373,172,23,6,5817,2950,0.08769894065041464,203,108,45263,47593,4136,2119,0,0,0,0,0,0,91945,0,0,167,2,0,0,0,0,0,0,7853,0,0,0,0,0,0
308,2108,309.05023122154506,99967,358,169,23,6,5848,2963,0.08813908589834646,215,108,45232,47588,4170,2127,0,0,0,0,0,0,91887,0,0,171,2,0,0,0,0,0,0,7907,0,0,0,0,0,0
309,2108,310.13424722849385,99967,381,173,23,6,5913,2990,0.08905938959856753,212,111,45189,47567,4193,2141,0,0,0,0,0,0,91827,0,0,176,2,0,0,0,0,0,0,7962,0,0,0,0,0,0
310,2108,311.2190964180725,99967,392,185,23,6,5975,3024,0.09001970650314604,215,105,45147,47544,4221,2158,0,0,0,0,0,0,91759,0,0,181,2,0,0,0,0,0,0,8025,0,0,0,0,0,0
311,2108,312.30476769388446,99967,386,182,23,6,6034,3053,0.09089999699900968,224,108,45096,47521,4269,2181,0,0,0,0,0,0,91667,0,0,186,2,0,0,0,0,0,0,8112,0,0,0,0,0,0
312,2108,313.0292036718233,99967,392,182,23,6,6077,3075,0.09155021156981805,235,106,45054,47507,4294,2197,0,0,0,0,0,0,91610,0,0,188,2,0,0,0,0,0,0,8167,0,0,0,0,0,0
313,2108,314.1168507467426,99966,420,195,24,6,6147,3112,0.09262149130704439,237,106,45005,47482,4312,2209,0,0,0,0,0,0,91547,0,0,189,3,0,0,0,0,0,0,8227,0,0,0,0,0,0
314,2108,315.20526022161164,99965,416,196,25,6,6210,3143,0.0935627469614365,245,104,44951,47463,4361,2229,0,0,0,0,0,0,91455,0,0,194,3,0,0,0,0,0,0,8313,0,0,0,0,0,0
315,2108,316.29498900890076,99965,415,181,25,6,6274,3167,0.09444305506927425,244,113,44908,47438,4406,2260,0,0,0,0,0,0,91357,0,0,198,4,0,0,0,0,0,0,8406,0,0,0,0,0,0
316,2108,317.0220567178503,99965,420,175,25,6,6326,3186,0.09515330365627969,228,106,44886,47428,4439,2283,0,0,0,0,0,0,91287,0,0,200,4,0,0,0,0,0,0,8474,0,0,0,0,0,0
317,2108,318.1134829642373,99963,420,183,27,6,6389,3224,0.09616558126506808,227,97,44849,47407,4475,2305,0,0,0,0,0,0,91200,0,0,206,4,0,0,0,0,0,0,8553,0,0,0,0,0,0
318,2108,319.20574613242735,99963,417,178,27,6,6442,3248,0.09693586627052009,222,118,44827,47375,4505,2321,0,0,0,0,0,0,91117,0,0,208,4,0,0,0,0,0,0,8634,0,0,0,0,0,0
319,2108,320.2987427744453,99963,421,185,27,6,6506,3281,0.09790622530336224,232,111,44774,47353,4543,2342,1,1,1,1,0,0,91035,0,0,214,4,0,0,0,0,0,2,8708,0,0,0,0,0,0
320,2108,321.02799705452895,99962,412,181,28,6,6546,3298,0.09847742142013965,234,113,44748,47337,4574,2359,2,2,2,2,0,0,90968,0,0,219,4,0,0,0,0,0,4,8767,0,0,0,0,0,0
321,2108,322.03870102240023,99961,412,174,29,6,6599,3326,0.0992887226018147,243,122,44710,47309,4601,2384,3,3,3,3,0,0,90884,0,0,225,4,0,0,0,0,0,6,8842,0,0,0,0,0,0
322,2108,323.1413758667861,99961,412,171,29,6,6638,3346,0.09987895279158872,249,123,44674,47292,4630,2402,4,4,4,4,0,0,90823,0,0,228,4,0,0,0,0,0,8,8898,0,0,0,0,0,0
323,2108,324.11256944792467,99960,417,178,29,7,6698,3376,0.10078031212484995,244,123,44632,47275,4671,2410,5,5,5,5,0,0,90744,0,0,229,4,0,0,0,0,0,10,8973,0,0,0,0,0,0
324,2108,325.08485497734205,99960,414,182,29,7,6746,3402,0.10152060824329733,264,130,44581,47250,4704,2423,6,6,6,6,0,0,90673,0,0,230,5,0,0,0,0,0,11,9040,1,0,0,0,0,0
325,2108,326.14199898095035,99960,414,188,29,7,6813,3430,0.10247098839535815,261,138,44529,47221,4758,2437,7,7,7,7,0,0,90587,0,0,235,5,0,0,0,0,0,13,9119,1,0,0,0,0,0
326,2108,327.0505634872537,99960,415,200,29,7,6868,3463,0.10335134053621449,253,130,44492,47201,4801,2452,8,8,8,8,0,0,90516,0,0,241,5,0,0,0,0,0,15,9182,1,0,0,0,0,0
327,2108,328.0143021847968,99959,411,199,29,8,6925,3495,0.10424273952320451,242,119,44462,47186,4845,2477,9,9,9,9,0,0,90427,0,0,247,5,0,0,0,0,0,16,9262,2,0,0,0,0,0
328,2108,329.0027881278387,99958,411,200,30,8,7001,3520,0.10525420676684208,223,129,44424,47163,4900,2488,10,10,10,10,0,0,90328,0,0,250,5,0,0,0,0,0,18,9355,2,0,0,0,0,0
329,2108,330.04377615463505,99958,406,198,30,8,7058,3549,0.10611456811860982,231,124,44377,47151,4943,2506,11,11,11,11,0,0,90237,0,0,254,5,0,0,0,0,0,20,9440,2,0,0,0,0,0
330,2108,331.02984571880484,99958,408,194,30,8,7117,3577,0.1069849336721423,219,122,44355,47138,4974,2524,12,12,12,12,0,0,90148,0,0,256,5,0,0,0,0,0,22,9525,2,0,0,0,0,0
331,2108,332.0000921352991,99958,404,194,30,8,7178,3601,0.1078352908221453,215,128,44317,47113,5019,2542,13,13,13,13,0,0,90060,0,0,259,5,0,0,0,0,0,24,9608,2,0,0,0,0,0
332,2108,333.00559726215795,99958,404,213,30,8,7231,3636,0.10871566057744253,221,123,44280,47090,5049,2550,14,14,14,14,0,0,89993,0,0,263,5,0,0,0,0,0,26,9669,2,0,0,0,0,0
333,2108,334.05909835828237,99958,401,213,30,8,7297,3668,0.10969607235038717,218,132,44233,47064,5101,2566,15,15,15,15,0,0,89900,0,0,271,5,0,0,0,0,0,26,9752,4,0,0,0,0,0
334,2108,335.0036794635757,99958,393,207,30,8,7344,3701,0.11049640849156646,232,119,44198,47050,5130,2598,15,16,16,16,0,0,89808,0,0,275,5,0,0,0,0,0,28,9838,4,0,0,0,0,0
335,2108,336.025522332119,99958,390,211,30,8,7411,3738,0.11153684547509954,233,103,44154,47040,5175,2619,16,17,17,17,0,0,89709,0,0,281,5,0,0,0,0,0,30,9929,4,0,0,0,0,0
336,2108,337.0051715770368,99958,379,213,30,8,7464,3761,0.11229716480921988,233,111,44119,47016,5220,2632,17,18,18,18,0,0,89627,0,0,286,5,0,0,0,0,0,32,10004,4,0,0,0,0,0
337,2108,338.0254570164445,99958,365,225,30,8,7504,3794,0.11302747153804597,248,113,44081,46988,5256,2645,18,19,19,19,0,0,89553,0,0,288,5,0,0,0,0,0,33,10074,5,0,0,0,0,0
338,2108,339.0245599650293,99957,385,223,30,9,7573,3828,0.1140590453895175,235,108,44046,46972,5283,2666,19,20,20,20,0,0,89471,0,0,291,6,0,0,0,0,0,35,10149,5,0,0,0,0,0
339,2108,340.018121435371,99955,387,221,32,9,7633,3852,0.11490170576759542,230,113,44014,46954,5315,2680,20,21,21,21,0,0,89392,0,0,298,6,0,0,0,0,0,37,10217,5,0,0,0,0,0
340,2108,341.040137713418,99955,380,221,32,9,7684,3878,0.11567205242359062,226,111,43988,46941,5351,2694,21,22,22,22,0,0,89312,0,0,304,6,0,0,0,0,0,39,10289,5,0,0,0,0,0
341,2108,342.18183295610896,99953,399,211,34,9,7769,3917,0.11691495002651246,211,111,43954,46916,5378,2728,22,23,23,23,0,0,89204,0,0,312,6,0,0,0,0,0,40,10385,6,0,0,0,0,0
342,2108,343.2965968926099,99951,388,202,35,10,7818,3940,0.11763764244479795,224,128,43919,46881,5409,2753,23,24,24,24,0,0,89120,0,0,322,6,0,0,0,0,0,42,10455,6,0,0,0,0,0
343,2108,344.0401821621855,99951,385,199,35,10,7856,3960,0.11821792678412422,232,131,43894,46866,5428,2767,24,25,25,25,0,0,89058,0,0,326,6,0,0,0,0,0,44,10511,6,0,0,0,0,0
344,2108,345.15627955331115,99951,376,206,35,10,7912,3997,0.11914838270752669,223,123,43876,46846,5463,2787,25,26,26,27,0,0,88965,0,0,331,6,0,0,0,0,0,47,10596,6,0,0,0,0,0
345,2108,346.2730659735657,99951,381,213,35,10,7969,4037,0.12011885824053786,218,122,43836,46818,5502,2807,26,28,28,29,0,0,88882,0,0,337,6,0,0,0,0,0,51,10669,6,0,0,0,0,0
346,2108,347.0181625467867,99951,378,213,35,10,8006,4059,0.12070914748226631,214,123,43821,46799,5522,2823,28,30,30,31,0,0,88822,0,0,342,6,0,0,0,0,0,54,10720,7,0,0,0,0,0
347,2108,348.13641736472846,99951,388,211,35,10,8062,4094,0.12161959360086443,217,115,43788,46782,5540,2848,30,32,32,33,0,0,88740,0,0,345,6,0,0,0,0,0,56,10795,9,0,0,0,0,0
348,2108,349.25551079051144,99949,376,201,37,10,8120,4126,0.12252248646809873,238,111,43729,46764,5586,2878,32,34,34,35,0,0,88630,0,0,351,6,0,0,0,0,0,60,10893,9,0,0,0,0,0
349,2108,350.0023569577362,99949,383,204,37,10,8160,4147,0.12313279772684069,235,111,43708,46751,5600,2886,35,36,37,38,0,0,88579,0,0,357,6,0,0,0,0,0,66,10932,9,0,0,0,0,0
350,2108,351.1233169514095,99947,389,194,38,11,8224,4176,0.12406575485007054,227,116,43680,46727,5627,2912,37,38,40,41,0,0,88485,0,0,366,6,0,0,0,0,0,72,11009,9,0,0,0,0,0
351,2108,352.2450943701644,99947,396,189,38,11,8290,4202,0.12498624270863558,219,115,43651,46709,5654,2933,40,41,43,44,0,0,88398,0,0,372,6,0,0,0,0,0,75,11084,12,0,0,0,0,0
352,2108,353.3675973964783,99947,384,195,38,11,8358,4237,0.126016788898116,208,119,43612,46675,5712,2953,44,45,47,48,0,0,88288,0,0,378,6,0,0,0,0,0,82,11180,13,0,0,0,0,0
353,2108,354.11656220927824,99947,390,191,38,11,8399,4255,0.1266071017639349,210,129,43589,46654,5723,2965,48,48,51,52,0,0,88228,0,0,382,6,0,0,0,0,0,89,11228,14,0,0,0,0,0
354,2108,355.24071565148614,99947,401,190,38,11,8464,4280,0.12750757901687895,203,141,43559,46619,5744,2984,53,53,56,57,0,0,88145,0,0,388,6,0,0,0,0,0,98,11295,15,0,0,0,0,0
355,2108,356.3655593530294,99947,395,193,38,11,8521,4317,0.12844807748106496,217,132,43514,46602,5776,3003,58,57,61,62,0,0,88051,0,0,400,6,0,0,0,0,0,107,11367,16,0,0,0,0,0
356,2108,357.11600152053444,99946,393,204,39,11,8557,4350,0.12913973545714685,218,117,43488,46587,5798,3016,62,63,67,67,0,0,87987,0,0,406,6,0,0,0,0,0,117,11413,17,0,0,0,0,0
357,2108,358.24256024798603,99945,390,197,40,11,8621,4373,0.13001150632848066,216,128,43448,46562,5836,3031,68,69,73,73,0,0,87888,0,0,416,6,0,0,0,0,0,129,11489,17,0,0,0,0,0
358,2108,359.3701676618037,99944,409,198,41,11,8684,4404,0.1309533338669655,208,132,43413,46536,5854,3045,73,76,80,80,0,0,87805,0,0,421,6,0,0,0,0,0,143,11552,17,0,0,0,0,0
359,2108,360.1223590724393,99944,411,204,41,11,8727,4431,0.1316537260866085,201,125,43391,46521,5874,3053,80,84,88,87,0,0,87734,0,0,425,6,0,0,0,0,0,156,11604,19,0,0,0,0,0
360,2108,361.2514386998242,99944,399,194,41,11,8788,4463,0.1325842471784199,200,123,43354,46493,5916,3084,88,93,97,95,0,0,87612,0,0,430,8,0,0,0,0,0,172,11702,20,0,0,0,0,0
361,2108,362.00478212275686,99943,388,187,42,11,8816,4484,0.13307585323634472,218,122,43316,46474,5937,3101,97,103,107,104,0,0,87531,0,0,433,8,0,0,0,0,0,189,11760,22,0,0,0,0,0
362,2108,363.1359062314979,99943,383,199,42,11,8874,4519,0.13400638363867404,207,127,43281,46441,5979,3106,106,114,118,113,0,0,87438,0,0,442,9,0,0,0,0,0,207,11823,24,0,0,0,0,0
363,2108,364.2681154294551,99943,375,197,42,11,8922,4551,0.1348068398987423,212,121,43240,46414,6013,3130,116,125,130,123,0,0,87332,0,0,446,9,0,0,0,0,0,227,11903,26,0,0,0,0,0
364,2108,365.0235612045556,99943,362,196,42,11,8950,4573,0.13530712506128492,220,107,43214,46407,6033,3139,127,138,143,134,0,0,87256,0,0,452,9,0,0,0,0,0,245,11949,32,0,0,0,0,0
365,2108,366.1576062543308,99943,367,186,42,11,9014,4593,0.1361476041343566,210,119,43183,46379,6057,3152,139,151,157,146,0,0,87146,0,0,454,9,0,0,0,0,0,268,12031,35,0,0,0,0,0
366,2108,367.2925955065327,99943,363,202,42,11,9068,4636,0.13711815734968932,205,103,43160,46349,6076,3169,152,164,172,159,0,0,87045,0,0,464,9,0,0,0,0,0,294,12094,37,0,0,0,0,0
367,2108,368.04965760286206,99942,352,202,43,11,9096,4661,0.13764983690540514,206,95,43140,46321,6091,3189,166,180,189,173,0,0,86962,0,0,471,9,0,0,0,0,0,320,12138,42,0,0,0,0,0
368,2108,369.1860928770276,99942,372,198,43,11,9166,4691,0.13865041724200036,186,102,43101,46278,6115,3211,181,198,207,188,0,0,86863,0,0,483,9,0,0,0,0,0,347,12192,48,0,0,0,0,0
369,2108,370.32342930499743,99942,368,200,43,11,9220,4722,0.13950091052810631,181,109,43067,46229,6141,3231,198,218,227,205,0,0,86755,0,0,491,10,0,0,0,0,0,378,12254,54,0,0,0,0,0
370,2108,371.08221433210105,99942,350,205,43,11,9246,4752,0.14006123551659963,181,102,43045,46195,6163,3247,216,238,249,223,0,0,86654,0,0,495,10,0,0,0,0,0,414,12311,58,0,0,0,0,0
371,2108,372.22139100526493,99942,356,196,43,11,9297,4780,0.14085169398250985,184,113,43001,46154,6179,3264,235,260,273,242,0,0,86541,0,0,499,11,0,0,0,0,0,450,12377,64,0,0,0,0,0
372,2108,373.3615945720169,99942,363,199,43,11,9352,4818,0.1417822336955434,200,105,42940,46116,6199,3285,253,282,299,263,0,0,86427,0,0,508,11,0,0,0,0,0,490,12435,71,0,0,0,0,0
373,2108,374.1224169638149,99942,364,196,43,11,9392,4839,0.1423925877008665,201,98,42905,46081,6211,3303,274,309,327,285,0,0,86325,0,0,511,12,0,0,0,0,0,533,12484,77,0,0,0,0,0
374,2108,375.26483252583813,99941,368,194,44,11,9451,4865,0.14324451426341542,190,115,42869,46033,6231,3310,296,335,357,309,0,0,86207,0,0,518,13,0,0,0,0,0,578,12539,86,0,0,0,0,0
375,2108,376.0269781500743,99941,369,195,44,11,9488,4888,0.14384486847239872,185,110,42827,46003,6252,3311,321,368,390,334,0,0,86109,0,0,524,14,0,0,0,0,0,625,12573,96,0,0,0,0,0
376,2108,377.17155175020685,99940,371,198,45,11,9550,4921,0.14479687812687614,178,120,42768,45946,6288,3321,348,402,425,361,0,0,85973,0,0,527,17,0,0,0,0,0,679,12641,103,0,0,0,0,0
377,2108,378.31767855748024,99940,362,203,45,11,9604,4961,0.1457374424654793,184,120,42715,45883,6316,3343,376,438,463,390,0,0,85827,0,0,536,17,0,0,0,0,0,736,12711,113,0,0,0,0,0
378,2108,379.0825694190137,99940,380,205,45,11,9656,4989,0.14653792275365218,167,110,42670,45840,6330,3354,406,478,504,421,0,0,85700,0,0,537,17,0,0,0,0,0,804,12765,117,0,0,0,0,0
379,2108,380.23134836687746,99940,363,202,45,11,9707,5016,0.14731839103462077,164,114,42613,45791,6375,3360,438,520,548,454,0,0,85548,0,0,548,18,0,0,0,0,0,871,12828,127,0,0,0,0,0
380,2108,381.38184241967184,99940,341,208,45,11,9747,5048,0.14803882329397638,181,115,42551,45730,6408,3369,472,565,595,489,0,0,85400,0,0,550,20,0,0,0,0,0,935,12892,143,0,0,0,0,0
381,2108,382.14983559392203,99940,341,200,45,11,9782,5069,0.1485991594956974,179,106,42507,45684,6420,3385,506,612,646,526,0,0,85264,0,0,554,20,0,0,0,0,0,1011,12936,155,0,0,0,0,0
382,2108,383.30336563778013,99940,331,198,45,11,9835,5099,0.14942965779467682,185,101,42451,45631,6443,3395,543,662,700,566,0,0,85100,0,0,562,20,0,0,0,0,0,1088,12998,172,0,0,0,0,0
383,2108,384.0732625125404,99940,334,198,45,11,9881,5119,0.15009005403241946,176,104,42395,45571,6465,3395,583,719,758,608,0,0,84965,0,0,571,21,0,0,0,0,0,1170,13024,189,0,0,0,0,0
384,2108,385.22997095293874,99940,335,202,45,11,9926,5150,0.1508505103061837,199,110,42322,45493,6471,3406,626,776,820,653,0,0,84813,0,0,577,22,0,0,0,0,0,1258,13063,207,0,0,0,0,0
385,2108,386.00202307611073,99940,345,202,45,11,9970,5176,0.151550930558335,189,99,42278,45432,6469,3414,672,840,886,700,0,0,84660,0,0,580,22,0,0,0,0,0,1354,13100,224,0,0,0,0,0
386,2108,387.1617066226454,99939,350,197,46,11,10029,5209,0.15247300853520648,175,97,42232,45360,6474,3425,721,908,957,750,0,0,84474,0,0,587,24,0,0,0,0,0,1457,13157,240,0,0,0,0,0
387,2108,388.32262082904646,99939,336,198,46,11,10068,5242,0.153193448003282,186,84,42169,45285,6489,3439,772,981,1032,803,0,0,84285,0,0,591,25,0,0,0,0,0,1566,13214,258,0,0,0,0,0
388,2108,389.09761344270396,99939,338,189,46,11,10103,5257,0.15369375318944556,186,86,42103,45206,6497,3445,828,1061,1112,859,0,0,84114,0,0,597,25,0,0,0,0,0,1686,13243,274,0,0,0,0,0
389,2108,390.2622576286223,99939,334,174,46,11,10153,5274,0.15436416213890472,186,97,42036,45118,6513,3459,883,1139,1197,918,0,0,83915,0,0,607,26,0,0,0,0,0,1810,13288,293,0,0,0,0,0
390,2108,391.0398097515065,99939,342,176,46,11,10189,5296,0.15494451615485447,190,93,41969,45030,6511,3463,940,1225,1287,980,0,0,83742,0,0,612,27,0,0,0,0,0,1942,13303,313,0,0,0,0,0
391,2108,392.2080738242294,99938,338,174,47,11,10243,5327,0.15579659388821068,197,92,41885,44928,6528,3478,1003,1315,1382,1045,0,0,83524,0,0,618,28,0,0,0,0,0,2076,13354,338,0,0,0,0,0
392,2108,393.3785963247834,99937,351,170,47,12,10295,5353,0.15657864454606402,201,84,41802,44831,6530,3488,1067,1413,1483,1114,0,0,83310,0,0,627,30,0,0,0,0,0,2232,13388,350,0,0,0,0,0
393,2108,394.1601641668215,99937,367,166,47,12,10350,5368,0.15727908582406916,189,86,41733,44732,6530,3484,1132,1518,1590,1186,0,0,83101,0,0,630,30,0,0,0,0,0,2386,13415,375,0,0,0,0,0
394,2108,395.33488157294596,99937,353,171,47,12,10408,5399,0.15816964687753285,182,78,41643,44623,6567,3490,1206,1624,1703,1262,0,0,82854,0,0,633,34,0,0,0,0,0,2542,13470,404,0,0,0,0,0
395,2108,396.1195103749894,99937,360,163,47,12,10447,5412,0.15868997468405094,181,87,41559,44506,6569,3490,1282,1740,1822,1341,0,0,82636,0,0,636,36,0,0,0,0,0,2713,13486,430,0,0,0,0,0
396,2108,397.2991105684865,99937,357,157,47,12,10503,5442,0.15955051682560012,180,85,41470,44379,6587,3506,1357,1859,1948,1424,0,0,82370,0,0,641,36,1,0,0,0,0,2890,13539,460,0,0,0,0,0
397,2108,398.0869725482116,99937,347,159,47,12,10539,5463,0.16012087615197573,184,86,41386,44243,6594,3510,1440,1988,2080,1511,0,0,82120,0,0,644,39,1,0,0,0,0,3081,13567,485,0,0,0,0,0
398,2108,399.2717361755419,99937,339,158,47,12,10593,5488,0.1609113741657244,183,97,41290,44110,6614,3503,1525,2118,2219,1602,0,0,81846,0,0,650,41,1,0,0,0,0,3275,13605,519,0,0,0,0,0
399,2108,400.06306276806947,99937,344,160,47,12,10637,5508,0.16155177761990053,184,90,41184,43978,6621,3502,1618,2256,2365,1697,0,0,81583,0,0,654,42,1,0,0,0,0,3486,13623,548,0,0,0,0,0
400,2108,401.253385904163,99937,341,158,47,12,10686,5533,0.1622922441137917,182,92,41084,43833,6636,3502,1708,2401,2519,1796,0,0,81292,0,0,660,45,1,0,0,0,0,3707,13655,577,0,0,0,0,0
401,2108,402.04860498813974,99936,335,153,48,12,10720,5548,0.1627841818764009,187,92,40977,43683,6643,3502,1808,2556,2680,1900,0,0,81013,0,0,663,48,1,0,0,0,0,3932,13665,614,0,0,0,0,0
402,2108,403.2451797334865,99936,337,144,48,12,10781,5567,0.16358469420429075,177,92,40866,43534,6658,3499,1912,2717,2849,2008,0,0,80693,0,0,673,48,1,0,0,0,0,4175,13698,648,0,0,0,0,0
403,2108,404.0447733363996,99935,347,142,48,13,10825,5586,0.164216740881573,175,88,40768,43376,6644,3498,2016,2881,3026,2120,0,0,80395,0,0,676,48,1,0,0,0,0,4421,13703,691,0,0,0,0,0
404,2108,405.2475448979273,99934,350,138,49,13,10884,5608,0.16502891908659714,160,93,40656,43207,6661,3496,2122,3051,3211,2237,0,0,80059,0,0,684,48,1,0,0,0,0,4683,13728,731,0,0,0,0,0
405,2108,406.05123740990643,99934,355,135,49,13,10927,5623,0.16560930213941202,144,94,40552,43032,6661,3489,2237,3235,3404,2359,0,0,79745,0,0,687,51,1,0,0,0,0,4948,13723,779,0,0,0,0,0
406,2108,407.2606028633931,99934,335,141,49,13,10965,5654,0.1662997578401745,155,87,40433,42846,6670,3492,2356,3419,3606,2485,0,0,79386,0,0,689,53,1,0,0,0,0,5228,13752,825,0,0,0,0,0
407,2108,408.06884658276175,99933,324,140,50,13,10994,5674,0.16679175047281677,154,89,40322,42646,6668,3492,2480,3618,3817,2616,0,0,79039,0,0,693,56,1,0,0,0,0,5521,13752,871,0,0,0,0,0
408,2108,409.2853634275926,99933,308,141,50,13,11042,5706,0.16759228683217756,164,78,40185,42449,6686,3490,2605,3827,4036,2752,0,0,78650,0,0,697,57,1,0,0,0,0,5820,13782,926,0,0,0,0,0
409,2108,410.0986878286499,99932,308,140,51,13,11085,5723,0.1681943721730777,153,71,40057,42250,6694,3476,2735,4048,4264,2893,0,0,78280,0,0,698,60,1,0,0,0,0,6133,13781,979,0,0,0,0,0
410,2108,411.32338804489456,99932,303,127,51,13,11139,5742,0.1689248689108594,159,75,39923,42036,6696,3477,2866,4270,4501,3039,0,0,77872,0,0,704,63,1,0,0,0,0,6459,13800,1033,0,0,0,0,0
411,2108,412.1421787420149,99931,302,125,51,14,11170,5758,0.1693968838498564,154,75,39797,41824,6690,3460,3004,4500,4747,3190,0,0,77493,0,0,710,63,1,0,0,0,0,6794,13775,1095,0,0,0,0,0
412,2108,413.37495057629263,99931,297,122,51,14,11219,5775,0.17005733956429936,160,85,39659,41584,6689,3454,3142,4739,5003,3346,0,0,77071,0,0,714,67,1,0,0,0,0,7150,13781,1147,0,0,0,0,0
413,2108,414.19904713148907,99930,294,122,52,14,11259,5791,0.17061943360352247,143,86,39530,41341,6693,3442,3286,4993,5268,3507,0,0,76661,0,0,719,69,1,0,0,0,0,7508,13759,1213,0,0,0,0,0
414,2108,415.0260837199404,99930,286,118,52,14,11284,5804,0.1709996997898529,143,89,39398,41090,6678,3435,3441,5252,5542,3673,0,0,76235,0,0,719,75,1,0,0,0,0,7890,13745,1265,0,0,0,0,0
415,2108,416.27169815831115,99930,285,132,52,14,11336,5838,0.17186030221154808,139,80,39253,40841,6670,3422,3599,5509,5826,3845,0,0,75782,0,0,721,78,1,0,0,0,0,8275,13740,1333,0,0,0,0,0
416,2108,417.10459960487185,99930,268,144,52,14,11359,5864,0.17235064545181628,146,67,39098,40580,6665,3403,3769,5790,6119,4022,0,0,75339,0,0,727,79,2,0,0,0,0,8672,13708,1403,0,0,0,0,0
417,2108,418.35962188793843,99929,258,142,52,15,11389,5881,0.17282270411992515,162,76,38948,40315,6648,3385,3930,6065,6422,4204,0,0,74871,0,0,727,84,2,0,0,0,0,9086,13690,1469,0,0,0,0,0
418,2108,419.19896081238124,99928,266,148,53,15,11427,5900,0.1733948442878873,145,69,38798,40031,6634,3373,4102,6362,6734,4391,0,0,74404,0,0,726,89,2,0,0,0,0,9515,13658,1534,0,0,0,0,0
419,2108,420.0415872897871,99928,263,147,53,15,11458,5916,0.17386518293171083,188,97,38611,39727,6601,3354,4282,6658,7056,4584,0,0,73918,19,0,723,93,2,0,0,0,0,9951,13613,1609,0,0,0,0,0
420,2108,421.0805023675364,99928,266,155,53,15,11508,5942,0.1746257305259787,198,106,38425,39419,6600,3343,4456,6960,7387,4782,0,0,73410,71,2,730,96,2,0,0,0,0,10405,13532,1680,0,0,0,0,0
421,2108,422.12413993965816,99928,285,172,53,15,11566,5972,0.1755063645824994,210,118,38229,39105,6582,3323,4639,7265,7727,4985,0,0,72895,113,6,734,98,2,0,0,0,0,10874,13458,1748,0,0,0,0,0
422,2108,423.17262530819,99927,288,178,53,16,11620,6005,0.17637875649223933,235,132,38024,38771,6569,3322,4829,7579,8077,5193,0,0,72344,183,8,735,102,2,0,0,0,0,11352,13379,1822,0,0,0,0,0
423,2108,424.2261391864545,99927,311,190,53,16,11688,6041,0.1774195162468602,244,127,37827,38450,6557,3303,5006,7912,8436,5406,0,0,71797,243,11,734,109,2,0,0,0,0,11836,13295,1900,0,0,0,0,0
424,2108,425.2848235529992,99926,338,196,53,17,11759,6081,0.17853211376418548,260,127,37603,38114,6541,3299,5203,8245,8804,5624,0,0,71232,308,14,742,110,2,0,0,0,0,12332,13200,1986,0,0,0,0,0
425,2108,426.3491932722272,99926,358,193,53,17,11831,6114,0.1795828913395913,289,136,37360,37770,6539,3293,5399,8589,9180,5848,0,0,70646,380,21,750,111,2,0,0,0,0,12839,13106,2071,0,0,0,0,0
426,2108,427.0622115132055,99926,371,199,53,17,11879,6141,0.18033344675059543,307,137,37147,37412,6509,3271,5611,8962,9565,6077,0,0,70102,423,30,751,114,2,0,0,0,0,13331,12992,2181,0,0,0,0,0
427,2108,428.13872361190306,99926,407,200,53,17,11964,6167,0.18144426875888156,320,165,36901,37044,6494,3255,5823,9317,9958,6310,0,0,69522,477,40,756,119,2,0,0,0,0,13847,12887,2276,0,0,0,0,0
428,2108,429.22150135838785,99926,423,211,53,17,12045,6209,0.18267517963292837,359,174,36649,36659,6489,3247,6025,9690,10360,6548,0,0,68893,560,48,754,125,2,0,0,0,0,14385,12794,2365,0,0,0,0,0
429,2108,430.31093360408727,99926,453,236,53,17,12133,6264,0.18410623861657627,388,174,36391,36294,6470,3232,6243,10045,10770,6791,0,0,68270,620,66,759,130,2,0,0,0,0,14930,12699,2450,0,0,0,0,0
430,2108,431.0410189458291,99925,491,237,54,17,12215,6295,0.18523892919689766,380,167,36169,35917,6443,3219,6461,10441,11187,7039,0,0,67661,671,79,763,134,2,0,0,0,0,15474,12587,2554,0,0,0,0,0
431,2108,432.14369885407484,99925,509,239,54,17,12326,6335,0.18675006254691018,386,197,35902,35544,6467,3190,6680,10811,11612,7291,0,0,67003,767,94,770,145,2,0,0,0,0,16021,12463,2660,0,0,0,0,0
432,2108,433.25377069777244,99924,538,268,55,17,12438,6400,0.18852327769104518,405,200,35639,35127,6471,3182,6890,11204,12044,7548,0,0,66328,841,117,776,159,2,0,0,0,0,16598,12367,2736,0,0,0,0,0
433,2108,434.37135097626077,99924,563,279,55,17,12555,6450,0.19019454785637085,446,225,35336,34735,6487,3159,7111,11583,12482,7809,0,0,65638,930,141,779,173,2,0,0,0,0,17174,12266,2821,0,0,0,0,0
434,2108,435.12109629444177,99924,574,298,55,17,12632,6499,0.19145550618470036,461,222,35068,34318,6497,3146,7343,11997,12927,8074,0,0,64962,995,158,789,175,3,0,0,0,0,17768,12157,2917,0,0,0,0,0
435,2108,436.2553972559767,99924,617,306,55,17,12763,6556,0.19333693607141428,486,232,34762,33909,6502,3149,7576,12385,13378,8343,0,0,64247,1084,188,798,183,4,0,0,0,0,18364,12055,3001,0,0,0,0,0
436,2108,437.0165818520655,99924,634,316,55,17,12844,6602,0.1946079020055242,513,251,34502,33472,6484,3143,7810,12799,13835,8616,0,0,63563,1145,206,800,199,4,0,0,0,0,18967,11945,3095,0,0,0,0,0
437,2108,438.167782020085,99924,661,338,55,17,12974,6674,0.1966294383731636,535,261,34216,33068,6497,3123,8034,13191,14297,8893,0,0,62842,1243,229,815,214,4,0,0,0,0,19567,11812,3198,0,0,0,0,0
438,2108,439.327702855394,99924,702,337,55,17,13131,6735,0.19881109643328929,548,263,33900,32654,6534,3135,8259,13592,14764,9173,0,0,62077,1369,261,829,220,4,0,0,0,0,20174,11690,3300,0,0,0,0,0
439,2108,440.10643504967004,99923,705,338,56,17,13229,6783,0.2002742111425798,582,294,33611,32205,6539,3139,8505,14005,15235,9457,0,0,61340,1456,293,840,229,4,0,0,0,0,20791,11571,3399,0,0,0,0,0
440,2108,441.2858710570347,99922,770,368,56,18,13405,6873,0.20293829186765677,619,297,33274,31767,6554,3141,8725,14407,15710,9744,0,0,60569,1567,335,846,239,4,0,0,0,0,21407,11462,3493,0,0,0,0,0
441,2108,442.0778104566818,99921,805,385,57,18,13534,6926,0.20476176179181554,625,314,32958,31320,6574,3127,8979,14834,16189,10034,0,0,59831,1653,362,854,246,4,0,0,0,0,22031,11335,3605,0,0,0,0,0
442,2108,443.27808451401177,99921,841,402,57,18,13733,7015,0.2076440387906446,645,328,32615,30901,6643,3134,9197,15215,16671,10327,0,0,59013,1805,412,872,257,6,0,0,0,0,22647,11208,3701,0,0,0,0,0
443,2108,444.0846818039642,99920,904,431,58,18,13889,7095,0.2100080064051241,635,339,32301,30457,6659,3125,9441,15628,17156,10622,0,0,58266,1885,455,880,268,6,0,0,0,0,23270,11086,3804,0,0,0,0,0
444,2108,445.30721156026044,99919,954,468,59,18,14102,7204,0.2132327185019866,642,341,31956,30032,6712,3123,9675,16016,17643,10920,0,0,57485,2021,519,895,284,6,0,0,0,0,23850,10928,3931,0,0,0,0,0
445,2108,446.1288683946206,99918,979,484,60,18,14225,7273,0.21515642827118237,660,371,31650,29572,6726,3115,9923,16438,18132,11220,0,0,56732,2114,556,899,298,7,0,0,0,0,24472,10794,4046,0,0,0,0,0
446,2108,447.37481422073756,99916,1034,516,62,18,14451,7385,0.21854357660434764,676,381,31315,29127,6775,3123,10136,16833,18623,11522,0,0,55917,2264,618,913,319,7,0,0,0,0,25072,10649,4157,0,0,0,0,0
447,2108,448.21196918838007,99915,1051,531,63,18,14586,7459,0.22063754191062404,722,396,31002,28702,6783,3121,10377,17230,19115,11826,0,0,55161,2348,678,921,338,8,0,0,0,0,25681,10515,4265,0,0,0,0,0
448,2108,449.05679666347385,99914,1086,566,64,18,14742,7559,0.22320195368016493,715,398,30703,28235,6811,3134,10619,17647,19607,12132,0,0,54376,2449,733,935,351,8,0,0,0,0,26309,10384,4369,0,0,0,0,0
449,2108,450.3375521344527,99912,1124,593,65,19,14991,7684,0.22694971574985986,738,417,30352,27798,6895,3158,10824,18013,20100,12439,0,0,53518,2622,819,959,370,9,0,0,0,0,26905,10242,4468,0,0,0,0,0
450,2108,451.19891185099993,99911,1185,606,66,19,15180,7772,0.22972445476474063,712,438,30025,27340,6949,3175,11061,18420,20592,12747,0,0,52728,2730,889,973,380,9,0,0,0,0,27516,10109,4577,0,0,0,0,0
451,2108,452.0689924476852,99911,1196,642,66,19,15336,7870,0.23226671737846682,733,426,29701,26901,7003,3175,11299,18835,21084,13056,0,0,51941,2815,963,994,397,9,0,0,0,0,28136,9987,4669,0,0,0,0,0
452,2108,453.39021759844496,99908,1214,668,68,20,15593,8011,0.23625735676822676,786,446,29325,26455,7112,3226,11493,19183,21575,13366,0,0,51071,3013,1064,1012,423,10,0,0,0,0,28701,9834,4780,0,0,0,0,0
453,2108,454.27960460557836,99906,1247,687,70,20,15761,8105,0.2388845514783897,832,462,28998,26026,7134,3230,11717,19573,22064,13677,0,0,50286,3119,1128,1029,439,12,0,0,0,0,29313,9694,4886,0,0,0,0,0
454,2108,455.17815897219265,99905,1287,716,70,21,15954,8208,0.24184975726940594,855,471,28664,25585,7174,3234,11948,19971,22551,13988,0,0,49500,3228,1209,1039,459,13,0,0,0,0,29903,9563,4991,0,0,0,0,0
455,2108,456.0860644130187,99903,1301,732,72,21,16144,8324,0.24491757004294165,914,458,28297,25187,7244,3270,12170,20330,23036,14300,0,0,48670,3371,1294,1065,473,13,0,0,0,0,30498,9424,5095,0,0,0,0,0
456,2108,457.00474567991125,99902,1336,739,72,22,16363,8419,0.248063101839803,897,467,27972,24791,7333,3287,12388,20692,23519,14612,0,0,47876,3482,1394,1085,499,15,0,0,0,0,31072,9289,5190,0,0,0,0,0
457,2108,458.4014623645273,99901,1383,767,73,22,16693,8577,0.25295042091670755,934,497,27566,24374,7483,3337,12559,21001,23999,14924,0,0,47004,3685,1524,1134,522,15,0,0,0,0,31603,9117,5297,0,0,0,0,0
458,2108,459.34305825039377,99901,1395,756,73,22,16909,8680,0.2561435821463249,965,517,27238,23980,7562,3372,12765,21351,24475,15235,0,0,46209,3808,1650,1169,545,16,0,0,0,0,32141,8966,5397,0,0,0,0,0
459,2108,460.2955781614346,99900,1436,776,74,22,17141,8813,0.2597997997997998,966,516,26916,23582,7630,3408,12976,21694,24948,15546,0,0,45411,3942,1783,1176,569,17,0,0,0,0,32670,8837,5495,0,0,0,0,0
460,2108,461.259100230349,99898,1482,789,76,22,17396,8922,0.26344871769204586,957,533,26588,23168,7733,3434,13162,22052,25417,15856,0,0,44595,4081,1892,1204,590,17,0,0,0,0,33232,8704,5583,0,0,0,0,0
461,2108,462.23367668092754,99898,1510,799,76,22,17636,9053,0.26716250575587097,971,543,26268,22775,7812,3475,13361,22384,25882,16165,0,0,43795,4226,2032,1221,618,17,0,0,0,0,33744,8568,5677,0,0,0,0,0
462,2108,463.2198244296298,99897,1566,805,77,22,17876,9170,0.2707388610268577,990,566,25922,22411,7880,3498,13563,22696,26342,16473,0,0,43025,4350,2149,1236,647,17,0,0,0,0,34266,8427,5780,0,0,0,0,0
463,2108,464.21787700905844,99895,1589,854,79,22,18133,9309,0.27470844386605936,1013,562,25578,22037,7981,3519,13758,23004,26797,16780,0,0,42212,4486,2270,1256,675,19,0,0,0,0,34809,8318,5850,0,0,0,0,0
464,2108,465.2281999117546,99895,1608,879,79,22,18384,9454,0.2786726062365484,1024,545,25269,21665,8064,3571,13954,23316,27247,17085,0,0,41434,4625,2416,1268,707,23,0,0,0,0,35289,8188,5945,0,0,0,0,0
465,2108,466.25082994918677,99894,1597,884,79,23,18626,9588,0.2824393857488938,1044,558,24963,21308,8183,3623,14132,23602,27692,17389,0,0,40662,4765,2586,1289,737,25,0,0,0,0,35739,8045,6046,0,0,0,0,0
466,2108,467.2857759558185,99891,1605,904,81,24,18876,9729,0.2863621347268523,1056,545,24649,20960,8282,3673,14325,23892,28132,17691,0,0,39891,4896,2743,1316,764,27,0,0,0,0,36208,7910,6136,0,0,0,0,0
467,2108,468.3333990294389,99889,1639,910,82,25,19150,9878,0.2906025688514251,1115,540,24275,20608,8380,3746,14507,24169,28566,17991,0,0,39099,5058,2890,1330,804,28,0,0,0,0,36677,7787,6216,0,0,0,0,0
468,2108,469.39566117520553,99889,1698,939,82,25,19446,10041,0.2951976694130485,1104,522,23968,20270,8482,3793,14664,24449,28995,18289,0,0,38342,5205,3045,1345,844,29,0,0,0,0,37121,7654,6304,0,0,0,0,0
469,2108,470.47172923124594,99887,1718,927,84,25,19751,10183,0.2996786368596514,1076,521,23670,19923,8632,3871,14818,24731,29418,18585,0,0,37582,5325,3259,1376,885,34,0,0,0,0,37526,7541,6359,0,0,0,0,0
470,2108,471.01336897621496,99886,1714,940,84,26,19889,10273,0.3019642392327253,1087,505,23411,19576,8657,3890,15045,25061,29835,18879,0,0,36920,5374,3378,1382,911,37,0,0,0,0,38006,7438,6440,0,0,0,0,0
471,2108,472.11464255002915,99884,1725,958,85,27,20169,10423,0.3062752793240159,1060,507,23143,19289,8797,3925,15188,25292,30245,19170,0,0,36204,5472,3585,1419,938,41,0,0,0,0,38393,7317,6515,0,0,0,0,0
472,2108,473.2290165871368,99884,1772,981,85,27,20504,10590,0.3113011092867727,1034,497,22847,18963,8933,3998,15327,25532,30649,19459,0,0,35448,5601,3780,1464,976,44,0,0,0,0,38808,7204,6559,0,0,0,0,0
473,2108,474.3568959399926,99883,1793,958,85,28,20805,10730,0.3157193916882753,1047,514,22553,18655,9069,4083,15451,25760,31047,19745,0,0,34719,5749,3986,1486,1019,45,0,0,0,0,39164,7076,6639,0,0,0,0,0
474,2108,475.4992066257321,99881,1790,918,87,28,21092,10860,0.3199006818113555,1048,548,22267,18368,9200,4167,15606,25969,31438,20028,0,0,34021,5852,4215,1529,1065,48,0,0,0,0,39498,6952,6701,0,0,0,0,0
475,2108,476.07470893667005,99881,1769,916,87,28,21226,10929,0.3219331003894635,1072,552,22044,18073,9225,4162,15801,26267,31823,20309,0,0,33417,5882,4355,1540,1095,49,0,0,0,0,39920,6848,6775,0,0,0,0,0
476,2108,477.24416021075945,99880,1795,937,88,28,21545,11093,0.3267721265518622,1054,547,21766,17832,9369,4216,15926,26438,32201,20587,0,0,32728,6003,4554,1576,1137,52,0,0,0,0,40260,6722,6848,0,0,0,0,0
477,2108,478.42751641776863,99878,1779,945,89,29,21826,11251,0.3311740323194297,1099,539,21495,17578,9499,4274,16037,26633,32572,20862,0,0,32073,6101,4781,1607,1187,56,0,0,0,0,40561,6598,6914,0,0,0,0,0
478,2108,479.0236731485502,99877,1802,949,90,29,22008,11343,0.33392072248866106,1046,519,21307,17304,9534,4297,16219,26900,32936,21134,0,0,31486,6144,4946,1600,1218,59,0,0,0,0,40937,6508,6979,0,0,0,0,0
479,2108,480.23394716663887,99876,1794,954,91,29,22314,11492,0.33847971484640954,1077,506,21038,17086,9678,4361,16320,27062,33294,21402,0,0,30812,6294,5162,1614,1269,62,0,0,0,0,41227,6389,7047,0,0,0,0,0
480,2108,481.4585489834831,99875,1823,949,92,29,22660,11635,0.34337922403003757,1066,515,20774,16872,9832,4412,16411,27221,33645,21667,0,0,30168,6392,5393,1670,1310,63,0,0,0,0,41508,6259,7112,0,0,0,0,0
481,2108,482.07492540793424,99875,1828,924,92,29,22825,11705,0.3457321652065081,1068,513,20559,16627,9869,4430,16582,27475,33989,21929,0,0,29636,6400,5575,1665,1358,64,0,0,0,0,41832,6180,7165,0,0,0,0,0
482,2108,483.32797284943655,99871,1795,922,93,32,23150,11862,0.3505722381872616,1071,518,20297,16413,10051,4493,16691,27620,34326,22188,0,0,29009,6515,5822,1698,1429,67,0,0,0,0,42056,6056,7219,0,0,0,0,0
483,2108,484.5977399510887,99869,1779,914,94,33,23478,12035,0.3555958305380048,1057,505,20059,16187,10229,4588,16780,27771,34657,22443,0,0,28380,6625,6090,1720,1501,70,0,0,0,0,42272,5955,7256,0,0,0,0,0
484,2108,485.2365788668412,99869,1792,935,94,33,23649,12127,0.35822928035726803,1038,485,19857,15958,10270,4578,16947,28009,34981,22695,0,0,27907,6611,6273,1733,1531,71,0,0,0,0,42561,5853,7329,0,0,0,0,0
485,2108,486.5351990170004,99867,1796,923,96,33,24006,12283,0.3633732864710064,946,499,19665,15761,10460,4654,17035,28128,35298,22943,0,0,27311,6729,6541,1762,1590,77,0,0,0,0,42738,5735,7384,0,0,0,0,0
486,2108,487.1888707092597,99867,1757,920,96,33,24130,12365,0.36543602991979335,984,511,19471,15552,10507,4667,17183,28315,35609,23188,0,0,26838,6740,6711,1762,1638,78,0,0,0,0,43014,5640,7446,0,0,0,0,0
487,2108,488.51464199579175,99865,1741,915,98,33,24451,12516,0.3701697291343313,970,519,19259,15379,10690,4736,17240,28416,35913,23429,0,0,26251,6858,6945,1791,1693,86,0,0,0,0,43210,5533,7498,0,0,0,0,0
488,2108,489.18184802516146,99863,1746,903,99,34,24610,12598,0.3725904489150136,974,502,19091,15186,10713,4764,17375,28609,36211,23667,0,0,25796,6863,7126,1797,1728,87,0,0,0,0,43462,5438,7566,0,0,0,0,0
489,2108,490.53526124710555,99860,1748,916,102,34,24925,12767,0.37744842779891846,983,488,18886,15032,10857,4850,17422,28678,36502,23901,0,0,25245,6971,7343,1815,1788,95,0,0,0,0,43646,5328,7629,0,0,0,0,0
490,2108,491.21560772385743,99860,1734,921,102,34,25084,12856,0.37993190466653315,978,466,18736,14871,10896,4860,17552,28846,36787,24132,0,0,24785,6978,7517,1821,1833,96,0,0,0,0,43906,5255,7669,0,0,0,0,0
491,2108,492.595237177301,99859,1715,879,102,35,25422,13005,0.3848125857459017,953,451,18572,14739,11073,4966,17583,28928,37066,24359,0,0,24232,7082,7826,1846,1898,100,0,0,0,0,44012,5169,7694,0,0,0,0,0
492,2108,493.28855956278954,99859,1729,869,102,35,25589,13082,0.38725603100371525,961,440,18406,14560,11093,4987,17707,29107,37338,24582,0,0,23824,7062,8001,1857,1939,105,0,0,0,0,44241,5092,7738,0,0,0,0,0
493,2108,494.693513211948,99857,1747,849,103,36,25940,13232,0.3922809617753387,901,464,18259,14448,11246,5073,17742,29128,37604,24802,0,0,23319,7145,8262,1880,2011,113,0,0,0,0,44362,4997,7768,0,0,0,0,0
494,2108,495.3991153599146,99857,1706,855,103,36,26078,13314,0.3944841122805612,888,464,18106,14295,11316,5078,17879,29270,37864,25018,0,0,22899,7165,8421,1889,2055,114,0,0,0,0,44588,4906,7820,0,0,0,0,0
495,2108,496.1106814370723,99857,1691,832,103,36,26229,13389,0.39674734870865336,883,465,17999,14143,11339,5115,17983,29407,38118,25231,0,0,22503,7162,8601,1895,2099,120,0,0,0,0,44783,4831,7863,0,0,0,0,0
496,2108,497.55123289143637,99855,1635,821,105,36,26515,13545,0.4011817134845526,914,436,17845,14084,11516,5202,17983,29419,38366,25440,0,0,21970,7284,8855,1905,2169,125,0,0,0,0,44903,4767,7877,0,0,0,0,0
497,2108,498.2742317853413,99854,1606,810,105,37,26663,13618,0.40339896248522844,910,424,17709,13960,11580,5221,18088,29546,38608,25645,0,0,21594,7283,9032,1908,2210,132,0,0,0,0,45080,4690,7925,0,0,0,0,0
498,2108,499.71753090105597,99851,1590,788,108,37,26983,13786,0.4082983645631992,839,401,17597,13892,11733,5333,18131,29547,38845,25847,0,0,21130,7330,9315,1958,2271,140,0,0,0,0,45156,4606,7945,0,0,0,0,0
499,2108,500.44092799766753,99851,1556,784,108,37,27132,13863,0.41056173698811227,802,385,17489,13762,11809,5350,18234,29680,39076,26045,0,0,20751,7330,9501,1963,2313,144,0,0,0,0,45331,4546,7972,0,0,0,0,0
500,2108,501.159788940596,99851,1517,769,108,37,27265,13923,0.4124946169792992,779,389,17380,13640,11883,5364,18331,29799,39301,26240,0,0,20378,7324,9655,1978,2356,148,0,0,0,0,45522,4491,7999,0,0,0,0,0
501,2108,502.5874550816839,99849,1493,749,110,37,27549,14048,0.41659906458752716,764,394,17286,13576,12006,5430,18339,29812,39521,26431,0,0,19977,7358,9923,2005,2422,153,0,0,0,0,45581,4412,8018,0,0,0,0,0
502,2108,503.3035380134029,99847,1482,750,111,38,27696,14117,0.41877071920037656,728,379,17191,13492,12044,5429,18442,29910,39736,26619,0,0,19646,7345,10072,2012,2468,159,0,0,0,0,45751,4345,8049,0,0,0,0,0
503,2108,504.01581336808545,99845,1432,736,112,39,27805,14174,0.4204416846111473,740,376,17099,13393,12076,5438,18539,30016,39945,26803,0,0,19313,7327,10232,2017,2515,163,0,0,0,0,45914,4296,8068,0,0,0,0,0
504,2108,505.4298848206828,99842,1411,712,115,39,28060,14307,0.42434045792351915,699,359,17060,13360,12164,5506,18549,30022,40149,26984,0,0,18950,7347,10490,2031,2587,171,0,0,0,0,45952,4233,8081,0,0,0,0,0
505,2108,506.1388249748093,99841,1394,709,116,39,28176,14384,0.42627778167285985,681,345,16950,13257,12202,5521,18655,30127,40348,27162,0,0,18643,7326,10644,2048,2623,171,0,0,0,0,46102,4163,8121,0,0,0,0,0
506,2108,507.54636673076914,99840,1341,703,117,39,28411,14511,0.4299078525641026,655,323,16901,13232,12340,5577,18644,30124,40542,27336,0,0,18285,7349,10865,2074,2696,181,0,0,0,0,46162,4099,8129,0,0,0,0,0
507,2108,508.2522750344822,99839,1340,688,118,39,28535,14567,0.43171506124861025,621,317,16831,13163,12345,5584,18743,30207,40732,27507,0,0,18008,7313,11027,2069,2745,185,0,0,0,0,46294,4056,8142,0,0,0,0,0
508,2108,509.65503972583315,99838,1284,651,119,39,28760,14669,0.43499469140006813,584,330,16772,13156,12484,5653,18755,30169,40917,27675,0,0,17663,7330,11279,2092,2810,193,0,0,0,0,46322,4009,8140,0,0,0,0,0
509,2108,510.3581563863928,99837,1262,630,120,39,28876,14717,0.43664172601340184,569,335,16708,13097,12503,5668,18836,30229,41097,27840,0,0,17400,7284,11433,2112,2852,196,0,0,0,0,46449,3950,8161,0,0,0,0,0
510,2108,511.0582384558389,99835,1217,637,122,39,28961,14771,0.43804277057144286,576,331,16657,13037,12513,5654,18913,30300,41273,28001,0,0,17158,7247,11587,2109,2893,200,0,0,0,0,46560,3893,8188,0,0,0,0,0
511,2108,512.4505323779671,99834,1147,629,123,39,29158,14885,0.4411623294669151,554,326,16634,13051,12631,5696,18909,30257,41444,28159,0,0,16831,7281,11801,2124,2962,206,0,0,0,0,46601,3834,8194,0,0,0,0,0
512,2108,513.1485247356443,99833,1110,626,124,39,29253,14947,0.44273937475584224,535,306,16576,12996,12655,5697,18998,30334,41611,28314,0,0,16594,7247,11953,2121,3007,214,0,0,0,0,46698,3787,8212,0,0,0,0,0
513,2108,514.5373472590596,99833,1078,598,124,39,29446,15055,0.4457544098644737,514,276,16543,13027,12751,5764,18988,30294,41774,28466,0,0,16302,7269,12135,2133,3085,223,0,0,0,0,46741,3726,8219,0,0,0,0,0
514,2108,515.2336632906857,99832,1069,601,125,39,29540,15109,0.44724136549403,504,266,16503,12969,12740,5763,19057,30360,41933,28615,0,0,16086,7210,12283,2135,3118,227,0,0,0,0,46846,3690,8237,0,0,0,0,0
515,2108,516.6193794216255,99830,1054,567,127,39,29733,15192,0.4500150255434238,474,269,16455,12990,12801,5807,19087,30326,42088,28761,0,0,15824,7210,12466,2144,3202,227,0,0,0,0,46883,3636,8238,0,0,0,0,0
516,2108,517.3132456121992,99830,1026,576,127,39,29808,15258,0.451427426625263,469,254,16411,12958,12811,5812,19154,30359,42239,28904,0,0,15609,7167,12596,2139,3254,227,0,0,0,0,46989,3601,8248,0,0,0,0,0
517,2108,518.004292665075,99830,1016,572,127,39,29890,15310,0.4527697085044576,456,240,16371,12922,12804,5822,19224,30403,42386,29044,0,0,15387,7145,12708,2137,3288,232,0,0,0,0,47105,3561,8267,0,0,0,0,0
518,2108,519.3798341706226,99829,990,548,127,40,30052,15398,0.4552785262799387,442,236,16366,12953,12851,5868,19222,30353,42529,29182,0,0,15145,7138,12907,2142,3346,236,0,0,0,0,47125,3517,8273,0,0,0,0,0
519,2108,520.069304919045,99827,965,542,129,40,30144,15441,0.4566399871778176,404,230,16325,12931,12874,5856,19301,30399,42669,29317,0,0,14931,7124,13025,2140,3384,239,0,0,0,0,47214,3472,8298,0,0,0,0,0
520,2108,521.441238637683,99827,929,509,129,40,30296,15518,0.45893395574343615,391,226,16317,12945,12930,5906,19302,30372,42805,29449,0,0,14701,7129,13218,2143,3443,240,0,0,0,0,47214,3422,8317,0,0,0,0,0
521,2108,522.1285936409338,99827,916,498,129,40,30363,15564,0.4600659140312741,392,207,16267,12898,12919,5919,19375,30436,42938,29578,0,0,14503,7097,13335,2139,3478,242,0,0,0,0,47310,3394,8329,0,0,0,0,0
522,2108,523.4968257753022,99827,870,471,129,40,30499,15640,0.4621895879872179,373,188,16281,12945,12978,5962,19367,30392,43067,29705,0,0,14289,7084,13510,2146,3533,250,0,0,0,0,47317,3359,8339,0,0,0,0,0
523,2108,524.1827026238866,99827,845,457,129,40,30573,15664,0.4631712863253428,366,187,16255,12929,12987,5951,19416,30434,43193,29829,0,0,14113,7045,13636,2139,3565,256,0,0,0,0,47392,3333,8348,0,0,0,0,0
524,2108,525.5490533358942,99825,765,410,130,41,30696,15718,0.4649536689206111,361,194,16299,12985,13049,5985,19394,30383,43316,29951,0,0,13899,7043,13832,2151,3614,266,0,0,0,0,47385,3288,8347,0,0,0,0,0
525,2108,526.2341229419131,99825,755,391,130,41,30759,15748,0.465885299273729,338,190,16285,12953,13037,5990,19453,30433,43436,30070,0,0,13738,6995,13938,2149,3651,269,0,0,0,0,47465,3260,8360,0,0,0,0,0
526,2108,527.6005051131732,99825,721,374,130,41,30864,15814,0.4675982970197846,331,175,16304,12998,13055,6026,19457,30384,43553,30187,0,0,13552,6971,14090,2153,3698,275,0,0,0,0,47492,3232,8362,0,0,0,0,0
527,2108,528.2850789147913,99825,723,369,130,41,30925,15848,0.46854996243425995,318,163,16276,12985,13034,6019,19517,30421,43667,30301,0,0,13411,6920,14193,2148,3722,281,0,0,0,0,47567,3200,8383,0,0,0,0,0
528,2108,529.6483521547698,99825,705,374,130,41,31035,15910,0.47027297771099424,306,152,16309,13046,13043,6031,19505,30354,43778,30413,0,0,13215,6915,14298,2153,3761,285,0,0,0,0,47634,3170,8394,0,0,0,0,0
529,2108,530.3309205391272,99825,691,365,130,41,31092,15939,0.47113448534936136,290,145,16304,13038,13039,6034,19544,30375,43886,30522,0,0,13069,6881,14405,2147,3789,286,0,0,0,0,47696,3138,8414,0,0,0,0,0
530,2108,531.012236788248,99824,671,348,131,41,31146,15964,0.4719305978522199,294,136,16283,13049,13035,6028,19584,30396,43991,30629,0,0,12914,6846,14512,2145,3814,289,0,0,0,0,47765,3117,8422,0,0,0,0,0
531,2108,532.3715464578789,99824,636,325,131,41,31242,16005,0.473303013303414,275,139,16334,13128,13047,6034,19575,30331,44093,30734,0,0,12759,6829,14625,2149,3861,294,0,0,0,0,47788,3076,8443,0,0,0,0,0
532,2108,533.0527836614912,99824,631,306,131,41,31282,16022,0.473874018272159,270,144,16335,13115,13010,6028,19621,30364,44193,30837,0,0,12625,6792,14716,2141,3882,296,0,0,0,0,47857,3053,8462,0,0,0,0,0
533,2108,534.4110657223962,99824,584,290,131,41,31366,16061,0.47510618688892453,271,142,16380,13189,13019,6023,19613,30313,44290,30938,0,0,12468,6774,14853,2139,3915,302,0,0,0,0,47876,3027,8470,0,0,0,0,0
534,2108,535.0915940386463,99824,563,288,131,41,31406,16084,0.4757372976438532,275,142,16389,13184,12992,6014,19648,30329,44385,31036,0,0,12335,6743,14930,2132,3946,303,0,0,0,0,47950,3004,8481,0,0,0,0,0
535,2108,536.4487612207641,99824,572,274,131,41,31507,16122,0.47712974835710853,247,123,16451,13261,12967,6011,19630,30288,44477,31132,0,0,12208,6714,15029,2127,3991,305,0,0,0,0,47981,2974,8495,0,0,0,0,0
536,2108,537.1288333307118,99824,562,270,131,41,31549,16144,0.4777708767430678,236,122,16445,13279,12963,5990,19661,30296,44567,31226,0,0,12086,6681,15100,2120,4022,305,0,0,0,0,48051,2950,8509,0,0,0,0,0
537,2108,538.4857713469584,99824,519,272,131,41,31613,16188,0.4788527808943741,250,107,16510,13370,12965,5983,19623,30225,44655,31318,0,0,11938,6681,15200,2117,4047,313,0,0,0,0,48087,2922,8519,0,0,0,0,0
538,2108,539.1663825167788,99823,501,257,132,41,31646,16205,0.4793584644821334,258,114,16516,13370,12940,5989,19651,30227,44740,31408,0,0,11822,6655,15278,2111,4073,314,0,0,0,0,48142,2895,8533,0,0,0,0,0
539,2108,540.524743885645,99823,497,243,132,41,31754,16235,0.48074091141320136,206,115,16600,13470,12957,5981,19606,30148,44823,31496,0,0,11696,6631,15379,2102,4124,318,0,0,0,0,48168,2877,8528,0,0,0,0,0
540,2108,541.2060265456107,99823,489,230,132,41,31800,16251,0.4813620107590435,195,115,16588,13494,12949,5971,19645,30147,44904,31583,0,0,11584,6606,15451,2098,4147,321,0,0,0,0,48220,2852,8544,0,0,0,0,0
541,2108,542.5663861012914,99823,443,230,132,41,31860,16298,0.48243390801719044,193,98,16646,13595,12959,5961,19625,30073,44983,31668,0,0,11462,6587,15558,2101,4179,324,0,0,0,0,48232,2824,8556,0,0,0,0,0
542,2108,543.2479836359661,99823,437,220,132,41,31898,16317,0.4830049187061098,174,97,16653,13605,12952,5959,19650,30076,45060,31751,0,0,11354,6561,15633,2097,4196,326,0,0,0,0,48284,2802,8570,0,0,0,0,0
543,2108,544.6087794469312,99823,404,213,132,41,31958,16354,0.48397663865041124,162,94,16741,13708,12939,5969,19620,29973,45135,31832,0,0,11232,6546,15731,2100,4219,332,0,0,0,0,48306,2781,8576,0,0,0,0,0
544,2108,545.2908454041535,99823,403,206,132,41,31993,16368,0.48446750748825423,148,91,16767,13741,12902,5954,19646,29965,45208,31912,0,0,11145,6508,15802,2090,4242,333,0,0,0,0,48352,2762,8589,0,0,0,0,0
545,2108,546.6530739195483,99823,367,200,132,41,32036,16400,0.48521883734209553,152,81,16861,13849,12874,5940,19612,29887,45279,31990,0,0,11047,6477,15885,2091,4270,338,0,0,0,0,48376,2738,8601,0,0,0,0,0
546,2108,547.3355846930397,99823,362,183,132,41,32063,16413,0.4856195465974775,151,84,16877,13871,12846,5938,19630,29881,45349,32066,0,0,10947,6454,15949,2084,4291,338,0,0,0,0,48429,2721,8610,0,0,0,0,0
547,2108,548.0178057058206,99823,352,187,132,41,32089,16432,0.4860703445097823,145,83,16907,13910,12820,5919,19642,29858,45417,32141,0,0,10863,6430,16003,2071,4317,339,0,0,0,0,48479,2697,8624,0,0,0,0,0
548,2108,549.3808941952516,99823,327,171,132,41,32141,16460,0.48687176302054636,135,82,16991,14016,12799,5922,19614,29766,45483,32214,0,0,10756,6421,16076,2063,4352,344,0,0,0,0,48506,2678,8627,0,0,0,0,0
549,2108,550.0641350338379,99823,312,159,132,41,32164,16471,0.48721236588762107,131,86,17015,14026,12772,5920,19636,29766,45548,32285,0,0,10664,6395,16143,2057,4368,346,0,0,0,0,48551,2666,8633,0,0,0,0,0
550,2108,551.4289327911066,99823,299,165,132,41,32200,16509,0.48795367801007783,127,76,17076,14137,12740,5901,19624,29678,45611,32355,0,0,10573,6370,16213,2053,4390,348,0,0,0,0,48584,2652,8640,0,0,0,0,0
551,2108,552.112508743045,99823,296,162,132,41,32218,16521,0.48825420995161434,124,73,17099,14164,12699,5892,19648,29666,45672,32423,0,0,10490,6340,16259,2043,4409,349,0,0,0,0,48643,2645,8645,0,0,0,0,0
552,2108,553.4770568396649,99823,287,164,132,41,32259,16553,0.48898550434268656,128,60,17183,14268,12658,5876,19610,29589,45732,32490,0,0,10408,6322,16317,2026,4445,352,0,0,0,0,48672,2633,8648,0,0,0,0,0
553,2108,554.1611591457244,99823,270,162,132,41,32280,16566,0.4893261072097613,120,62,17226,14319,12641,5858,19609,29556,45790,32556,0,0,10326,6296,16371,2024,4456,355,0,0,0,0,48716,2619,8660,0,0,0,0,0
554,2108,555.5279509417876,99823,254,155,132,41,32316,16584,0.489867064704527,110,59,17334,14452,12597,5844,19571,29447,45847,32620,0,0,10239,6281,16433,2020,4476,357,0,0,0,0,48747,2603,8667,0,0,0,0,0
555,2108,556.2136213842446,99823,257,147,132,41,32337,16593,0.4901675966460635,106,59,17366,14494,12561,5834,19576,29423,45903,32683,0,0,10163,6260,16477,2011,4489,359,0,0,0,0,48796,2590,8678,0,0,0,0,0
556,2108,557.5836098954311,99822,248,126,132,42,32375,16604,0.49066338081785577,106,59,17447,14632,12516,5811,19549,29328,45957,32745,0,0,10093,6237,16545,2004,4507,364,0,0,0,0,48811,2572,8689,0,0,0,0,0
557,2108,558.2698454062831,99822,242,125,132,42,32399,16612,0.4909839514335517,92,59,17480,14682,12487,5790,19565,29300,46010,32805,0,0,10025,6215,16588,2002,4516,367,0,0,0,0,48852,2552,8705,0,0,0,0,0
558,2108,559.6414659448535,99822,216,121,132,42,32425,16631,0.49143475386187413,92,59,17578,14791,12457,5773,19523,29212,46062,32864,0,0,9943,6201,16646,2002,4528,371,0,0,0,0,48879,2538,8714,0,0,0,0,0
559,2108,560.3286502601302,99822,206,121,132,42,32441,16643,0.4917152531506081,98,50,17613,14824,12431,5763,19518,29198,46112,32922,0,0,9874,6179,16682,1997,4547,372,0,0,0,0,48925,2527,8719,0,0,0,0,0
560,2108,561.015944628137,99822,197,110,132,42,32453,16647,0.49187553845845605,95,55,17646,14859,12398,5751,19530,29181,46161,32979,0,0,9822,6148,16724,1992,4567,373,0,0,0,0,48958,2509,8729,0,0,0,0,0
561,2108,562.3907100669157,99822,182,113,132,42,32479,16669,0.49235639438199996,95,42,17728,14967,12365,5728,19496,29106,46209,33034,0,0,9760,6127,16769,1992,4584,376,0,0,0,0,48983,2490,8741,0,0,0,0,0
562,2108,563.079533012681,99822,179,117,132,42,32494,16680,0.4926168580072529,95,39,17770,15014,12339,5704,19483,29082,46256,33088,0,0,9699,6097,16808,1992,4594,376,0,0,0,0,49030,2479,8747,0,0,0,0,0
563,2108,564.4571556642644,99822,165,111,132,42,32517,16692,0.4929674821181703,100,39,17841,15120,12300,5691,19460,28995,46302,33141,0,0,9647,6064,16861,1989,4613,379,0,0,0,0,49050,2467,8752,0,0,0,0,0
564,2108,565.1477791945476,99822,166,105,132,42,32538,16699,0.4932479814069043,90,36,17885,15164,12260,5675,19465,28976,46347,33193,0,0,9602,6037,16911,1987,4620,381,0,0,0,0,49070,2445,8769,0,0,0,0,0
565,2108,566.5276140594983,99822,179,105,132,42,32571,16719,0.49377892648915067,77,27,17984,15301,12210,5650,19416,28873,46390,33244,0,0,9544,6012,16958,1984,4632,381,0,0,0,0,49097,2437,8777,0,0,0,0,0
566,2108,567.2191309893237,99822,176,99,132,42,32585,16725,0.49397928312396067,74,24,18016,15352,12181,5635,19419,28846,46432,33294,0,0,9483,6000,16992,1978,4641,383,0,0,0,0,49134,2426,8785,0,0,0,0,0
567,2108,568.6023686617854,99822,162,88,132,42,32614,16738,0.49440003205706157,65,28,18107,15487,12153,5619,19379,28734,46473,33343,0,0,9425,5981,17042,1976,4661,386,0,0,0,0,49149,2415,8787,0,0,0,0,0
568,2108,569.2955106004664,99822,160,89,132,42,32624,16746,0.49458035302839054,61,25,18150,15526,12116,5605,19379,28711,46513,33391,0,0,9375,5965,17073,1967,4673,386,0,0,0,0,49183,2402,8798,0,0,0,0,0
569,2108,570.6820260702492,99822,152,83,132,42,32640,16753,0.494810763158422,66,29,18267,15680,12064,5568,19317,28596,46552,33438,0,0,9315,5949,17109,1964,4682,388,0,0,0,0,49216,2395,8804,0,0,0,0,0
570,2108,571.3771682408604,99822,152,82,132,42,32650,16755,0.49493097713930795,67,32,18308,15712,12022,5548,19317,28582,46591,33484,0,0,9271,5926,17138,1957,4691,390,0,0,0,0,49252,2385,8812,0,0,0,0,0
571,2108,572.0727078579241,99822,145,83,132,42,32662,16763,0.49513133377411794,67,26,18344,15766,12001,5525,19309,28556,46629,33529,0,0,9223,5909,17170,1952,4698,393,0,0,0,0,49282,2372,8823,0,0,0,0,0
572,2108,573.4641150931706,99822,145,76,132,42,32693,16778,0.49559215403418083,48,18,18455,15912,11960,5504,19258,28446,46666,33573,0,0,9168,5899,17212,1942,4712,398,0,0,0,0,49300,2364,8827,0,0,0,0,0
573,2108,574.1619882889916,99822,143,75,132,42,32694,16779,0.49561218969766185,48,18,18438,15894,11939,5494,19298,28475,46702,33616,0,0,9123,5882,17230,1933,4722,399,0,0,0,0,49342,2357,8834,0,0,0,0,0
574,2108,575.0832052615999,99822,142,57,132,42,32716,16782,0.49586263549117426,47,21,18563,16044,11883,5475,19231,28359,46737,33658,0,0,9078,5863,17267,1928,4740,401,0,0,0,0,49359,2350,8836,0,0,0,0,0
575,2108,576.4807637836395,99822,135,51,132,42,32740,16789,0.49617318827512974,48,25,18662,16165,11835,5453,19186,28262,46771,33699,0,0,9033,5846,17301,1926,4756,403,0,0,0,0,49377,2340,8840,0,0,0,0,0
576,2108,577.181705625766,99822,120,48,132,42,32746,16792,0.4962633487607942,51,26,18697,16216,11816,5432,19182,28234,46804,33740,0,0,8989,5829,17334,1924,4762,405,0,0,0,0,49401,2331,8847,0,0,0,0,0
577,2108,578.583317932831,99822,125,47,132,42,32767,16800,0.49655386588126865,45,26,18816,16353,11757,5403,19123,28127,46837,33780,0,0,8947,5812,17371,1914,4771,407,0,0,0,0,49422,2327,8851,0,0,0,0,0
578,2108,579.286469892074,99822,134,51,132,42,32788,16806,0.4968243473382621,28,22,18862,16415,11723,5379,19119,28089,46869,33819,0,0,8901,5793,17394,1915,4775,408,0,0,0,0,49460,2321,8855,0,0,0,0,0
579,2108,580.6928551497679,99822,125,52,132,42,32803,16814,0.4970547574682936,29,19,18939,16524,11686,5356,19087,28005,46900,33857,0,0,8854,5785,17414,1910,4791,408,0,0,0,0,49487,2312,8861,0,0,0,0,0
580,2108,581.1526336870404,99822,123,53,132,42,32803,16815,0.49706477530003407,30,19,18921,16499,11670,5351,19122,28034,46930,33894,0,0,8825,5758,17441,1909,4792,409,0,0,0,0,49515,2303,8870,0,0,0,0,0
581,2108,582.0732415705119,99822,113,52,132,42,32810,16822,0.49720502494440105,36,18,18988,16587,11642,5334,19087,27965,46960,33931,0,0,8790,5736,17477,1905,4804,409,0,0,0,0,49533,2297,8871,0,0,0,0,0
582,2108,583.2709872588637,99822,101,49,132,42,32821,16829,0.49738534591573,37,13,19089,16704,11600,5315,19039,27875,46989,33967,0,0,8762,5713,17515,1904,4816,409,0,0,0,0,49540,2283,8880,0,0,0,0,0
583,2108,584.0970711231349,99822,100,47,132,42,32828,16830,0.497465488569654,38,16,19134,16773,11563,5297,19031,27823,47017,34002,0,0,8734,5690,17542,1900,4822,411,0,0,0,0,49562,2276,8885,0,0,0,0,0
584,2108,585.2593954691229,99822,89,49,132,42,32844,16837,0.49769589869968545,38,13,19251,16936,11509,5268,18979,27690,47045,34036,0,0,8691,5680,17568,1895,4834,413,0,0,0,0,49585,2271,8885,0,0,0,0,0
585,2108,586.4420838100394,99822,79,42,132,42,32851,16839,0.4977860591853499,35,18,19315,17012,11487,5260,18950,27624,47072,34070,0,0,8654,5667,17598,1894,4836,416,0,0,0,0,49603,2261,8893,0,0,0,0,0
586,2108,587.5666779395474,99822,72,33,132,42,32863,16841,0.4979263088297169,33,18,19446,17153,11430,5230,18885,27522,47099,34103,0,0,8617,5653,17624,1895,4845,416,0,0,0,0,49621,2250,8901,0,0,0,0,0
587,2108,588.2601141638122,99822,72,34,132,42,32863,16842,0.4979363266614574,33,17,19431,17139,11419,5225,18911,27541,47125,34135,0,0,8580,5642,17635,1889,4851,416,0,0,0,0,49658,2246,8905,0,0,0,0,0
588,2108,589.2696300966552,99822,69,31,132,42,32867,16847,0.4980264871471219,33,15,19556,17237,11358,5205,18850,27468,47150,34167,0,0,8555,5623,17662,1883,4859,418,0,0,0,0,49672,2241,8909,0,0,0,0,0
589,2108,590.1227540157411,99822,70,32,132,42,32871,16851,0.49810662980104586,33,12,19616,17296,11318,5194,18829,27422,47175,34198,0,0,8516,5612,17678,1880,4863,418,0,0,0,0,49706,2238,8911,0,0,0,0,0
590,2108,591.0340626582082,99822,71,25,132,42,32877,16855,0.49820680811845086,32,8,19683,17358,11285,5193,18795,27372,47199,34229,0,0,8485,5598,17700,1876,4871,419,0,0,0,0,49727,2232,8914,0,0,0,0,0
591,2108,592.2472274396893,99821,71,23,133,42,32890,16858,0.49837208603400085,27,9,19785,17488,11240,5171,18742,27265,47223,34259,0,0,8451,5586,17723,1877,4873,419,0,0,0,0,49747,2223,8922,0,0,0,0,0
592,2108,593.0298727457637,99821,74,18,133,42,32901,16859,0.4984923012191823,23,11,19876,17586,11202,5152,18690,27189,47246,34288,0,0,8416,5581,17737,1872,4881,419,0,0,0,0,49771,2216,8928,0,0,0,0,0
593,2108,594.0279922028525,99821,73,19,133,42,32903,16861,0.4985323729475762,23,9,19878,17597,11189,5140,18702,27191,47269,34317,0,0,8383,5571,17749,1869,4885,419,0,0,0,0,49801,2210,8934,0,0,0,0,0
594,2108,595.1886566551165,99821,68,20,133,42,32915,16864,0.498682641929053,19,9,20046,17782,11128,5110,18604,27035,47291,34345,0,0,8358,5558,17769,1865,4894,420,0,0,0,0,49814,2202,8941,0,0,0,0,0
595,2108,596.0774405027286,99821,66,17,133,42,32915,16864,0.498682641929053,20,10,20052,17795,11114,5104,18613,27030,47313,34373,0,0,8334,5540,17789,1863,4899,420,0,0,0,0,49836,2196,8944,0,0,0,0,0
596,2108,597.2607946879947,99821,57,16,133,42,32923,16865,0.4987728033179391,15,14,20148,17892,11079,5081,18566,26953,47334,34400,0,0,8304,5529,17804,1863,4909,420,0,0,0,0,49857,2189,8946,0,0,0,0,0
597,2108,598.1132538600846,99821,54,17,133,42,32927,16868,0.4988429288426283,13,13,20197,17956,11046,5069,18555,26901,47355,34427,0,0,8275,5520,17818,1856,4915,422,0,0,0,0,49880,2186,8949,0,0,0,0,0
598,2108,599.0984186198391,99820,51,16,134,42,32929,16870,0.4988879983971148,14,12,20255,18053,11009,5053,18535,26822,47375,34453,0,0,8255,5507,17834,1853,4918,424,0,0,0,0,49894,2178,8957,0,0,0,0,0
599,2108,600.0101993617549,99820,47,15,134,42,32932,16871,0.4989280705269485,13,12,20330,18114,10976,5036,18498,26779,47395,34479,0,0,8233,5491,17853,1851,4924,424,0,0,0,0,49911,2172,8961,0,0,0,0,0
600,2108,601.3682635342259,99820,45,13,134,42,32936,16872,0.4989781606892406,18,14,20441,18245,10922,5004,18438,26680,47414,34504,0,0,8211,5482,17867,1847,4929,425,0,0,0,0,49927,2163,8969,0,0,0,0,0
601,2108,602.1294360659755,99820,42,13,134,42,32939,16874,0.49902825085153274,20,16,20522,18372,10875,4987,18405,26568,47433,34529,0,0,8185,5469,17884,1846,4931,426,0,0,0,0,49948,2159,8972,0,0,0,0,0
602,2108,603.0575006151123,99820,33,11,134,42,32939,16875,0.49903826888399117,21,15,20552,18416,10861,4982,18397,26532,47452,34553,0,0,8163,5460,17897,1842,4938,428,0,0,0,0,49965,2151,8976,0,0,0,0,0
603,2108,604.1234766739367,99820,34,10,134,42,32944,16879,0.499128431176117,18,12,20640,18515,10823,4959,18349,26460,47470,34577,0,0,8141,5447,17910,1839,4945,429,0,0,0,0,49984,2147,8978,0,0,0,0,0
604,2108,605.016168085336,99820,37,11,134,42,32947,16880,0.4991685033059507,17,12,20720,18584,10783,4942,18307,26407,47488,34600,0,0,8116,5433,17924,1837,4947,429,0,0,0,0,50009,2147,8978,0,0,0,0,0
605,2108,606.000966442503,99820,36,12,134,42,32952,16884,0.4992586655980765,19,10,20808,18688,10739,4925,18262,26321,47505,34623,0,0,8090,5422,17939,1836,4951,429,0,0,0,0,50029,2145,8979,0,0,0,0,0
606,2108,607.1077412842425,99820,39,9,134,42,32958,16885,0.4993287918252855,18,10,20897,18797,10691,4907,18219,26233,47522,34645,0,0,8072,5409,17956,1833,4954,430,0,0,0,0,50042,2140,8984,0,0,0,0,0
607,2108,608.517585634711,99820,37,9,134,42,32961,16889,0.4993989180524945,18,8,21022,18915,10636,4881,18151,26143,47539,34667,0,0,8051,5396,17969,1831,4958,432,0,0,0,0,50059,2138,8986,0,0,0,0,0
608,2108,609.0640757701153,99820,38,10,134,42,32962,16891,0.49942897214986975,19,7,21065,18945,10607,4868,18135,26126,47555,34689,0,0,8038,5381,17985,1828,4959,434,0,0,0,0,50071,2133,8991,0,0,0,0,0
609,2108,610.1081853810144,99820,34,9,134,42,32967,16891,0.4994790623121619,16,7,21149,19057,10575,4841,18090,26042,47571,34710,0,0,8024,5370,17998,1822,4970,434,0,0,0,0,50080,2127,8995,0,0,0,0,0
610,2108,611.0353247099716,99820,35,8,134,42,32975,16892,0.4995692246042877,9,6,21226,19155,10541,4820,18053,25967,47587,34731,0,0,8003,5361,18012,1820,4972,436,0,0,0,0,50096,2122,8998,0,0,0,0,0
611,2108,612.0466403197426,99820,32,7,134,42,32977,16895,0.49961931476657984,9,6,21316,19257,10491,4800,18016,25886,47602,34751,0,0,7984,5352,18023,1818,4977,437,0,0,0,0,50111,2117,9001,0,0,0,0,0
612,2108,613.0375549243194,99820,31,8,134,42,32979,16897,0.49965938689641354,11,5,21384,19318,10459,4783,17979,25842,47617,34771,0,0,7968,5341,18035,1815,4980,438,0,0,0,0,50125,2112,9006,0,0,0,0,0
613,2108,614.3330899920352,99820,30,9,134,42,32983,16900,0.4997295131236225,10,4,21486,19443,10411,4767,17927,25733,47632,34791,0,0,7948,5330,18052,1813,4981,439,0,0,0,0,50139,2110,9008,0,0,0,0,0
614,2108,615.146976200329,99820,31,10,134,42,32988,16901,0.49978962131837307,8,6,21554,19502,10374,4754,17897,25684,47646,34810,0,0,7926,5322,18064,1810,4984,439,0,0,0,0,50157,2110,9008,0,0,0,0,0
615,2108,616.1568093344929,99820,28,11,134,42,32990,16903,0.49982969344820677,9,4,21660,19624,10334,4733,17833,25584,47660,34829,0,0,7906,5316,18071,1807,4989,439,0,0,0,0,50174,2105,9013,0,0,0,0,0
616,2108,617.3531970058127,99820,28,11,134,42,32993,16904,0.49986976557804047,8,4,21725,19693,10296,4715,17807,25533,47674,34848,0,0,7887,5308,18080,1807,4989,441,0,0,0,0,50192,2100,9016,0,0,0,0,0
617,2108,618.0073827500661,99820,28,12,134,42,32996,16906,0.4999198557403326,9,2,21782,19756,10261,4700,17784,25486,47688,34866,0,0,7871,5299,18090,1802,4996,441,0,0,0,0,50206,2098,9017,0,0,0,0,0
618,2108,619.3658769234514,99820,26,10,134,42,33000,16906,0.4999599278701663,6,3,21930,19902,10197,4676,17705,25365,47701,34884,0,0,7855,5290,18104,1802,4997,442,0,0,0,0,50216,2093,9021,0,0,0,0,0
619,2108,620.2011066822631,99820,24,10,134,42,33001,16907,0.49997996393508315,7,4,21968,19961,10178,4662,17687,25319,47714,34902,0,0,7844,5283,18115,1795,5004,442,0,0,0,0,50223,2087,9027,0,0,0,0,0
620,2108,621.0772032790628,99820,24,11,134,42,33004,16908,0.5000200360649169,7,4,22022,20034,10152,4647,17659,25260,47727,34919,0,0,7828,5273,18126,1793,5007,442,0,0,0,0,50237,2085,9029,0,0,0,0,0
621,2108,622.2367868081049,99820,19,7,134,42,33005,16908,0.5000300540973752,10,5,22106,20136,10119,4625,17610,25183,47740,34936,0,0,7810,5267,18139,1791,5012,442,0,0,0,0,50248,2081,9030,0,0,0,0,0
622,2108,623.1525336090516,99820,22,7,134,42,33010,16910,0.5001001803245843,7,3,22176,20216,10094,4612,17565,25118,47752,34953,0,0,7792,5260,18148,1789,5015,442,0,0,0,0,50263,2079,9032,0,0,0,0,0
623,2108,624.0207626673932,99820,18,6,134,42,33011,16910,0.5001101983570426,7,4,22236,20296,10076,4593,17527,25057,47764,34969,0,0,7778,5250,18161,1789,5016,443,0,0,0,0,50274,2075,9034,0,0,0,0,0
624,2108,625.092742241904,99820,15,9,134,42,33012,16914,0.5001602885193348,7,1,22341,20407,10019,4567,17482,24972,47776,34985,0,0,7761,5242,18172,1787,5019,443,0,0,0,0,50287,2074,9035,0,0,0,0,0
625,2108,626.5414307990015,99820,13,7,134,42,33015,16914,0.50019034261671,6,2,22491,20542,9958,4546,17396,24859,47788,35001,0,0,7747,5235,18182,1784,5023,444,0,0,0,0,50296,2071,9038,0,0,0,0,0
626,2108,627.2312191716842,99820,12,8,134,42,33015,16915,0.5002003606491685,6,1,22513,20580,9946,4537,17387,24830,47799,35016,0,0,7731,5228,18188,1783,5025,444,0,0,0,0,50312,2069,9040,0,0,0,0,0
627,2108,628.2340986499012,99820,12,5,134,42,33019,16915,0.5002404327790022,3,1,22627,20724,9896,4520,17326,24706,47810,35031,0,0,7714,5223,18197,1782,5027,445,0,0,0,0,50325,2066,9041,0,0,0,0,0
628,2108,629.4255343913762,99820,12,6,134,42,33019,16916,0.5002504508114606,5,1,22695,20786,9862,4510,17290,24653,47821,35046,0,0,7698,5216,18204,1780,5029,445,0,0,0,0,50341,2065,9042,0,0,0,0,0
629,2108,630.152471501537,99820,11,8,134,42,33020,16918,0.5002805049088359,33,25,22758,20868,9829,4487,17233,24568,47832,35061,0,0,7686,5208,18214,1777,5032,445,0,0,0,0,50351,2062,9045,0,0,0,0,0
630,2108,631.1538337909966,99820,17,14,134,42,33028,16924,0.5004207573632539,26,21,22807,20932,9797,4475,17217,24514,47842,35075,0,0,7672,5201,18221,1776,5033,445,1,0,0,1,50363,2059,9048,0,0,0,0,0
631,2108,632.0419223755895,99820,26,22,134,42,33037,16933,0.5006010819475055,18,15,22878,21004,9762,4464,17180,24451,47852,35089,0,0,7657,5197,18225,1774,5034,446,1,0,0,2,50377,2057,9050,0,0,0,0,0
632,2108,633.2023966697376,99820,28,27,134,42,33041,16940,0.5007112803045481,23,11,22969,21111,9715,4441,17129,24366,47862,35103,0,0,7646,5188,18232,1771,5038,447,1,0,0,3,50387,2056,9051,0,0,0,0,0
633,2108,634.1650527748038,99820,26,25,134,42,33045,16942,0.5007713884992987,28,15,23069,21224,9677,4422,17064,24270,47872,35117,0,0,7629,5183,18236,1769,5040,448,4,0,0,9,50395,2054,9053,0,0,0,0,0
634,2108,635.135779009477,99820,27,23,134,42,33050,16944,0.5008415147265077,27,16,23130,21311,9650,4407,17030,24199,47882,35130,0,0,7616,5176,18243,1769,5042,448,5,0,0,14,50402,2050,9055,0,0,0,0,0
635,2108,636.2006739855289,99820,29,22,134,42,33055,16947,0.5009216589861751,33,15,23181,21385,9624,4395,16997,24139,47892,35143,0,0,7601,5169,18249,1768,5043,449,6,0,0,18,50412,2049,9056,0,0,0,0,0
636,2108,637.007453551561,99820,28,25,134,42,33058,16952,0.5010018032458425,37,14,23249,21448,9595,4390,16955,24079,47901,35156,0,0,7589,5164,18253,1766,5047,449,6,0,0,22,50420,2046,9058,0,0,0,0,0
637,2108,638.096542277132,99820,36,24,134,42,33068,16956,0.5011420557002605,36,18,23328,21547,9562,4380,16902,23987,47910,35169,0,0,7579,5158,18257,1765,5050,450,6,0,0,26,50426,2042,9061,0,0,0,0,0
638,2108,639.1788505538954,99820,38,25,134,42,33072,16960,0.5012221999599279,38,15,23408,21627,9525,4368,16855,23921,47919,35181,0,0,7571,5152,18262,1762,5055,450,6,0,0,29,50431,2038,9064,0,0,0,0,0
639,2108,640.2521696434712,99820,43,21,134,42,33081,16964,0.5013524343818874,42,16,23516,21745,9480,4359,16783,23815,47928,35193,0,0,7562,5143,18269,1761,5057,452,6,0,0,36,50433,2036,9065,0,0,0,0,0
640,2108,641.0455684343635,99820,48,19,134,42,33089,16964,0.5014325786415548,43,18,23582,21819,9439,4339,16752,23761,47937,35205,0,0,7551,5141,18271,1759,5058,454,6,0,0,39,50441,2032,9068,0,0,0,0,0
641,2108,642.2141662357719,99820,53,23,134,42,33101,16970,0.5016129032258064,49,21,23690,21909,9397,4325,16675,23678,47945,35217,0,0,7543,5133,18276,1759,5061,455,7,0,0,43,50444,2028,9071,0,0,0,0,0
642,2108,643.1502681414917,99820,55,25,134,42,33113,16975,0.5017832097775997,49,24,23759,21984,9366,4316,16635,23607,47953,35229,0,0,7531,5127,18282,1759,5063,455,9,0,0,51,50446,2024,9073,0,0,0,0,0
643,2108,644.0834678132767,99820,57,30,134,42,33122,16982,0.5019434982969345,46,21,23839,22061,9336,4302,16586,23542,47961,35240,0,0,7523,5116,18290,1758,5067,455,9,0,0,56,50449,2024,9073,0,0,0,0,0
644,2108,645.0136037513032,99820,58,26,134,42,33135,16983,0.5020837507513525,42,25,23910,22150,9302,4295,16552,23460,47969,35251,0,0,7514,5108,18294,1759,5073,455,11,0,0,64,50448,2019,9075,0,0,0,0,0
645,2108,646.2496953494943,99820,59,33,134,42,33147,16992,0.5022941294329794,51,24,23995,22270,9262,4273,16497,23356,47977,35262,0,0,7505,5097,18301,1762,5077,455,13,0,0,68,50451,2015,9076,0,0,0,0,0
646,2108,647.1737522051608,99820,61,36,134,42,33155,16998,0.5024343818873973,56,26,24049,22338,9245,4261,16453,23295,47985,35273,0,0,7494,5092,18305,1760,5080,456,15,0,0,72,50456,2012,9078,0,0,0,0,0
647,2108,648.0955500723708,99820,71,35,134,42,33171,17004,0.5026547786014827,60,26,24112,22405,9210,4256,16411,23234,47993,35284,0,0,7484,5084,18312,1762,5081,456,15,0,0,82,50456,2009,9079,0,0,0,0,0
648,2108,649.014793424289,99820,77,42,134,42,33188,17015,0.5029352835103186,70,22,24177,22477,9189,4248,16351,23167,48000,35295,0,0,7476,5075,18317,1763,5085,457,16,0,0,89,50456,2006,9080,0,0,0,0,0
649,2108,650.2361779233806,99820,88,42,134,42,33212,17021,0.5032358244840713,67,31,24272,22588,9151,4232,16286,23063,48007,35305,0,0,7468,5063,18321,1765,5091,457,18,0,0,98,50453,2005,9081,0,0,0,0,0
650,2108,651.1492114509092,99820,99,44,134,42,33232,17028,0.5035063113604488,60,30,24329,22666,9130,4217,16246,22999,48014,35315,0,0,7458,5058,18323,1764,5095,457,20,0,0,107,50452,2002,9084,0,0,0,0,0
651,2108,652.0598283808923,99820,110,44,134,42,33251,17034,0.5037567621719095,64,36,24398,22742,9103,4209,16189,22925,48021,35325,0,0,7452,5052,18325,1762,5104,457,21,0,0,113,50451,1998,9085,0,0,0,0,0
652,2108,653.2694182182681,99820,110,44,134,42,33269,17046,0.5040573031456622,88,35,24504,22830,9073,4203,16089,22844,48028,35335,0,0,7439,5046,18325,1763,5110,459,25,0,0,127,50446,1994,9086,0,0,0,0,0
653,2108,654.1731988652953,99820,115,45,134,42,33293,17053,0.5043678621518733,79,41,24555,22902,9062,4192,16053,22776,48035,35345,0,0,7428,5043,18322,1763,5118,460,27,0,0,140,50442,1989,9088,0,0,0,0,0
654,2108,655.0751241380881,99820,113,48,134,42,33308,17062,0.5046082949308756,91,43,24587,22960,9063,4184,16010,22721,48042,35355,0,0,7419,5035,18323,1765,5127,460,29,0,0,150,50439,1985,9088,0,0,0,0,0
655,2108,656.2752337183364,99820,121,53,134,42,33339,17079,0.50508916048888,99,34,24667,23070,9038,4172,15939,22627,48049,35364,0,0,7403,5031,18320,1764,5138,460,35,0,0,167,50432,1982,9088,0,0,0,0,0
656,2108,657.1727020392092,99820,120,58,134,42,33354,17087,0.5053195752354238,113,40,24720,23143,9023,4160,15888,22555,48055,35373,0,0,7390,5029,18314,1762,5148,460,38,0,0,175,50434,1981,9089,0,0,0,0,0
657,2108,658.0679895983662,99820,141,57,134,42,33387,17091,0.5056902424363855,107,42,24781,23198,8993,4158,15842,22501,48061,35382,0,0,7380,5024,18316,1761,5155,460,42,0,0,182,50433,1978,9089,0,0,0,0,0
658,2108,659.2582516895388,99820,151,62,134,42,33428,17103,0.506221198156682,96,47,24846,23288,8987,4145,15784,22414,48067,35391,0,0,7366,5018,18306,1765,5169,460,47,0,0,197,50427,1974,9091,0,0,0,0,0
659,2108,660.1487771039806,99820,153,65,134,42,33448,17113,0.5065217391304347,102,59,24901,23338,8975,4139,15733,22355,48073,35400,0,0,7356,5013,18305,1768,5175,461,47,0,0,208,50426,1968,9093,0,0,0,0,0
660,2108,661.0371759920862,99820,158,66,134,42,33476,17126,0.5069324784612302,109,63,24947,23399,8970,4144,15680,22284,48079,35409,0,0,7343,5009,18301,1768,5185,462,49,0,0,228,50417,1967,9091,0,0,0,0,0
661,2108,662.2187889654002,99820,168,73,134,42,33510,17143,0.5074433981166099,114,64,25017,23496,8951,4133,15614,22190,48085,35418,0,0,7333,5002,18300,1768,5196,463,52,0,0,246,50406,1966,9088,0,0,0,0,0
662,2108,663.1027469092724,99820,163,87,134,42,33533,17164,0.5078841915447806,131,58,25060,23552,8942,4127,15568,22132,48091,35426,0,0,7322,4997,18297,1770,5204,466,55,0,0,261,50399,1962,9087,0,0,0,0,0
663,2108,664.2787063237223,99820,164,88,134,42,33572,17179,0.5084251652975356,140,64,25133,23641,8928,4124,15499,22039,48097,35434,0,0,7306,4992,18293,1771,5213,467,63,0,0,291,50376,1959,9089,0,0,0,0,0
664,2108,665.1584170466111,99820,170,96,134,42,33601,17197,0.5088960128230815,152,61,25172,23708,8925,4114,15445,21977,48103,35442,0,0,7290,4989,18286,1774,5221,468,69,0,0,305,50372,1955,9091,0,0,0,0,0
665,2108,666.036489173649,99820,179,99,134,42,33627,17213,0.5093167701863354,165,66,25209,23772,8914,4115,15397,21904,48109,35450,0,0,7279,4984,18284,1774,5231,468,73,0,0,319,50365,1951,9092,0,0,0,0,0
666,2108,667.2044480229266,99820,192,101,134,42,33671,17231,0.5099378881987577,178,68,25279,23878,8895,4113,15320,21796,48114,35458,0,0,7270,4981,18279,1770,5248,468,78,0,0,346,50342,1947,9091,0,0,0,0,0
667,2108,668.0782713450225,99820,214,106,134,42,33717,17242,0.510508916048888,174,70,25308,23931,8891,4102,15277,21747,48119,35466,0,0,7262,4974,18283,1773,5251,469,80,0,0,364,50329,1944,9091,0,0,0,0,0
668,2108,669.2410068743121,99820,238,111,134,42,33784,17259,0.5113504307753957,164,77,25388,24014,8874,4095,15200,21659,48124,35474,0,0,7251,4963,18276,1781,5266,474,86,0,0,381,50317,1940,9085,0,0,0,0,0
669,2108,670.1106096717548,99820,242,115,134,42,33815,17279,0.5118613504307754,185,86,25425,24079,8865,4097,15147,21579,48129,35482,0,0,7241,4956,18273,1780,5278,474,90,0,0,406,50298,1938,9086,0,0,0,0,0
670,2108,671.2674714140724,99820,246,121,134,42,33869,17304,0.512652774994991,192,94,25485,24141,8875,4099,15066,21501,48134,35489,0,0,7227,4944,18260,1788,5302,476,97,0,0,432,50279,1937,9078,0,0,0,0,0
671,2108,672.1331526559633,99820,258,119,134,42,33908,17323,0.5132338208775796,198,95,25527,24196,8875,4114,15006,21432,48139,35496,0,0,7220,4936,18254,1790,5315,478,99,0,0,457,50259,1934,9078,0,0,0,0,0
672,2108,673.2849341855542,99820,269,126,134,42,33967,17352,0.5141154077339211,201,103,25589,24259,8866,4118,14939,21350,48144,35503,0,0,7207,4929,18246,1795,5335,480,106,0,0,488,50234,1928,9072,0,0,0,0,0
673,2108,674.1468898542946,99820,286,132,134,42,34009,17373,0.5147465437788018,214,106,25621,24328,8857,4116,14886,21274,48149,35510,0,0,7199,4921,18244,1798,5342,484,108,0,0,508,50220,1927,9069,0,0,0,0,0
674,2108,675.0073791741826,99820,288,128,134,42,34050,17389,0.5153175716289321,222,117,25664,24398,8854,4113,14836,21200,48154,35517,0,0,7185,4915,18238,1801,5355,485,115,0,0,541,50193,1925,9067,0,0,0,0,0
675,2108,676.152160464232,99819,311,140,135,42,34112,17421,0.5162644386339275,240,125,25711,24466,8836,4110,14765,21115,48159,35524,0,0,7175,4906,18227,1810,5369,487,117,0,0,570,50171,1921,9066,0,0,0,0,0
676,2108,677.0088473064643,99819,320,146,135,42,34158,17442,0.5169356535328945,261,142,25743,24505,8834,4107,14705,21056,48164,35531,0,0,7162,4895,18228,1814,5376,491,127,0,0,593,50151,1919,9063,0,0,0,0,0
677,2108,678.1486585511145,99819,348,170,135,42,34238,17481,0.5181278113385227,249,151,25802,24563,8838,4101,14626,20971,48169,35538,0,0,7147,4885,18224,1823,5391,493,137,0,0,622,50127,1913,9057,0,0,0,0,0
678,2108,679.0016126634099,99819,358,189,135,42,34285,17514,0.5189292619641551,267,155,25829,24618,8833,4094,14576,20900,48173,35545,0,0,7135,4877,18224,1825,5403,496,145,0,0,644,50109,1911,9050,0,0,0,0,0
679,2108,680.1366707215626,99818,385,185,136,42,34366,17544,0.5200464846019756,288,174,25873,24681,8827,4110,14489,20806,48177,35551,0,0,7119,4872,18212,1829,5427,498,152,0,0,690,50070,1909,9040,0,0,0,0,0
680,2108,681.2690919344666,99818,422,221,136,42,34458,17607,0.5215993107455569,300,164,25913,24738,8824,4114,14403,20719,48181,35557,0,0,7103,4864,18202,1834,5444,502,163,0,0,730,50035,1906,9035,0,0,0,0,0
681,2108,682.116643537719,99818,434,223,136,42,34520,17636,0.5225109699653369,315,170,25947,24774,8827,4125,14339,20664,48185,35563,0,0,7090,4856,18195,1837,5464,503,172,0,0,771,49997,1904,9029,0,0,0,0,0
682,2108,683.2447084588119,99818,457,234,136,42,34620,17682,0.5239736320102587,335,196,25965,24824,8847,4141,14258,20561,48189,35569,0,0,7080,4839,18177,1849,5485,511,178,0,0,826,49945,1902,9026,0,0,0,0,0
683,2108,684.0896226383462,99818,464,254,136,42,34683,17728,0.5250656194273577,359,202,25986,24879,8856,4151,14197,20470,48193,35575,0,0,7062,4833,18165,1852,5506,515,193,0,0,858,49915,1896,9023,0,0,0,0,0
684,2108,685.2145140657698,99818,500,266,136,42,34781,17786,0.5266284638041235,398,206,25993,24927,8863,4189,14108,20368,48197,35581,0,0,7046,4826,18151,1858,5532,518,205,0,0,915,49862,1890,9015,0,0,0,0,0
685,2108,686.0573402207335,99818,537,263,136,42,34873,17817,0.5278607064858042,396,226,25985,24958,8888,4210,14056,20299,48201,35587,0,0,7029,4818,18139,1863,5558,521,216,0,0,951,49830,1886,9007,0,0,0,0,0
686,2108,687.1804106237021,99818,536,287,136,42,34969,17883,0.5294836602616763,424,241,26003,25008,8924,4239,13975,20181,48205,35593,0,0,7010,4811,18111,1869,5603,524,230,0,0,1013,49769,1880,8998,0,0,0,0,0
687,2108,688.0219250762125,99818,558,314,136,42,35053,17946,0.5309563405397824,439,230,26006,25044,8933,4252,13926,20116,48209,35599,0,0,6995,4802,18105,1877,5627,525,240,0,0,1064,49723,1874,8986,0,0,0,0,0
688,2108,689.1431034168874,99817,599,349,137,42,35190,18019,0.5330655098830861,465,229,26013,25114,8960,4261,13824,20003,48213,35605,0,0,6973,4789,18090,1889,5654,526,256,0,0,1136,49655,1868,8981,0,0,0,0,0
689,2108,690.2629052721923,99817,645,363,137,42,35330,18080,0.5350791949267159,508,241,25980,25163,9000,4284,13728,19905,48217,35611,0,0,6952,4779,18061,1897,5697,531,270,0,0,1199,49598,1865,8968,0,0,0,0,0
690,2108,691.1027478585279,99817,704,369,137,42,35457,18131,0.5368624582986866,506,260,25978,25180,9021,4312,13652,19835,48221,35616,0,0,6935,4772,18039,1905,5728,535,280,0,0,1253,49549,1862,8959,0,0,0,0,0
691,2108,692.2219829913465,99816,742,371,138,42,35605,18196,0.5390017632443697,548,291,25938,25215,9072,4348,13560,19731,48225,35621,0,0,6907,4764,18022,1914,5752,545,302,0,0,1347,49460,1856,8947,0,0,0,0,0
692,2108,693.0615789267081,99816,760,395,138,42,35718,18265,0.5408251182175202,589,294,25902,25229,9123,4381,13486,19657,48229,35626,0,0,6892,4745,18005,1936,5782,548,313,0,0,1415,49393,1848,8939,0,0,0,0,0
693,2108,694.181653044712,99816,797,418,138,42,35883,18356,0.5433898373006332,627,315,25862,25250,9187,4421,13387,19552,48233,35631,0,0,6864,4735,17976,1948,5833,556,334,0,0,1504,49309,1839,8918,0,0,0,0,0
694,2108,695.0220045846943,99815,842,434,139,42,36016,18429,0.5454590993337675,645,340,25837,25247,9233,4461,13302,19474,48237,35636,0,0,6844,4722,17958,1956,5865,560,350,0,0,1582,49234,1837,8907,0,0,0,0,0
695,2108,696.1424712888005,99815,862,481,139,42,36193,18537,0.548314381605971,710,350,25789,25272,9313,4489,13185,19364,48240,35641,0,0,6816,4701,17928,1972,5914,570,375,0,0,1680,49138,1828,8893,0,0,0,0,0
696,2108,697.2633915658056,99814,916,504,140,42,36389,18638,0.5512954094615986,720,374,25745,25301,9384,4547,13093,19230,48243,35646,0,0,6796,4686,17891,1983,5977,580,391,0,0,1779,49038,1822,8871,0,0,0,0,0
697,2108,698.1045954404069,99813,935,516,141,42,36529,18721,0.5535351106569285,756,403,25701,25307,9455,4591,13010,19139,48246,35651,0,0,6776,4670,17867,1999,6023,587,406,0,0,1874,48944,1817,8850,0,0,0,0,0
698,2108,699.2271520014915,99813,1007,553,141,42,36765,18837,0.5570617053890776,757,427,25664,25323,9521,4634,12908,19019,48249,35656,0,0,6749,4651,17830,2012,6092,594,431,0,0,1988,48830,1811,8825,0,0,0,0,0
699,2108,700.0691284783011,99813,1027,563,141,42,36926,18922,0.5595263142075682,780,441,25621,25356,9599,4688,12830,18908,48252,35661,0,0,6727,4637,17802,2021,6151,602,448,0,0,2092,48728,1805,8800,0,0,0,0,0
700,2108,701.1930779205813,99811,1104,603,143,42,37165,19051,0.5632244942942161,820,452,25541,25379,9691,4743,12699,18779,48255,35666,0,0,6698,4625,17758,2034,6220,609,471,0,0,2217,48606,1798,8775,0,0,0,0,0
701,2108,702.0370964663853,99811,1146,624,143,42,37357,19141,0.5660498341866127,846,471,25485,25400,9765,4790,12613,18671,48258,35671,0,0,6667,4606,17724,2056,6264,620,496,0,0,2317,48509,1790,8762,0,0,0,0,0
702,2108,703.1638421162367,99810,1210,631,144,42,37611,19267,0.5698627392044885,887,493,25391,25411,9865,4879,12501,18542,48261,35676,0,0,6634,4578,17687,2078,6334,635,523,0,0,2462,48366,1783,8730,0,0,0,0,0
703,2108,704.0106281638542,99809,1224,662,145,42,37795,19376,0.5728040557464757,942,481,25303,25421,9962,4934,12422,18458,48264,35681,0,0,6601,4552,17652,2106,6383,647,550,0,0,2573,48258,1775,8712,0,0,0,0,0
704,2108,705.1428663165058,99808,1279,713,145,43,38058,19523,0.5769176819493428,994,499,25199,25403,10072,5007,12309,18333,48267,35686,0,0,6572,4531,17597,2118,6475,658,576,0,0,2707,48121,1770,8683,0,0,0,0,0
705,2108,706.2777604608474,99807,1354,723,145,44,38366,19668,0.5814622220886311,996,543,25102,25390,10204,5106,12197,18192,48270,35690,0,0,6530,4501,17548,2151,6560,674,616,0,0,2873,47949,1759,8646,0,0,0,0,0
706,2108,707.1307816083831,99806,1416,734,146,44,38596,19787,0.5849648317736409,1047,568,25014,25376,10280,5184,12095,18092,48273,35694,0,0,6511,4474,17508,2175,6626,687,633,0,0,3006,47813,1752,8621,0,0,0,0,0
707,2108,708.2706872537934,99806,1471,799,146,44,38875,19973,0.5896238703083982,1086,594,24906,25333,10413,5267,11976,17961,48276,35698,0,0,6479,4451,17444,2198,6728,701,659,0,0,3158,47658,1748,8582,0,0,0,0,0
708,2108,709.1279458267152,99806,1536,823,146,44,39125,20104,0.5934412760755866,1122,608,24788,25309,10529,5343,11877,17871,48279,35702,0,0,6431,4430,17406,2216,6790,714,704,0,0,3288,47525,1742,8560,0,0,0,0,0
709,2108,710.2746500623134,99806,1611,879,146,44,39441,20284,0.5984109171793279,1188,616,24652,25286,10664,5426,11737,17747,48282,35706,0,0,6389,4404,17358,2242,6876,730,738,0,0,3452,47359,1731,8527,0,0,0,0,0
710,2108,711.1372753661195,99805,1670,902,147,44,39697,20415,0.6022944742247383,1247,641,24551,25274,10759,5496,11624,17641,48285,35710,0,0,6361,4376,17323,2269,6941,742,760,0,0,3604,47208,1724,8497,0,0,0,0,0
711,2108,712.0019453430568,99805,1734,958,147,44,39964,20567,0.6064926606883423,1320,653,24405,25252,10874,5565,11518,17526,48288,35714,0,0,6332,4351,17278,2289,7026,752,785,0,0,3734,47076,1714,8468,0,0,0,0,0
712,2108,713.1602963827294,99805,1836,972,147,44,40359,20749,0.6122739341716347,1374,698,24226,25194,11032,5691,11383,17399,48291,35718,0,0,6283,4319,17222,2318,7136,766,830,0,0,3960,46842,1704,8425,0,0,0,0,0
713,2108,714.0326784936115,99805,1924,1043,147,44,40677,20930,0.6172736836831823,1434,722,24080,25162,11162,5762,11251,17265,48294,35722,0,0,6244,4293,17169,2348,7209,780,864,0,0,4123,46677,1694,8404,0,0,0,0,0
714,2108,715.2005735714381,99804,2018,1082,148,44,41083,21141,0.6234619854915635,1549,806,23870,25104,11326,5881,11087,17081,48297,35726,0,0,6190,4249,17094,2400,7324,801,912,0,0,4327,46466,1676,8365,0,0,0,0,0
715,2108,716.0807051582875,99804,2115,1122,148,44,41419,21325,0.6286721975071139,1596,812,23727,25060,11444,5993,10968,16967,48300,35730,0,0,6156,4222,17013,2428,7452,814,939,0,0,4475,46309,1667,8329,0,0,0,0,0
716,2108,717.2600618621437,99804,2244,1128,148,44,41923,21547,0.6359464550519017,1646,868,23501,24992,11669,6158,10790,16808,48303,35734,0,0,6086,4183,16921,2468,7596,841,1000,0,0,4730,46045,1653,8281,0,0,0,0,0
717,2108,718.149897463533,99802,2366,1177,149,45,42315,21747,0.6418909440692572,1692,897,23300,24914,11814,6269,10677,16696,48306,35738,0,0,6036,4146,16864,2507,7699,859,1047,0,0,4902,45863,1639,8240,0,0,0,0,0
718,2108,719.0450719514715,99801,2464,1240,150,45,42698,21950,0.6477690604302562,1779,953,23105,24833,11965,6364,10535,16563,48309,35742,0,0,5992,4124,16796,2528,7801,883,1086,0,0,5091,45666,1626,8208,0,0,0,0,0
719,2108,720.2457215101958,99799,2595,1306,151,46,43260,22232,0.6562390404713474,1825,961,22886,24775,12195,6523,10346,16387,48311,35746,0,0,5921,4072,16709,2578,7971,905,1149,0,0,5362,45378,1609,8145,0,0,0,0,0
720,2108,721.1517020944935,99799,2693,1360,151,46,43690,22457,0.6628022324872995,1842,983,22697,24692,12400,6652,10215,16265,48313,35750,0,0,5870,4040,16640,2613,8104,923,1193,0,0,5584,45144,1596,8092,0,0,0,0,0
721,2108,722.0631741978312,99799,2753,1423,151,46,44102,22710,0.6694656259080752,1897,1005,22486,24630,12628,6795,10083,16099,48315,35754,0,0,5813,4009,16569,2636,8231,956,1242,0,0,5814,44899,1586,8044,0,0,0,0,0
722,2108,723.2896727991391,99799,2869,1529,151,46,44725,23045,0.6790649204901853,1968,1059,22166,24467,12949,6964,9895,15933,48317,35758,0,0,5732,3964,16467,2674,8403,994,1317,0,0,6139,44560,1564,7985,0,0,0,0,0
723,2108,724.2182238007452,99798,2982,1570,152,46,45184,23290,0.6861259744684263,2058,1121,21902,24363,13149,7107,9755,15791,48319,35762,0,0,5669,3939,16376,2700,8531,1028,1375,0,0,6372,44309,1550,7949,0,0,0,0,0
724,2108,725.154730803357,99792,3009,1664,157,47,45616,23582,0.6934223184223184,2193,1150,21657,24251,13373,7258,9609,15628,48321,35765,0,0,5616,3897,16280,2747,8681,1059,1417,0,0,6623,44040,1533,7899,0,0,0,0,0
725,2108,726.0993340213764,99790,3125,1715,159,47,46140,23866,0.7015332197614992,2248,1203,21417,24134,13602,7434,9447,15465,48323,35768,0,0,5554,3860,16167,2783,8844,1094,1472,0,0,6897,43750,1518,7851,0,0,0,0,0
726,2108,727.0516926247334,99790,3244,1750,159,47,46685,24150,0.7098406653973344,2264,1245,21197,24020,13843,7614,9291,15322,48325,35771,0,0,5483,3827,16064,2815,9006,1130,1537,0,0,7199,43431,1504,7794,0,0,0,0,0
727,2108,728.0116162392451,99789,3325,1844,160,47,47213,24458,0.7182254557115514,2353,1289,20956,23882,14092,7764,9112,15172,48327,35774,0,0,5426,3790,15971,2857,9170,1167,1588,0,0,7468,43134,1475,7743,0,0,0,0,0
728,2108,729.3042850452623,99788,3542,1905,161,47,48010,24877,0.7304184871928489,2401,1347,20586,23707,14409,8036,8899,14956,48329,35777,0,0,5358,3738,15832,2909,9413,1211,1645,0,0,7890,42678,1452,7662,0,0,0,0,0
729,2108,730.2856022689783,99786,3673,1985,163,47,48610,25228,0.739963521936945,2453,1427,20315,23543,14662,8238,8732,14758,48331,35780,0,0,5309,3696,15710,2960,9600,1253,1679,0,0,8206,42335,1428,7610,0,0,0,0,0
730,2108,731.276586386406,99785,3763,2095,163,48,49245,25601,0.7500726562108533,2542,1423,19974,23399,14971,8428,8585,14605,48333,35783,0,0,5236,3638,15587,3012,9791,1305,1742,0,0,8536,41977,1410,7551,0,0,0,0,0
731,2108,732.2803916100892,99785,3883,2199,163,48,49882,25992,0.7603748058325399,2574,1420,19742,23250,15233,8640,8403,14441,48335,35786,0,0,5179,3591,15445,3059,10016,1350,1792,0,0,8871,41617,1390,7475,0,0,0,0,0
732,2108,733.2944042489781,99783,3999,2248,165,48,50559,26368,0.7709429461932393,2670,1446,19420,23106,15518,8894,8226,14256,48337,35789,0,0,5104,3555,15296,3101,10219,1416,1852,0,0,9242,41209,1371,7418,0,0,0,0,0
733,2108,734.3213028016625,99780,4042,2267,168,48,51228,26715,0.7811485267588695,2794,1541,19102,22907,15841,9147,8051,14088,48339,35792,0,0,5018,3511,15138,3158,10438,1481,1919,0,0,9630,40793,1333,7361,0,0,0,0,0
734,2108,735.0136133739229,99779,4111,2317,169,48,51692,27003,0.7886930115555377,2890,1575,18856,22782,16050,9322,7922,13954,48341,35795,0,0,4968,3457,15062,3219,10591,1521,1958,0,0,9862,40523,1317,7301,0,0,0,0,0
735,2108,736.065258095076,99779,4211,2343,169,48,52420,27397,0.7999378626765151,2895,1594,18569,22661,16408,9596,7746,13756,48343,35798,0,0,4878,3389,14931,3296,10810,1583,2035,0,0,10271,40070,1289,7227,0,0,0,0,0
736,2108,737.131277578279,99778,4359,2367,170,48,53210,27800,0.8119024233799034,2955,1624,18230,22513,16733,9864,7551,13582,48345,35801,0,0,4801,3326,14768,3360,11076,1652,2095,0,0,10656,39629,1271,7144,0,0,0,0,0
737,2108,738.2139938657211,99775,4474,2436,172,49,53993,28240,0.8241844149336006,2951,1674,17915,22329,17108,10130,7378,13380,48347,35804,0,0,4720,3271,14600,3407,11355,1733,2159,0,0,11015,39199,1256,7060,0,0,0,0,0
738,2108,739.3135153571014,99774,4564,2484,173,49,54815,28671,0.8367510573897007,2944,1695,17565,22157,17549,10419,7203,13194,48349,35807,0,0,4643,3200,14431,3472,11683,1794,2219,0,0,11424,38726,1230,6952,0,0,0,0,0
739,2108,740.0571847704398,99772,4621,2530,174,50,55360,28992,0.8454476205749109,2994,1718,17342,22039,17790,10613,7077,13048,48351,35810,0,0,4582,3153,14307,3518,11895,1846,2261,0,0,11681,38411,1222,6896,0,0,0,0,0
740,2108,741.1597795408336,99770,4783,2578,176,50,56230,29451,0.8587852059737396,2994,1735,17003,21866,18154,10897,6888,12872,48353,35813,0,0,4501,3094,14151,3574,12174,1933,2319,0,0,12082,37940,1191,6811,0,0,0,0,0
741,2108,742.23647732899,99767,4851,2634,179,50,57013,29921,0.8713702927821825,3008,1752,16701,21688,18533,11181,6726,12693,48355,35816,0,0,4416,3032,13990,3628,12439,2025,2389,0,0,12495,37450,1169,6734,0,0,0,0,0
742,2108,743.2899706480355,99765,4926,2736,181,50,57784,30399,0.8839071818774119,3025,1787,16418,21488,18882,11437,6566,12500,48357,35819,0,0,4341,2982,13828,3665,12691,2132,2448,0,0,12868,37010,1149,6651,0,0,0,0,0
743,2108,744.32173197469,99765,5005,2837,181,50,58600,30863,0.89673733273192,3004,1796,16148,21331,19257,11671,6403,12313,48359,35822,0,0,4258,2927,13656,3698,13000,2222,2513,0,0,13231,36576,1129,6555,0,0,0,0,0
744,2108,745.3318208294717,99763,5013,2901,183,50,59338,31343,0.9089642452612692,3095,1793,15855,21143,19602,11963,6250,12148,48361,35825,0,0,4169,2884,13487,3732,13304,2310,2586,0,0,13639,36093,1103,6456,0,0,0,0,0
745,2108,746.3221893552495,99761,5087,2926,185,50,60090,31784,0.9209410491073666,3131,1838,15534,20950,19944,12236,6117,11998,48363,35828,0,0,4099,2835,13321,3771,13586,2419,2635,0,0,13975,35664,1080,6376,0,0,0,0,0
746,2108,747.2935834534536,99761,5157,2981,185,50,60839,32233,0.9329497499022664,3132,1870,15291,20756,20271,12496,5962,11845,48365,35831,0,0,4015,2785,13167,3826,13881,2500,2689,0,0,14329,35233,1061,6275,0,0,0,0,0
747,2108,748.2480819018259,99761,5204,3046,185,50,61554,32683,0.9446276601076573,3192,1932,15024,20597,20580,12739,5813,11634,48367,35834,0,0,3935,2726,13009,3878,14148,2593,2742,0,0,14659,34816,1046,6209,0,0,0,0,0
748,2108,749.1861636809887,99761,5259,3082,185,50,62292,33136,0.9565661932017522,3206,1964,14756,20429,20915,13011,5677,11462,48369,35837,0,0,3855,2684,12833,3908,14493,2675,2793,0,0,14979,34398,1028,6115,0,0,0,0,0
749,2108,750.1079526074574,99759,5279,3125,185,52,63011,33596,0.9684038532864203,3238,1991,14494,20251,21258,13289,5544,11290,48371,35840,0,0,3777,2636,12660,3957,14798,2772,2846,0,0,15315,33959,1006,6033,0,0,0,0,0
750,2108,751.0142904116314,99755,5328,3164,189,52,63728,34043,0.9801112726179139,3271,2011,14253,20088,21548,13544,5409,11139,48373,35843,0,0,3696,2573,12517,4028,15096,2844,2902,0,0,15636,33523,982,5958,0,0,0,0,0
751,2108,752.2006749133524,99753,5389,3226,190,53,64675,34633,0.9955389812837709,3327,2030,13920,19889,21909,13892,5263,10908,48375,35846,0,0,3612,2508,12320,4090,15459,2979,2951,0,0,16070,32954,959,5851,0,0,0,0,0
752,2108,753.0759037772815,99753,5406,3301,190,53,65410,35120,1.0077892394213708,3280,1984,13720,19726,22259,14169,5143,10765,48377,35849,0,0,3549,2450,12160,4140,15761,3082,2989,0,0,16408,32502,938,5774,0,0,0,0,0
753,2108,754.222582136935,99751,5479,3404,190,55,66351,35722,1.0232779621256929,3263,1969,13443,19510,22623,14495,5000,10565,48379,35851,0,0,3457,2403,11981,4201,16110,3228,3036,0,0,16765,32002,910,5658,0,0,0,0,0
754,2108,755.069322013834,99750,5557,3415,190,56,67052,36159,1.0346967418546367,3281,1978,13215,19373,22876,14742,4879,10434,48381,35853,0,0,3387,2360,11847,4237,16376,3322,3077,0,0,17082,31575,894,5593,0,0,0,0,0
755,2108,756.182476023113,99747,5574,3394,191,58,67938,36687,1.0489037264278624,3291,1986,12938,19185,23254,15084,4750,10291,48383,35855,0,0,3309,2297,11673,4275,16722,3488,3126,0,0,17450,31041,870,5496,0,0,0,0,0
756,2108,757.005211533854,99747,5640,3393,191,58,68626,37119,1.0601321342997785,3229,1985,12767,19028,23515,15378,4656,10156,48385,35857,0,0,3242,2249,11532,4306,17020,3587,3175,0,0,17725,30633,857,5421,0,0,0,0,0
757,2108,758.0871182852268,99746,5633,3444,191,59,69496,37676,1.0744491007158181,3243,1976,12530,18883,23890,15644,4511,9992,48387,35859,0,0,3148,2187,11342,4352,17373,3746,3231,0,0,18060,30148,837,5322,0,0,0,0,0
758,2108,759.151434774135,99745,5648,3472,191,60,70382,38218,1.0887763797684094,3265,1996,12270,18684,24236,15976,4388,9810,48389,35861,0,0,3079,2117,11174,4409,17726,3896,3257,0,0,18421,29637,809,5220,0,0,0,0,0
759,2108,760.2004765662444,99745,5666,3429,191,60,71224,38722,1.1022707905158153,3255,2062,12039,18473,24566,16325,4281,9649,48391,35863,0,0,3000,2069,11003,4450,18092,4031,3290,0,0,18788,29108,784,5130,0,0,0,0,0
760,2108,761.2353410856314,99745,5684,3463,191,60,72088,39259,1.1163166073487394,3229,2093,11821,18276,24911,16621,4162,9485,48393,35865,0,0,2916,2018,10834,4493,18439,4175,3331,0,0,19120,28607,763,5049,0,0,0,0,0
761,2108,762.0020787346288,99744,5693,3433,192,60,72701,39622,1.1261128488931664,3159,2159,11689,18115,25179,16868,4086,9363,48395,35867,0,0,2853,1989,10718,4510,18683,4301,3358,0,0,19349,28262,745,4976,0,0,0,0,0
762,2108,763.0114348707286,99743,5639,3534,193,60,73474,40173,1.1393982535115246,3153,2117,11488,17942,25534,17112,3991,9233,48397,35869,0,0,2775,1940,10545,4535,18990,4471,3402,0,0,19629,27833,725,4898,0,0,0,0,0
763,2108,764.0074983947185,99740,5645,3612,196,60,74238,40705,1.152426308401845,3148,2117,11302,17766,25818,17373,3889,9070,48399,35871,0,0,2725,1895,10392,4572,19279,4619,3409,0,0,19936,27375,707,4831,0,0,0,0,0
764,2108,765.2367800367425,99739,5637,3637,197,60,75215,41346,1.1686602031301698,3139,2059,11084,17601,26182,17748,3759,8893,48400,35873,0,0,2637,1847,10182,4581,19697,4819,3454,0,0,20292,26807,695,4728,0,0,0,0,0
765,2108,766.2085356943762,99739,5647,3674,197,60,75953,41874,1.1813533321970342,3120,2022,10934,17449,26440,18038,3660,8755,48401,35875,0,0,2579,1799,10032,4611,20000,4978,3478,0,0,20551,26371,686,4654,0,0,0,0,0
766,2108,767.1704780731428,99737,5664,3688,199,60,76748,42351,1.1941305633816939,3044,2012,10796,17334,26737,18294,3558,8610,48402,35877,0,0,2517,1759,9889,4633,20299,5147,3505,0,0,20785,25949,663,4591,0,0,0,0,0
767,2108,768.1228191030606,99735,5579,3638,201,60,77445,42818,1.2058254374091342,3040,2029,10622,17226,27067,18591,3489,8454,48403,35879,0,0,2463,1716,9739,4638,20631,5327,3525,0,0,21021,25517,645,4513,0,0,0,0,0
768,2108,769.0650289296365,99732,5517,3607,201,63,78142,43262,1.2173023703525447,3020,2057,10502,17072,27358,18862,3400,8337,48404,35881,0,0,2398,1675,9604,4661,20949,5499,3551,0,0,21204,25123,625,4443,0,0,0,0,0
769,2108,770.23058397944,99729,5507,3599,202,65,79020,43866,1.2321992599945852,2974,2026,10344,16922,27661,19201,3310,8185,48405,35883,0,0,2325,1630,9444,4681,21297,5729,3590,0,0,21428,24642,599,4364,0,0,0,0,0
770,2108,771.1541099770898,99728,5451,3643,203,65,79688,44327,1.2435324081501684,2983,2000,10204,16827,27924,19398,3233,8065,48406,35885,0,0,2266,1586,9331,4702,21567,5898,3608,0,0,21608,24286,585,4291,0,0,0,0,0
771,2108,772.0698818039899,99727,5427,3631,204,65,80384,44782,1.255086385833325,2928,1967,10101,16715,28184,19655,3154,7965,48407,35887,0,0,2207,1550,9202,4726,21832,6086,3632,0,0,21791,23913,567,4221,0,0,0,0,0
772,2108,773.2044618167905,99726,5391,3556,205,65,81201,45337,1.2688566672683153,2899,1962,9967,16547,28461,20046,3075,7822,48408,35889,0,0,2141,1512,9044,4731,22170,6331,3638,0,0,21993,23466,552,4148,0,0,0,0,0
773,2108,774.1053286807701,99725,5301,3582,206,65,81842,45789,1.2798295312108299,2893,1933,9862,16443,28725,20259,3011,7716,48409,35891,0,0,2093,1482,8919,4758,22465,6510,3649,0,0,22120,23132,524,4073,0,0,0,0,0
774,2108,775.2220872439584,99724,5298,3540,207,65,82673,46328,1.2935802815771529,2845,1889,9725,16311,29014,20598,2909,7595,48410,35893,0,0,2042,1446,8757,4756,22831,6734,3657,0,0,22289,22717,506,3989,0,0,0,0,0
775,2108,776.1083877544263,99720,5251,3511,211,65,83307,46751,1.3042318491776976,2813,1837,9647,16201,29234,20878,2842,7506,48411,35895,0,0,1991,1413,8644,4766,23110,6914,3668,0,0,22420,22388,493,3913,0,0,0,0,0
776,2108,777.2088187584179,99718,5170,3491,213,65,84086,47249,1.3170641208207143,2792,1809,9514,16092,29541,21141,2768,7400,48412,35897,0,0,1930,1380,8509,4774,23408,7161,3678,0,0,22571,21995,480,3832,0,0,0,0,0
777,2108,778.0823162121342,99718,5126,3481,213,65,84684,47676,1.3273431075633286,2735,1750,9435,16002,29779,21396,2710,7304,48413,35899,0,0,1900,1356,8367,4774,23678,7344,3663,0,0,22706,21679,475,3776,0,0,0,0,0
778,2108,779.1666045641214,99716,5059,3419,214,66,85408,48163,1.3395142203858958,2695,1765,9354,15876,30031,21677,2645,7195,48414,35901,0,0,1841,1331,8214,4769,24025,7561,3675,0,0,22829,21314,456,3701,0,0,0,0,0
779,2108,780.0284270004449,99712,4933,3396,215,69,85960,48546,1.3489449614890885,2688,1718,9271,15831,30309,21876,2582,7108,48415,35903,0,0,1794,1306,8112,4771,24271,7764,3673,0,0,22895,21042,445,3639,0,0,0,0,0
780,2108,781.0980850640268,99711,4870,3347,215,70,86668,48975,1.3603614445748213,2690,1731,9175,15739,30525,22108,2523,7003,48416,35905,0,0,1741,1273,7958,4790,24562,7988,3676,0,0,23005,20717,432,3569,0,0,0,0,0
781,2108,782.1616144601547,99709,4848,3298,216,71,87395,49415,1.3720927900189552,2591,1742,9128,15629,30746,22354,2469,6904,48417,35907,0,0,1695,1244,7838,4774,24834,8216,3688,0,0,23119,20365,426,3510,0,0,0,0,0
782,2108,783.0081159276638,99709,4772,3288,216,71,87933,49802,1.3813697860774854,2544,1680,9060,15567,30979,22573,2427,6819,48418,35909,0,0,1671,1218,7742,4772,25054,8409,3675,0,0,23217,20074,422,3455,0,0,0,0,0
783,2108,784.0607265719239,99709,4759,3213,216,71,88602,50219,1.3922614809094465,2539,1686,8973,15474,31139,22837,2372,6717,48419,35911,0,0,1630,1189,7629,4800,25333,8611,3675,0,0,23292,19747,407,3396,0,0,0,0,0
784,2108,785.1082193859156,99709,4734,3190,216,71,89267,50656,1.4033136427002577,2462,1626,8948,15417,31328,23073,2310,6621,48420,35913,0,0,1596,1157,7503,4828,25570,8826,3655,0,0,23415,19429,397,3333,0,0,0,0,0
785,2108,786.1514616741458,99709,4664,3133,216,71,89931,51090,1.4143256877513564,2413,1618,8921,15339,31531,23326,2253,6511,48421,35915,0,0,1546,1127,7368,4838,25884,9043,3650,0,0,23463,19134,385,3271,0,0,0,0,0
786,2108,787.1907923982053,99708,4614,3080,217,71,90565,51498,1.4247903879327637,2420,1598,8855,15269,31683,23576,2209,6404,48422,35917,0,0,1507,1097,7246,4863,26096,9274,3634,0,0,23560,18835,375,3221,0,0,0,0,0
787,2108,788.0190239701543,99708,4575,3061,217,71,91080,51829,1.433275163477354,2359,1575,8818,15230,31848,23740,2181,6321,48423,35919,0,0,1481,1073,7145,4862,26285,9453,3629,0,0,23630,18594,368,3188,0,0,0,0,0
788,2108,789.050368432567,99708,4493,2973,217,71,91688,52225,1.4433445661331086,2285,1582,8779,15145,32086,24000,2138,6227,48424,35921,0,0,1443,1042,7036,4857,26560,9679,3625,0,0,23658,18315,357,3136,0,0,0,0,0
789,2108,790.0771747717883,99708,4445,2943,217,71,92260,52644,1.4532835880771853,2266,1493,8735,15121,32237,24229,2098,6141,48425,35923,0,0,1412,1022,6939,4852,26808,9873,3619,0,0,23725,18025,345,3088,0,0,0,0,0
790,2108,791.100783827959,99707,4340,2865,217,72,92839,53011,1.4627859628712128,2239,1473,8706,15073,32447,24450,2049,6065,48426,35925,0,0,1383,996,6837,4860,27027,10116,3609,0,0,23752,17756,334,3037,0,0,0,0,0
791,2108,792.1199582124018,99705,4282,2871,218,73,93413,53399,1.472463768115942,2223,1430,8677,15016,32585,24605,2013,6003,48427,35927,0,0,1352,982,6742,4856,27247,10325,3589,0,0,23773,17523,327,2989,0,0,0,0,0
792,2108,793.1361443947393,99705,4234,2815,218,73,93965,53744,1.4814603079083295,2235,1430,8629,14992,32708,24754,1974,5934,48428,35929,0,0,1315,959,6664,4856,27409,10543,3594,0,0,23841,17260,319,2945,0,0,0,0,0
793,2108,794.1495749866659,99705,4162,2738,218,73,94498,54104,1.490416729351587,2168,1440,8640,14941,32872,24949,1938,5857,48429,35931,0,0,1292,937,6578,4854,27621,10762,3582,0,0,23868,16992,313,2906,0,0,0,0,0
794,2108,795.1600320604088,99702,4090,2691,220,74,95025,54465,1.4993681169886262,2114,1413,8633,14894,33039,25133,1902,5793,48430,35933,0,0,1257,914,6493,4864,27796,10971,3575,0,0,23924,16737,310,2861,0,0,0,0,0
795,2108,796.167695139338,99699,3987,2608,222,75,95535,54783,1.5077182318779527,2101,1451,8628,14849,33216,25306,1844,5709,48431,35935,0,0,1235,897,6397,4874,27955,11206,3551,0,0,23957,16502,305,2820,0,0,0,0,0
796,2108,797.171860377711,99698,3942,2585,222,76,96084,55144,1.5168609199783345,2012,1422,8598,14821,33411,25443,1813,5651,48432,35937,0,0,1220,879,6301,4853,28131,11434,3529,0,0,23995,16276,300,2780,0,0,0,0,0
797,2108,798.1726461040781,99698,3864,2599,222,76,96567,55507,1.5253465465706433,2006,1382,8595,14803,33534,25554,1777,5584,48433,35939,0,0,1199,855,6232,4849,28305,11625,3517,0,0,24020,16060,293,2743,0,0,0,0,0
798,2108,799.1709835630624,99696,3875,2519,224,76,97085,55816,1.533672363986519,1940,1367,8590,14777,33624,25722,1745,5537,48434,35941,0,0,1171,837,6161,4830,28507,11809,3509,0,0,24010,15861,290,2711,0,0,0,0,0
799,2108,800.1676939191683,99693,3803,2488,227,76,97583,56122,1.5417832746531852,1906,1355,8579,14767,33778,25830,1705,5482,48435,35943,0,0,1145,821,6087,4797,28686,12023,3513,0,0,23984,15675,285,2677,0,0,0,0,0
800,2108,801.1614827454922,99693,3671,2436,227,76,98039,56429,1.549436770886622,1904,1337,8573,14729,33947,26003,1676,5417,48436,35945,0,0,1115,802,5998,4786,28879,12231,3503,0,0,23984,15480,279,2636,0,0,0,0,0
801,2108,802.1528818196675,99693,3613,2441,227,76,98496,56764,1.5573811601616965,1869,1286,8589,14725,34057,26109,1643,5361,48437,35947,0,0,1096,791,5925,4784,29024,12429,3468,0,0,23986,15301,276,2613,0,0,0,0,0
802,2108,803.1423609002592,99691,3554,2432,228,77,98943,57084,1.565106178090299,1833,1252,8588,14714,34180,26226,1615,5297,48438,35949,0,0,1077,777,5856,4781,29182,12618,3452,0,0,23971,15123,273,2581,0,0,0,0,0
803,2108,804.1301642370278,99689,3464,2382,229,78,99357,57382,1.5722797901473582,1807,1231,8615,14681,34290,26378,1593,5248,48439,35951,0,0,1061,766,5786,4768,29293,12839,3427,0,0,23994,14940,268,2547,0,0,0,0,0
804,2108,805.1164287720217,99687,3403,2308,230,79,99798,57683,1.5797546319981541,1735,1196,8645,14701,34419,26523,1566,5191,48440,35953,0,0,1045,744,5721,4750,29439,13046,3414,0,0,24016,14739,264,2509,0,0,0,0,0
805,2108,806.1012765013444,99687,3397,2281,230,79,100256,57981,1.5873383690952683,1676,1184,8650,14687,34494,26619,1551,5148,48441,35955,0,0,1024,727,5661,4746,29597,13214,3404,0,0,24019,14556,258,2481,0,0,0,0,0
806,2108,807.085177799492,99687,3308,2282,230,79,100665,58282,1.5944606618716584,1648,1152,8666,14691,34609,26706,1537,5088,48442,35956,0,0,1003,712,5593,4721,29729,13419,3400,0,0,24011,14405,249,2445,0,0,0,0,0
807,2108,808.0677469172065,99687,3271,2265,230,79,101082,58580,1.6016331116394313,1612,1094,8713,14703,34657,26818,1515,5039,48443,35957,0,0,979,702,5538,4716,29839,13616,3394,0,0,23987,14256,242,2418,0,0,0,0,0
808,2108,809.0502526289583,99686,3235,2269,230,80,101494,58879,1.6087815741428084,1583,1047,8731,14688,34729,26929,1490,4985,48444,35958,0,0,971,692,5488,4715,29960,13787,3362,0,0,23984,14097,235,2395,0,0,0,0,0
809,2108,810.0319799420112,99686,3171,2204,230,80,101884,59124,1.6151515759484782,1554,1038,8771,14677,34809,27057,1463,4942,48445,35959,0,0,959,675,5438,4715,30078,13982,3343,0,0,23950,13950,231,2365,0,0,0,0,0
810,2108,811.0130867269802,99686,3068,2158,230,80,102240,59410,1.621591798246494,1547,998,8800,14703,34904,27162,1449,4897,48446,35960,0,0,939,664,5388,4713,30203,14190,3332,0,0,23871,13814,229,2343,0,0,0,0,0
811,2108,812.1893389138445,99686,3010,2101,230,80,102679,59719,1.6290953594286057,1551,981,8804,14671,34978,27319,1425,4846,48447,35961,0,0,920,649,5325,4722,30364,14391,3312,0,0,23830,13645,222,2306,0,0,0,0,0
812,2108,813.168756160649,99686,2945,2046,230,80,103034,59973,1.6352045422627048,1531,957,8825,14692,35056,27427,1411,4796,48448,35962,0,0,903,636,5280,4711,30482,14566,3293,0,0,23814,13498,222,2281,0,0,0,0,0
813,2108,814.1475728109962,99685,2884,2011,231,80,103388,60220,1.641249937302503,1474,938,8870,14708,35146,27510,1393,4751,48449,35963,0,0,894,628,5228,4684,30595,14748,3275,0,0,23776,13376,219,2262,0,0,0,0,0
814,2108,815.1256782039268,99685,2844,1968,231,80,103754,60433,1.6470582334353212,1446,944,8907,14698,35200,27599,1370,4709,48450,35964,0,0,881,623,5186,4665,30705,14913,3259,0,0,23758,13243,216,2236,0,0,0,0,0
815,2108,816.1033770613042,99683,2780,1924,232,81,104078,60657,1.6525887061986497,1431,948,8935,14696,35267,27676,1353,4673,48451,35965,0,0,872,614,5136,4660,30810,15071,3235,0,0,23744,13105,216,2220,0,0,0,0,0
816,2108,817.0804599877384,99680,2734,1886,234,82,104413,60870,1.6581360353130017,1413,943,8953,14723,35334,27720,1330,4644,48452,35966,0,0,853,602,5091,4660,30889,15234,3227,0,0,23720,12987,214,2203,0,0,0,0,0
817,2108,818.0567844043319,99678,2673,1849,235,83,104732,61089,1.6635666847248138,1414,906,8958,14756,35401,27797,1317,4607,48453,35967,0,0,842,598,5042,4659,31028,15379,3199,0,0,23664,12875,209,2183,0,0,0,0,0
818,2108,819.0326016794603,99677,2629,1822,236,83,105060,61326,1.669251682935883,1380,914,9007,14762,35447,27866,1299,4551,48454,35968,0,0,830,587,5004,4649,31090,15570,3185,0,0,23617,12773,206,2166,0,0,0,0,0
819,2108,820.0082697370373,99677,2624,1806,236,83,105394,61557,1.6749199915727802,1314,867,9055,14796,35480,27935,1289,4511,48455,35969,0,0,815,582,4961,4641,31185,15721,3177,0,0,23583,12670,204,2138,0,0,0,0,0
820,2108,821.1794789735703,99677,2556,1793,236,83,105742,61824,1.681089920443031,1286,824,9107,14820,35545,28006,1268,4472,48456,35970,0,0,804,566,4921,4646,31230,15917,3154,0,0,23577,12533,201,2128,0,0,0,0,0
821,2108,822.1549492607446,99677,2513,1763,236,83,106071,62033,1.6864873541539172,1251,790,9140,14847,35609,28077,1249,4438,48457,35971,0,0,790,556,4892,4626,31289,16089,3145,0,0,23547,12427,198,2118,0,0,0,0,0
822,2108,823.1304781646828,99677,2479,1712,236,83,106379,62225,1.6915035564874545,1210,802,9214,14852,35626,28151,1233,4398,48458,35972,0,0,781,550,4861,4622,31360,16245,3123,0,0,23521,12315,195,2104,0,0,0,0,0
823,2108,824.106285327673,99674,2422,1688,238,84,106673,62433,1.696590886289303,1183,779,9259,14884,35680,28200,1216,4363,48459,35973,0,0,771,542,4823,4619,31456,16401,3105,0,0,23448,12233,194,2082,0,0,0,0,0
824,2108,825.082048735153,99673,2374,1657,239,84,106976,62632,1.70164437711316,1150,771,9310,14929,35719,28231,1206,4326,48460,35974,0,0,765,535,4785,4616,31517,16563,3082,0,0,23433,12126,191,2060,0,0,0,0,0
825,2108,826.0577942804006,99671,2300,1627,241,84,107263,62809,1.7063338383280995,1141,786,9334,14969,35789,28235,1193,4297,48461,35975,0,0,754,531,4754,4592,31562,16729,3067,0,0,23429,12021,190,2042,0,0,0,0,0
826,2108,827.0330548282136,99670,2308,1591,241,85,107578,62986,1.7112872479181298,1087,795,9387,14984,35792,28276,1183,4267,48462,35976,0,0,747,527,4724,4582,31609,16873,3052,0,0,23427,11919,188,2022,0,0,0,0,0
827,2108,828.0089021655596,99670,2254,1531,241,85,107857,63155,1.7157820808668607,1058,790,9441,15053,35834,28311,1170,4228,48463,35977,0,0,745,521,4684,4565,31689,17022,3033,0,0,23406,11813,185,2007,0,0,0,0,0
828,2108,829.1802052664061,99668,2165,1521,243,85,108175,63385,1.721314765019866,1041,772,9522,15117,35871,28322,1156,4181,48464,35978,0,0,729,509,4653,4549,31761,17188,3030,0,0,23402,11683,180,1984,0,0,0,0,0
829,2108,830.1567708616036,99668,2093,1503,243,85,108408,63579,1.7255989886422924,1018,738,9585,15158,35914,28371,1145,4143,48465,35979,0,0,723,502,4619,4544,31818,17334,3010,0,0,23375,11602,179,1962,0,0,0,0,0
830,2108,831.1336485809052,99666,2024,1440,245,85,108648,63751,1.729767423193466,1012,741,9611,15196,35967,28418,1139,4118,48466,35980,0,0,714,495,4581,4526,31902,17475,3003,0,0,23347,11502,177,1944,0,0,0,0,0
831,2108,832.1105568159296,99665,2012,1432,245,86,108891,63931,1.7340289971404204,995,718,9681,15243,35945,28431,1120,4088,48467,35981,0,0,706,494,4564,4515,31927,17612,2988,0,0,23331,11426,175,1927,0,0,0,0,0
832,2108,833.088789680796,99664,1972,1390,246,86,109136,64113,1.7383307914593034,969,704,9763,15299,35941,28455,1107,4064,48468,35982,0,0,692,491,4530,4497,31988,17758,2992,0,0,23296,11343,174,1903,0,0,0,0,0
833,2108,834.0681621423153,99664,1923,1380,246,86,109357,64286,1.7422840744902874,981,685,9839,15346,35915,28464,1094,4037,48469,35983,0,0,684,490,4505,4495,32040,17882,2982,0,0,23274,11264,168,1880,0,0,0,0,0
834,2108,835.048703115284,99664,1904,1373,246,86,109608,64473,1.7466788409054423,963,646,9884,15399,35912,28489,1089,4005,48470,35984,0,0,671,486,4477,4487,32068,18021,2971,0,0,23250,11198,168,1867,0,0,0,0,0
835,2108,836.0301904872799,99664,1885,1347,246,86,109842,64638,1.7506822925028094,940,615,9947,15441,35903,28528,1077,3981,48471,35985,0,0,666,483,4442,4467,32140,18142,2960,0,0,23208,11135,167,1854,0,0,0,0,0
836,2108,837.0129205392158,99664,1837,1334,246,86,110050,64799,1.7543847327018782,954,584,10006,15480,35887,28560,1068,3954,48472,35986,0,0,658,476,4421,4447,32205,18252,2953,0,0,23172,11073,167,1840,0,0,0,0,0
837,2108,838.193542004433,99664,1820,1282,246,86,110340,64975,1.7590604430887784,882,569,10077,15561,35919,28573,1054,3927,48473,35987,0,0,652,471,4384,4423,32283,18403,2943,0,0,23119,10993,165,1828,0,0,0,0,0
838,2108,839.1777683138181,99664,1763,1249,246,86,110551,65123,1.7626625461550811,874,560,10122,15600,35944,28605,1049,3898,48474,35988,0,0,645,467,4354,4401,32332,18535,2939,0,0,23087,10923,165,1816,0,0,0,0,0
839,2108,840.162554976657,99664,1728,1207,246,86,110764,65245,1.7660238401027453,836,572,10175,15652,35972,28609,1041,3872,48475,35989,0,0,639,459,4324,4399,32351,18663,2930,0,0,23067,10863,163,1806,0,0,0,0,0
840,2108,841.1477663010365,99664,1734,1192,246,86,110986,65397,1.769776448868197,810,557,10232,15689,35946,28634,1030,3840,48476,35990,0,0,635,456,4302,4395,32393,18777,2919,0,0,23017,10810,161,1799,0,0,0,0,0
841,2108,842.1339182861507,99664,1684,1158,246,86,111174,65530,1.7729972708299888,807,549,10308,15728,35933,28660,1020,3817,48477,35991,0,0,623,451,4280,4391,32437,18883,2912,0,0,22997,10745,159,1786,0,0,0,0,0
842,2108,843.1211202486643,99664,1618,1152,246,86,111366,65673,1.776358564777653,811,514,10351,15802,35962,28646,1010,3798,48478,35992,0,0,617,448,4264,4387,32472,19006,2895,0,0,22953,10690,156,1776,0,0,0,0,0
843,2108,844.1089099912963,99664,1563,1110,246,86,111540,65797,1.7793486113340826,811,536,10425,15860,35950,28646,1003,3760,48479,35993,0,0,612,440,4247,4389,32523,19114,2881,0,0,22906,10632,156,1764,0,0,0,0,0
844,2108,845.0978232472984,99664,1547,1078,246,86,111735,65923,1.7825694332958741,789,529,10499,15916,35919,28657,998,3732,48480,35994,0,0,608,435,4226,4383,32533,19234,2871,0,0,22884,10584,153,1753,0,0,0,0,0
845,2108,846.0883318626715,99664,1545,1025,246,86,111960,66042,1.7860210306630278,737,533,10585,15990,35896,28661,989,3703,48481,35995,0,0,605,425,4198,4389,32544,19365,2856,0,0,22865,10523,152,1742,0,0,0,0,0
846,2108,847.0803533971946,99664,1515,1038,246,86,112140,66179,1.789201717771713,705,511,10658,16044,35896,28637,978,3682,48482,35996,0,0,601,416,4187,4393,32580,19464,2845,0,0,22819,10478,149,1732,0,0,0,0,0
847,2108,848.0733462893749,99662,1479,1023,247,87,112320,66305,1.792308001043527,694,504,10729,16106,35878,28619,971,3659,48483,35997,0,0,596,414,4170,4364,32653,19558,2841,0,0,22764,10433,147,1722,0,0,0,0,0
848,2108,849.0674509790358,99662,1439,1002,247,87,112492,66431,1.7952981076037005,685,507,10798,16147,35864,28623,965,3632,48484,35998,0,0,591,411,4147,4360,32667,19666,2828,0,0,22765,10369,145,1713,0,0,0,0,0
849,2108,850.0627016685626,99662,1387,971,247,87,112648,66542,1.7979771628102987,689,504,10875,16211,35841,28617,959,3608,48485,35999,0,0,587,407,4126,4352,32690,19781,2817,0,0,22730,10325,143,1704,0,0,0,0,0
850,2108,851.059328340313,99662,1353,947,247,87,112812,66671,1.800917099797315,664,478,10958,16284,35825,28620,951,3582,48486,36000,0,0,581,406,4102,4344,32707,19895,2810,0,0,22695,10279,142,1701,0,0,0,0,0
851,2108,852.0573855497879,99662,1331,945,247,87,112974,66798,1.8038169011258052,649,452,11036,16330,35787,28624,948,3560,48487,36001,0,0,576,404,4081,4336,32730,19992,2805,0,0,22668,10232,141,1697,0,0,0,0,0
852,2108,853.0570959974542,99662,1305,917,247,87,113145,66903,1.8065862615640866,638,443,11102,16400,35762,28614,944,3537,48488,36002,0,0,572,402,4060,4316,32758,20092,2799,0,0,22649,10180,141,1693,0,0,0,0,0
853,2108,854.0581192109593,99662,1256,908,247,87,113307,67020,1.8093857237462623,628,426,11175,16462,35756,28597,936,3518,48489,36003,0,0,565,398,4045,4313,32783,20196,2794,0,0,22604,10141,140,1683,0,0,0,0,0
854,2108,855.0606380024313,99662,1213,897,247,87,113449,67124,1.8118540667456002,625,417,11265,16532,35719,28571,929,3494,48490,36004,0,0,560,396,4028,4299,32811,20284,2788,0,0,22579,10099,137,1681,0,0,0,0,0
855,2108,856.0647423802951,99661,1214,891,247,88,113597,67230,1.8144208868062732,614,420,11349,16606,35654,28528,920,3465,48491,36005,0,0,556,394,4019,4293,32830,20363,2778,0,0,22556,10063,137,1672,0,0,0,0,0
856,2108,857.0707629782399,99660,1192,876,247,89,113752,67347,1.8171683724663856,609,408,11440,16675,35595,28515,915,3435,48492,36006,0,0,552,391,4010,4291,32863,20449,2762,0,0,22520,10022,135,1665,0,0,0,0,0
857,2108,858.0785909835412,99660,1164,852,247,89,113903,67449,1.8197070038129641,590,403,11510,16735,35586,28506,901,3413,48493,36007,0,0,549,386,3995,4285,32895,20532,2751,0,0,22501,9972,135,1659,0,0,0,0,0
858,2108,859.0878055012425,99660,1135,833,247,89,114062,67549,1.8223058398555088,576,386,11595,16806,35551,28488,894,3396,48494,36008,0,0,545,378,3979,4278,32915,20630,2747,0,0,22478,9931,135,1644,0,0,0,0,0
859,2108,860.0986968416601,99660,1122,805,247,89,114220,67647,1.8248745735500702,545,397,11695,16853,35505,28474,884,3380,48495,36009,0,0,542,376,3958,4278,32920,20731,2738,0,0,22455,9891,134,1637,0,0,0,0,0
860,2108,861.1118365901015,99659,1085,789,248,89,114339,67743,1.827050241322911,566,389,11799,16902,35422,28458,878,3371,48496,36010,0,0,541,375,3944,4267,32934,20817,2728,0,0,22432,9858,132,1631,0,0,0,0,0
861,2108,862.1275365679135,99658,1100,762,249,89,114499,67847,1.829717634309338,534,379,11888,16971,35355,28441,872,3356,48497,36011,0,0,536,368,3926,4262,32953,20905,2726,0,0,22409,9817,130,1626,0,0,0,0,0
862,2108,863.1454272530453,99657,1054,774,250,89,114613,67968,1.8320940827036736,556,337,11970,17049,35302,28414,866,3335,48498,36012,0,0,533,368,3910,4254,32962,20989,2719,0,0,22394,9777,128,1623,0,0,0,0,0
863,2108,864.1651627423792,99657,1048,753,250,89,114771,68047,1.8344722397824538,524,351,12041,17100,35274,28390,861,3315,48499,36013,0,0,527,366,3905,4249,32971,21071,2715,0,0,22370,9739,127,1617,0,0,0,0,0
864,2108,865.1862129654481,99657,1027,716,250,89,114904,68130,1.8366396740821016,522,342,12096,17159,35248,28398,855,3294,48500,36014,0,0,524,364,3888,4243,32977,21161,2705,0,0,22366,9691,127,1611,0,0,0,0,0
865,2108,866.0042359939051,99657,995,677,250,89,115010,68188,1.8382853186429453,515,342,12194,17202,35196,28408,848,3280,48501,36015,0,0,522,362,3874,4233,33004,21234,2694,0,0,22336,9666,126,1606,0,0,0,0,0
866,2108,867.0291161390957,99655,958,641,252,89,115119,68270,1.840238823942602,504,319,12279,17304,35161,28383,844,3262,48502,36016,0,0,520,358,3859,4227,33028,21311,2686,0,0,22316,9626,126,1598,0,0,0,0,0
867,2108,868.0561933635803,99655,943,616,252,89,115247,68343,1.8422557824494505,482,311,12372,17408,35110,28328,839,3246,48503,36017,0,0,516,357,3855,4217,33040,21392,2679,0,0,22282,9601,125,1591,0,0,0,0,0
868,2108,869.0853768393081,99655,930,599,252,89,115362,68412,1.8441021524258692,468,317,12456,17508,35054,28261,838,3224,48504,36018,0,0,513,356,3848,4202,33062,21454,2675,0,0,22273,9569,123,1580,0,0,0,0,0
869,2108,870.1164043890292,99655,894,589,252,89,115479,68484,1.8459986954994732,450,319,12537,17581,35034,28210,831,3210,48505,36019,0,0,511,354,3843,4202,33077,21526,2668,0,0,22234,9542,123,1575,0,0,0,0,0
870,2108,871.1489745107289,99655,879,587,252,89,115588,68560,1.847855100095329,453,319,12627,17653,34960,28155,827,3195,48506,36020,0,0,510,352,3832,4199,33084,21596,2662,0,0,22207,9519,122,1572,0,0,0,0,0
871,2108,872.1838919590913,99655,878,585,252,89,115710,68639,1.8498720586021775,449,312,12709,17730,34889,28101,821,3181,48507,36021,0,0,510,351,3823,4193,33096,21658,2652,0,0,22192,9489,121,1570,0,0,0,0,0
872,2108,873.0133374283041,99655,840,566,252,89,115797,68700,1.8513571822788621,433,305,12774,17793,34880,28076,819,3169,48508,36022,0,0,508,348,3815,4185,33118,21720,2647,0,0,22155,9469,121,1569,0,0,0,0,0
873,2108,874.0516246276918,99655,837,556,252,89,115914,68772,1.853253725352466,415,300,12850,17893,34828,27999,816,3161,48509,36023,0,0,505,345,3810,4181,33123,21785,2642,0,0,22145,9432,121,1566,0,0,0,0,0
874,2108,875.0917614422393,99655,806,551,252,89,116007,68842,1.8548893683207064,427,299,12927,17964,34778,27946,808,3149,48510,36024,0,0,502,343,3797,4173,33134,21855,2640,0,0,22120,9411,121,1559,0,0,0,0,0
875,2108,876.1338891315274,99655,783,524,252,89,116109,68906,1.8565551151472581,413,286,13030,18043,34715,27919,805,3137,48511,36025,0,0,500,339,3781,4173,33158,21912,2636,0,0,22111,9376,119,1550,0,0,0,0,0
876,2108,877.1782787195059,99655,758,531,252,89,116212,68989,1.8584215543625509,398,264,13113,18115,34672,27877,805,3122,48512,36026,0,0,497,337,3769,4166,33169,21984,2633,0,0,22080,9359,118,1543,0,0,0,0,0
877,2108,878.0151188971954,99655,723,540,252,89,116285,69049,1.8597561587476794,399,246,13185,18198,34641,27814,798,3111,48513,36027,0,0,496,337,3762,4161,33165,22042,2628,0,0,22062,9343,117,1542,0,0,0,0,0
878,2108,879.0629319946084,99655,709,512,252,89,116383,69100,1.8612513170438012,391,259,13278,18270,34573,27775,795,3093,48514,36028,0,0,495,335,3752,4157,33182,22103,2622,0,0,22035,9322,116,1536,0,0,0,0,0
879,2108,880.1135229535338,99655,687,510,252,89,116463,69175,1.862806683056545,401,249,13385,18336,34480,27733,793,3081,48515,36029,0,0,492,332,3743,4156,33184,22167,2619,0,0,22012,9305,115,1530,0,0,0,0,0
880,2108,881.1668469720856,99654,700,505,253,89,116583,69240,1.8646817990246252,364,242,13468,18416,34423,27674,790,3072,48516,36030,0,0,491,332,3736,4148,33180,22232,2612,0,0,21997,9283,114,1529,0,0,0,0,0
881,2108,882.0111450873036,99654,704,497,253,89,116660,69291,1.8659662432014772,365,246,13542,18489,34349,27611,785,3066,48517,36031,0,0,490,332,3724,4146,33193,22268,2608,0,0,21996,9257,114,1526,0,0,0,0,0
882,2108,883.0691190994955,99654,712,475,253,89,116758,69348,1.8675216248218838,346,231,13650,18582,34257,27572,780,3049,48518,36032,0,0,487,330,3719,4142,33205,22320,2607,0,0,21975,9233,113,1523,0,0,0,0,0
883,2108,884.1301870742744,99654,706,455,253,89,116861,69406,1.8691372147630803,320,223,13752,18676,34195,27514,772,3041,48519,36033,0,0,484,329,3710,4136,33224,22378,2604,0,0,21949,9210,113,1517,0,0,0,0,0
884,2108,885.1938117945751,99654,685,465,253,89,116946,69474,1.8706725269432236,319,214,13855,18738,34118,27466,768,3026,48520,36034,0,0,483,327,3703,4131,33223,22433,2596,0,0,21934,9196,113,1515,0,0,0,0,0
885,2108,886.0464397255615,99654,651,443,253,89,117005,69511,1.8716358600758625,316,229,13940,18821,34075,27407,763,3009,48521,36035,0,0,483,327,3693,4120,33225,22486,2591,0,0,21930,9177,112,1510,0,0,0,0,0
886,2108,887.1147018769129,99654,653,443,253,89,117103,69573,1.8732414152969274,286,223,14045,18911,34000,27340,761,2992,48522,36036,0,0,482,324,3682,4118,33230,22538,2585,0,0,21917,9159,111,1508,0,0,0,0,0
887,2108,888.1855265122766,99654,632,435,253,89,117164,69630,1.8744255122724627,316,225,14122,19008,33918,27268,757,2973,48523,36037,0,0,480,323,3675,4115,33226,22595,2581,0,0,21903,9141,111,1504,0,0,0,0,0
888,2108,889.0442204412175,99654,622,442,253,89,117217,69674,1.8753988801252333,315,217,14226,19094,33826,27195,756,2961,48524,36038,0,0,480,323,3671,4111,33229,22628,2576,0,0,21898,9127,110,1501,0,0,0,0,0
889,2108,890.1205353669209,99654,594,437,253,89,117300,69732,1.8768137756637968,300,213,14329,19172,33769,27144,753,2943,48525,36039,0,0,479,322,3664,4110,33227,22689,2568,0,0,21877,9112,110,1496,0,0,0,0,0
890,2108,891.1991773140361,99654,578,432,253,89,117378,69797,1.8782487406426234,305,194,14417,19268,33694,27086,751,2929,48526,36040,0,0,479,321,3659,4096,33232,22749,2567,0,0,21858,9093,110,1490,0,0,0,0,0
891,2108,892.0641323094684,99654,572,415,253,89,117435,69832,1.8791719348947358,308,200,14496,19324,33624,27058,745,2912,48527,36041,0,0,478,320,3652,4093,33238,22789,2563,0,0,21842,9080,110,1489,0,0,0,0,0
892,2108,893.1479874409135,99654,553,411,253,89,117503,69892,1.8804563790715878,310,190,14587,19401,33551,27013,744,2894,48528,36042,0,0,475,320,3634,4086,33238,22847,2564,0,0,21834,9064,110,1482,0,0,0,0,0
893,2108,894.0170661403386,99654,564,387,253,89,117583,69923,1.8815702330062014,296,194,14667,19469,33477,26973,741,2886,48529,36043,0,0,474,320,3626,4078,33253,22885,2562,0,0,21816,9052,110,1478,0,0,0,0,0
894,2108,895.1060820146316,99654,545,382,253,89,117645,69978,1.8827442952616051,298,177,14760,19564,33406,26910,736,2876,48530,36044,0,0,473,318,3622,4073,33255,22932,2559,0,0,21812,9027,109,1474,0,0,0,0,0
895,2108,896.1978393990029,99654,541,374,253,89,117715,70031,1.8839785658377988,291,166,14858,19646,33320,26861,735,2862,48531,36045,0,0,472,315,3618,4074,33261,22973,2552,0,0,21803,9006,109,1471,0,0,0,0,0
896,2108,897.0736003793501,99654,562,369,253,89,117783,70065,1.8850021072912277,278,171,14926,19712,33249,26802,730,2855,48532,36046,0,0,472,315,3614,4070,33274,22994,2548,0,0,21803,8986,109,1469,0,0,0,0,0
897,2108,898.1708408677193,99654,537,355,253,89,117844,70105,1.8860156140245248,278,174,15019,19797,33183,26736,728,2847,48533,36047,0,0,471,315,3609,4066,33252,23053,2544,0,0,21804,8963,109,1468,0,0,0,0,0
898,2108,899.0503940908956,99654,517,353,253,89,117907,70143,1.887029120757822,262,172,15099,19851,33141,26692,726,2841,48534,36048,0,0,469,314,3607,4061,33246,23099,2539,0,0,21795,8948,109,1467,0,0,0,0,0
899,2108,900.152041698148,99654,520,348,253,89,117964,70182,1.8879924538904609,280,200,15171,19912,33050,26625,724,2824,48534,36048,0,0,468,312,3601,4058,33265,23122,2535,0,0,21783,8935,109,1466,0,0,0,0,0
900,2108,900.152041698148,99654,528,351,253,89,117986,70194,1.8883336343749373,277,202,15181,19916,33035,26617,724,2823,48534,36048,0,0,468,311,3601,4058,33266,23130,2535,0,4,21776,8931,109,1465,0,0,0,0,0
901,2108,901.0357261095029,99654,518,346,253,89,118039,70238,1.8893070022277079,289,214,15274,19977,32940,26564,724,2808,48534,36048,0,0,466,310,3595,4050,33272,23167,2533,2,19,21753,8916,109,1462,0,0,0,0,0
902,2108,902.1436013644519,99654,510,370,253,89,118113,70309,1.8907620366467979,303,208,15376,20049,32837,26497,719,2785,48534,36048,0,0,464,310,3589,4046,33264,23212,2530,4,42,21730,8893,109,1461,0,0,0,0,0
903,2108,903.0322799867743,99654,504,369,253,89,118178,70353,1.8918558211411485,309,223,15443,20119,32775,26429,714,2769,48534,36048,0,0,463,309,3583,4045,33264,23253,2525,5,49,21705,8886,109,1458,0,0,0,0,0
904,2108,904.1453164182194,99653,491,378,254,89,118249,70408,1.893139192999709,337,219,15514,20171,32695,26381,707,2760,48534,36048,0,0,462,306,3578,4038,33268,23294,2521,6,60,21680,8875,108,1457,0,0,0,0,0
905,2108,905.0375945088911,99653,498,390,254,89,118318,70463,1.894383510782415,326,215,15593,20234,32625,26322,702,2748,48534,36048,0,0,458,306,3569,4034,33262,23333,2519,10,73,21664,8862,108,1455,0,0,0,0,0
906,2108,906.1555725375391,99653,507,391,254,89,118408,70525,1.8959088035483127,326,201,15664,20312,32549,26268,698,2737,48534,36048,0,0,457,305,3556,4031,33267,23385,2515,11,84,21631,8851,108,1452,0,0,0,0,0
907,2108,907.0517638110683,99653,504,399,254,89,118476,70575,1.897092912406049,316,208,15736,20360,32491,26214,697,2728,48534,36048,0,0,456,304,3549,4028,33280,23421,2511,12,97,21600,8838,108,1449,0,0,0,0,0
908,2108,908.1741615120652,99653,517,410,254,89,118572,70643,1.898738623021886,311,209,15812,20426,32412,26152,692,2712,48534,36048,0,0,454,304,3541,4019,33304,23458,2506,14,107,21566,8828,108,1444,0,0,0,0,0
909,2108,909.0740302393856,99653,526,409,254,89,118643,70699,1.9000130452670767,318,203,15881,20488,32328,26105,691,2704,48534,36048,0,0,452,303,3536,4016,33304,23498,2504,16,122,21541,8813,108,1440,0,0,0,0,0
910,2108,910.2020416418303,99652,532,394,255,89,118725,70751,1.9013767912334925,322,229,15978,20564,32224,26033,687,2689,48534,36048,0,0,452,301,3529,4012,33312,23537,2500,16,146,21513,8789,108,1437,0,0,0,0,0
911,2108,911.1069078328029,99652,532,393,255,89,118799,70800,1.9026110865813028,336,234,16059,20622,32132,25983,684,2677,48534,36048,0,0,452,299,3527,4012,33321,23575,2498,16,163,21479,8772,106,1432,0,0,0,0,0
912,2108,912.0141738202553,99652,539,415,255,89,118876,70864,1.9040260105165978,339,232,16138,20688,32046,25909,681,2665,48534,36048,0,0,452,298,3523,4008,33321,23615,2494,16,173,21455,8762,106,1429,0,0,0,0,0
913,2108,913.151266831769,99652,570,425,255,89,118992,70933,1.9058824709990767,332,233,16223,20757,31946,25839,672,2655,48534,36048,0,0,451,296,3520,4007,33328,23657,2484,17,192,21424,8743,106,1427,0,0,0,0,0
914,2108,914.0632251518147,99651,553,425,255,90,119053,70981,1.906995413994842,346,240,16299,20814,31877,25784,668,2645,48534,36048,0,0,451,294,3511,4004,33330,23702,2481,17,205,21395,8730,106,1425,0,0,0,0,0
915,2108,915.2058519738594,99651,538,414,255,90,119127,71048,1.90841035212893,368,237,16403,20882,31772,25744,662,2631,48534,36048,0,0,447,293,3507,3999,33331,23763,2474,21,217,21354,8716,106,1423,0,0,0,0,0
916,2108,916.1226229315669,99651,538,415,255,90,119207,71104,1.90977511515188,378,238,16455,20944,31712,25693,660,2618,48534,36048,0,0,447,291,3503,3992,33342,23806,2469,21,232,21322,8701,106,1419,0,0,0,0,0
917,2108,917.0412816115902,99651,528,414,255,90,119288,71162,1.9111699832415128,385,233,16523,21014,31649,25642,658,2605,48534,36048,0,0,445,288,3493,3987,33348,23856,2464,23,247,21291,8686,106,1417,0,0,0,0,0
918,2108,918.192012240914,99651,558,430,255,90,119406,71234,1.913076637464752,381,222,16587,21074,31562,25589,655,2593,48534,36048,0,0,444,288,3486,3982,33360,23898,2460,24,264,21261,8668,106,1410,0,0,0,0,0
919,2108,919.1147484741718,99651,578,416,255,90,119491,71284,1.9144313654654745,395,234,16648,21158,31472,25519,650,2581,48534,36048,0,0,443,287,3481,3972,33373,23940,2458,25,277,21225,8655,106,1409,0,0,0,0,0
920,2108,920.0395953742739,99651,596,431,255,90,119601,71346,1.9161573892886172,376,232,16733,21213,31392,25463,646,2569,48534,36048,0,0,440,286,3478,3963,33380,23980,2453,28,300,21199,8632,106,1406,0,0,0,0,0
921,2108,921.1985196957397,99650,611,419,255,91,119707,71418,1.917962870045158,377,232,16792,21275,31321,25430,642,2551,48534,36048,0,0,438,285,3470,3962,33384,24036,2446,30,324,21157,8607,106,1405,0,0,0,0,0
922,2108,922.1277837825991,99650,607,408,255,91,119793,71461,1.919257400903161,385,245,16868,21341,31246,25372,637,2541,48534,36048,0,0,438,284,3464,3955,33399,24079,2441,30,341,21119,8589,106,1405,0,0,0,0,0
923,2108,923.0591993427239,99649,616,394,256,91,119881,71514,1.9206916276129213,374,247,16949,21410,31168,25324,635,2532,48534,36048,0,0,436,284,3451,3954,33413,24122,2434,32,359,21084,8571,105,1404,0,0,0,0,0
924,2108,924.2268645395241,99649,624,426,256,91,119988,71603,1.9226585314453732,375,240,17034,21472,31080,25256,629,2513,48534,36048,0,0,433,283,3442,3951,33416,24171,2425,35,377,21057,8553,105,1401,0,0,0,0,0
925,2108,925.1630772662548,99649,657,426,256,91,120093,71664,1.9243243785687765,353,263,17110,21516,31001,25202,621,2500,48534,36048,0,0,429,283,3440,3945,33433,24206,2419,39,392,21020,8538,105,1400,0,0,0,0,0
926,2108,926.101288229584,99647,630,448,257,92,120159,71732,1.9257077483516813,381,257,17164,21548,30948,25162,618,2491,48534,36048,0,0,427,281,3435,3945,33419,24258,2410,41,406,20998,8523,105,1399,0,0,0,0,0
927,2108,927.0408606438978,99646,635,456,257,93,120250,71801,1.9273327579631896,379,248,17207,21605,30905,25124,615,2472,48534,36048,0,0,425,281,3429,3933,33435,24299,2405,43,420,20966,8508,105,1397,0,0,0,0,0
928,2108,928.21729567805,99646,640,461,257,93,120356,71881,1.929199365754772,391,257,17269,21672,30834,25065,607,2450,48534,36048,0,0,421,280,3420,3934,33439,24356,2399,47,443,20923,8485,103,1396,0,0,0,0,0
929,2108,929.1601177540293,99646,629,449,257,93,120437,71934,1.930544126206772,388,272,17321,21730,30798,25015,605,2439,48534,36048,0,0,419,279,3412,3934,33459,24399,2393,49,457,20880,8471,102,1392,0,0,0,0,0
930,2108,930.1041836719551,99646,641,467,257,93,120528,72003,1.932149810328563,395,270,17369,21785,30733,24957,603,2426,48534,36048,0,0,417,279,3407,3933,33475,24434,2386,51,474,20845,8454,102,1389,0,0,0,0,0
931,2108,931.0498699541848,99646,650,470,257,93,120633,72072,1.933895991811011,390,281,17431,21826,30671,24910,599,2418,48534,36048,0,0,416,278,3398,3926,33481,24489,2380,52,488,20815,8440,101,1382,0,0,0,0,0
932,2108,932.234498565726,99646,655,467,257,93,120734,72151,1.935702386448026,423,279,17493,21891,30575,24863,595,2405,48534,36048,0,0,414,277,3391,3923,33499,24537,2376,54,518,20771,8409,99,1378,0,0,0,0,0
933,2108,933.1846076606579,99646,672,442,257,93,120835,72205,1.9372578929410111,414,298,17555,21937,30509,24834,591,2394,48534,36048,0,0,413,277,3378,3921,33516,24584,2369,55,535,20731,8392,98,1377,0,0,0,0,0
934,2108,934.1366751422182,99646,684,465,257,93,120932,72284,1.9390241454749815,413,292,17598,21998,30457,24769,589,2381,48534,36048,0,0,413,277,3370,3919,33530,24627,2360,55,546,20700,8381,97,1371,0,0,0,0,0
935,2108,935.0901029000142,99646,687,479,257,93,121026,72359,1.9407201493286232,415,278,17643,22068,30411,24714,585,2366,48534,36048,0,0,410,277,3364,3915,33543,24678,2355,58,560,20657,8367,95,1367,0,0,0,0,0
936,2108,936.0450131625935,99646,676,467,257,93,121117,72408,1.9421251229351906,439,317,17697,22092,30349,24672,580,2357,48534,36048,0,0,405,276,3354,3914,33566,24725,2346,63,570,20613,8357,95,1362,0,0,0,0,0
937,2108,937.0017188098165,99646,694,470,257,93,121233,72481,1.9440218373040563,443,308,17742,22137,30285,24647,577,2343,48534,36048,0,0,405,274,3344,3902,33569,24786,2346,63,584,20579,8342,95,1357,0,0,0,0,0
938,2108,938.1998584070878,99646,704,501,257,93,121367,72585,1.9464102924352207,444,291,17791,22207,30230,24577,572,2329,48534,36048,0,0,405,273,3334,3899,33584,24846,2336,62,604,20533,8322,95,1353,0,0,0,0,0
939,2108,939.1598375345594,99646,713,500,257,93,121472,72649,1.9481062962888627,444,305,17843,22264,30171,24518,570,2318,48534,36048,0,0,403,273,3328,3896,33573,24900,2326,64,632,20516,8293,95,1347,0,0,0,0,0
940,2108,940.1214944814496,99646,695,492,257,93,121571,72714,1.9497521225136984,476,318,17884,22292,30122,24496,564,2307,48534,36048,0,0,402,273,3322,3901,33561,24968,2317,65,654,20478,8271,95,1339,0,0,0,0,0
941,2108,941.0844174043096,99645,707,509,258,93,121684,72789,1.9516583872748257,471,310,17940,22344,30060,24447,562,2295,48534,36048,0,0,399,271,3315,3899,33565,25021,2311,68,666,20440,8258,94,1338,0,0,0,0,0
942,2108,942.0490257926028,99645,715,497,258,93,121792,72850,1.9533544081489287,441,322,18000,22409,30027,24395,557,2282,48534,36048,0,0,398,271,3310,3894,33579,25069,2304,68,691,20402,8233,94,1332,0,0,0,0,0
943,2108,943.0152379048168,99645,724,507,258,93,121886,72928,1.9550805359024537,443,326,18065,22445,29955,24354,553,2273,48534,36048,0,0,397,271,3304,3891,33575,25126,2299,69,711,20368,8213,93,1328,0,0,0,0,0
944,2108,944.2256641831797,99645,717,512,258,93,122017,73021,1.9573285162326257,448,331,18139,22487,29889,24315,547,2260,48534,36048,0,0,397,271,3293,3885,33567,25202,2295,68,739,20327,8184,92,1325,0,0,0,0,0
945,2108,945.1960436127002,99645,697,490,258,93,122126,73091,1.9591248933714687,432,333,18189,22525,29879,24311,543,2246,48534,36048,0,0,392,270,3282,3881,33566,25279,2288,73,757,20279,8165,92,1321,0,0,0,0,0
946,2108,946.1672971914835,99645,717,502,258,93,122228,73163,1.9608710923779418,426,326,18235,22583,29824,24257,538,2237,48534,36048,0,0,391,270,3276,3871,33601,25306,2284,74,781,20242,8140,92,1317,0,0,0,0,0
947,2108,947.1400947288001,99645,729,488,258,93,122331,73238,1.9626574338903107,438,333,18284,22611,29753,24245,536,2228,48534,36048,0,0,391,269,3271,3870,33629,25350,2279,73,810,20190,8110,91,1312,0,0,0,0,0
948,2108,948.115003503131,99645,730,501,258,93,122433,73321,1.9645140247879973,425,313,18345,22649,29709,24221,531,2221,48534,36048,0,0,390,268,3266,3867,33628,25405,2273,74,828,20154,8089,91,1312,0,0,0,0,0
949,2108,949.0912886298764,99645,715,508,258,93,122530,73401,1.9662903306738924,426,314,18395,22691,29677,24190,527,2202,48534,36048,0,0,390,267,3258,3864,33646,25460,2267,74,844,20103,8072,90,1310,0,0,0,0,0
950,2108,950.0687561060545,99645,712,507,258,93,122627,73486,1.9681168146921573,423,305,18449,22739,29633,24173,523,2181,48534,36048,0,0,386,264,3251,3868,33650,25519,2259,78,870,20056,8046,90,1308,0,0,0,0,0
951,2108,951.0479883259476,99645,699,526,258,93,122719,73574,1.969923227457474,458,295,18495,22782,29567,24130,521,2172,48534,36048,0,0,386,262,3243,3857,33666,25573,2255,78,888,20016,8027,90,1304,0,0,0,0,0
952,2108,952.0289772665449,99645,724,518,258,93,122836,73639,1.971749711475739,450,306,18527,22827,29520,24100,519,2154,48534,36048,0,0,383,260,3236,3851,33675,25625,2249,81,909,19977,8006,90,1303,0,0,0,0,0
953,2108,953.0113790505839,99645,744,530,258,93,122952,73719,1.9737166942646394,423,303,18583,22875,29473,24059,517,2138,48534,36048,0,0,381,260,3229,3850,33677,25681,2242,83,931,19939,7984,89,1299,0,0,0,0,0
954,2108,954.2417850374701,99645,764,519,258,93,123090,73813,1.9760449596066034,421,297,18651,22920,29391,24043,513,2126,48534,36048,0,0,377,259,3219,3849,33697,25744,2235,87,955,19882,7959,87,1295,0,0,0,0,0
955,2108,955.2285649768174,99645,747,543,258,93,123181,73897,1.9778011942395504,439,301,18715,22980,29329,23970,510,2111,48534,36048,0,0,377,259,3211,3839,33705,25801,2232,87,968,19841,7945,87,1293,0,0,0,0,0
956,2108,956.2171207678537,99645,763,551,258,93,123292,73976,1.979707963269607,456,299,18761,23024,29255,23926,505,2105,48534,36048,0,0,377,257,3207,3835,33724,25844,2226,87,991,19801,7921,87,1288,0,0,0,0,0
957,2108,957.2075748792541,99645,770,538,258,93,123409,74044,1.981564554167294,447,310,18798,23067,29222,23898,503,2092,48534,36048,0,0,374,256,3194,3833,33739,25906,2220,90,1002,19753,7908,86,1284,0,0,0,0,0
958,2108,958.1991843057951,99645,769,535,258,93,123520,74126,1.9835014300767726,444,312,18841,23109,29185,23868,501,2081,48534,36048,0,0,373,256,3186,3825,33726,25984,2213,91,1019,19716,7888,86,1282,0,0,0,0,0
959,2108,959.1921104236151,99645,744,530,258,93,123616,74203,1.9852375934567716,434,303,18903,23163,29160,23844,499,2065,48534,36048,0,0,372,255,3182,3820,33725,26051,2204,92,1044,19672,7863,84,1281,0,0,0,0,0
960,2108,960.1864392377705,99645,729,522,258,93,123705,74277,1.9868734005720308,448,307,18933,23203,29135,23817,495,2056,48534,36048,0,0,371,254,3178,3820,33715,26117,2196,93,1065,19631,7841,84,1280,0,0,0,0,0
961,2108,961.1818272517295,99645,730,528,258,93,123806,74356,1.9886798133373476,460,300,18962,23244,29096,23786,492,2047,48534,36048,0,0,371,254,3171,3817,33718,26177,2189,92,1084,19591,7820,84,1277,0,0,0,0,0
962,2108,962.1784274753504,99645,718,514,258,93,123908,74418,1.9903256560790807,462,298,19011,23295,29057,23770,492,2028,48534,36048,0,0,370,254,3160,3817,33724,26240,2181,93,1099,19547,7805,83,1272,0,0,0,0,0
963,2108,963.1765992638927,99645,736,518,258,93,124025,74505,1.9923729238797732,446,300,19051,23338,29016,23738,491,2011,48534,36048,0,0,368,252,3155,3810,33743,26295,2176,95,1121,19503,7780,83,1264,0,0,0,0,0
964,2108,964.1759739665705,99645,738,492,258,93,124133,74569,1.9940990516332981,470,316,19082,23377,28963,23717,487,2003,48534,36048,0,0,367,250,3146,3797,33745,26366,2173,96,1144,19461,7756,83,1261,0,0,0,0,0
965,2108,965.1767808681192,99644,739,503,258,94,124232,74648,1.9959054233069728,493,328,19123,23410,28905,23671,480,1992,48534,36048,0,0,366,248,3137,3794,33752,26419,2168,97,1156,19423,7742,83,1259,0,0,0,0,0
966,2108,966.1796103750047,99644,775,518,258,94,124363,74722,1.9979627473806751,471,320,19183,23478,28839,23612,472,1976,48534,36048,0,0,364,245,3132,3799,33761,26465,2161,99,1171,19383,7726,83,1255,0,0,0,0,0
967,2108,967.1844766624388,99643,783,530,258,95,124481,74808,2.000030107483717,463,321,19240,23524,28785,23557,469,1971,48534,36048,0,0,363,245,3127,3796,33765,26524,2153,98,1182,19346,7713,83,1248,0,0,0,0,0
968,2108,968.1908651426224,99643,790,523,258,95,124608,74888,2.0021075238601806,445,329,19286,23546,28755,23543,464,1962,48534,36048,0,0,361,244,3115,3788,33774,26591,2150,99,1200,19306,7693,83,1239,0,0,0,0,0
969,2108,969.1985778117725,99643,776,547,258,95,124707,74972,2.0039440803669097,445,328,19354,23602,28704,23477,461,1949,48534,36048,0,0,360,242,3113,3794,33767,26651,2139,100,1217,19270,7675,82,1233,0,0,0,0,0
970,2108,970.2077926133726,99643,771,534,258,95,124823,75050,2.005891030980601,451,349,19390,23629,28669,23463,459,1928,48534,36048,0,0,359,240,3105,3789,33756,26727,2135,101,1243,19232,7646,82,1228,0,0,0,0,0
971,2108,971.2183670639848,99643,771,533,258,95,124935,75132,2.0078379815942915,483,347,19417,23676,28613,23427,456,1920,48534,36048,0,0,358,239,3096,3788,33762,26794,2123,102,1254,19190,7633,81,1223,0,0,0,0,0
972,2108,972.2307096210288,99643,782,537,258,95,125048,75216,2.0098150396916994,474,338,19474,23707,28562,23414,448,1907,48534,36048,0,0,356,237,3088,3782,33780,26847,2119,104,1268,19140,7619,81,1222,0,0,0,0,0
973,2108,973.2446069661106,99643,769,542,258,95,125168,75299,2.011852312756541,458,348,19531,23746,28535,23371,447,1896,48534,36048,0,0,354,235,3076,3772,33796,26906,2112,106,1292,19100,7593,81,1220,0,0,0,0,0
974,2108,974.0057734195129,99642,792,551,258,96,125278,75366,2.013648862929287,447,339,19557,23789,28502,23336,442,1887,48534,36048,0,0,352,234,3070,3769,33793,26954,2106,107,1306,19073,7577,81,1220,0,0,0,0,0
975,2108,975.0222123375471,99642,779,561,258,96,125399,75458,2.0157865157263,449,333,19603,23843,28470,23297,439,1868,48534,36048,0,0,350,234,3063,3765,33799,27022,2098,109,1320,19025,7562,81,1214,0,0,0,0,0
976,2108,976.0394676926319,99642,774,589,258,96,125509,75557,2.0178840248088155,461,347,19644,23886,28429,23232,432,1848,48534,36048,0,0,350,233,3058,3758,33796,27092,2093,109,1334,18984,7547,81,1207,0,0,0,0,0
977,2108,977.0578986989092,99642,792,598,258,96,125630,75644,2.0199714979627066,445,341,19679,23934,28394,23193,430,1836,48534,36048,0,0,348,232,3049,3756,33794,27157,2087,111,1345,18943,7534,80,1206,0,0,0,0,0
978,2108,978.0774663997902,99641,772,621,258,97,125730,75748,2.022039120442388,473,319,19713,23974,28353,23158,429,1829,48534,36048,0,0,347,232,3042,3751,33777,27240,2083,112,1358,18899,7518,80,1202,0,0,0,0,0
979,2108,979.0985813625235,99641,797,598,258,97,125866,75812,2.024046326311458,470,353,19741,23986,28306,23140,426,1824,48534,36048,0,0,347,232,3034,3742,33781,27307,2077,112,1387,18855,7489,79,1199,0,0,0,0,0
980,2108,980.121016992659,99641,805,605,258,97,125990,75900,2.0261739645326724,480,351,19789,24016,28244,23121,422,1808,48534,36048,0,0,345,232,3028,3732,33776,27378,2070,114,1406,18815,7469,79,1197,0,0,0,0,0
981,2108,981.1453253915032,99641,800,612,258,97,126108,75992,2.0282815306951956,475,352,19827,24022,28225,23116,413,1799,48534,36048,0,0,343,232,3018,3729,33794,27441,2064,116,1425,18759,7446,79,1195,0,0,0,0,0
982,2108,982.1705659771025,99641,822,623,258,97,126247,76075,2.0305095292098634,454,363,19869,24049,28185,23078,410,1788,48534,36048,0,0,341,228,3008,3735,33785,27504,2054,118,1448,18728,7421,79,1192,0,0,0,0,0
983,2108,983.1968078844632,99641,806,611,258,97,126366,76154,2.032496663020243,460,369,19895,24076,28172,23067,407,1778,48534,36048,0,0,339,226,2994,3721,33797,27578,2049,120,1472,18682,7397,79,1187,0,0,0,0,0
984,2108,984.2237158663794,99641,811,606,258,97,126480,76242,2.034523940948003,467,377,19900,24114,28156,23037,406,1767,48534,36048,0,0,338,225,2988,3722,33798,27636,2041,121,1502,18644,7364,79,1183,0,0,0,0,0
985,2108,985.2513444745617,99641,823,607,258,97,126604,76330,2.0366515791692175,479,373,19928,24154,28109,23009,401,1758,48534,36048,0,0,336,224,2978,3725,33811,27697,2030,122,1520,18595,7345,78,1180,0,0,0,0,0
986,2108,986.0229057300769,99641,819,614,258,97,126696,76411,2.038387812245963,497,350,19949,24166,28079,23016,396,1755,48534,36048,0,0,334,224,2966,3723,33814,27753,2025,124,1536,18561,7327,77,1177,0,0,0,0,0
987,2108,987.0528076942062,99641,818,599,258,97,126824,76496,2.0405254864965223,498,345,19990,24213,28042,23001,392,1743,48534,36048,0,0,332,223,2961,3723,33822,27821,2017,124,1552,18516,7304,76,1170,0,0,0,0,0
988,2108,988.0843104542365,99641,802,617,258,97,126951,76608,2.042924097510061,507,322,20017,24269,28026,22970,388,1723,48534,36048,0,0,329,222,2953,3713,33814,27908,2009,127,1571,18469,7285,75,1166,0,0,0,0,0
989,2108,989.1164831388221,99641,803,609,258,97,127072,76689,2.044951375437822,503,310,20049,24323,27998,22947,387,1712,48534,36048,0,0,327,222,2943,3712,33811,27981,2001,129,1589,18423,7265,75,1163,0,0,0,0,0
990,2108,990.1499675442537,99641,816,600,258,97,127201,76772,2.0470790136590358,504,329,20074,24342,27959,22926,387,1704,48534,36048,0,0,324,221,2938,3700,33831,28049,1998,131,1602,18360,7250,75,1162,0,0,0,0,0
991,2108,991.1845989603366,99640,828,594,259,97,127338,76858,2.049337615415496,491,346,20103,24358,27932,22912,385,1691,48534,36048,0,0,323,220,2930,3703,33824,28124,1993,132,1619,18314,7228,74,1156,0,0,0,0,0
992,2108,992.2200251893358,99640,842,569,259,97,127458,76941,2.05137494981935,480,349,20133,24382,27903,22923,381,1678,48534,36048,0,0,322,218,2922,3703,33833,28190,1986,133,1642,18266,7202,72,1151,0,0,0,0,0
993,2108,993.2565343568045,99640,832,597,259,97,127568,77048,2.053552790044159,495,323,20157,24432,27878,22880,377,1669,48534,36048,0,0,321,218,2911,3701,33825,28264,1977,134,1659,18225,7184,72,1149,0,0,0,0,0
994,2108,994.0345540858358,99639,830,573,260,97,127661,77111,2.055139051977639,504,338,20174,24457,27857,22874,373,1659,48534,36048,0,0,319,218,2904,3698,33844,28316,1971,135,1669,18177,7171,72,1145,0,0,0,0,0
995,2108,995.0727283094673,99637,852,561,261,98,127803,77186,2.057358210303401,479,348,20203,24495,27834,22847,369,1649,48534,36048,0,0,318,217,2896,3696,33855,28375,1959,136,1688,18138,7147,72,1140,0,0,0,0,0
996,2108,996.1118802829535,99637,849,583,261,98,127927,77291,2.059656553288437,495,339,20230,24522,27798,22819,365,1637,48534,36048,0,0,318,217,2893,3683,33833,28454,1955,135,1716,18106,7119,72,1136,0,0,0,0,0
997,2108,997.1518987880808,99637,862,568,261,98,128071,77371,2.0619047141122273,459,334,20266,24561,27788,22808,362,1629,48534,36048,0,0,314,217,2887,3680,33824,28538,1949,139,1738,18053,7094,72,1132,0,0,0,0,0
998,2108,998.1929357767095,99636,841,566,262,98,128188,77454,2.0639327150829017,480,363,20300,24574,27755,22780,360,1617,48534,36048,0,0,311,216,2878,3679,33809,28619,1939,142,1752,18014,7075,72,1130,0,0,0,0,0
999,2108,999.2352967857951,99636,812,572,262,98,128296,77547,2.0659500582118913,498,354,20365,24617,27705,22748,356,1609,48534,36048,0,0,306,216,2874,3673,33806,28694,1933,147,1774,17965,7049,72,1127,0,0,0,0,0
1000,2108,1000.0181041363286,99636,813,583,262,98,128390,77610,2.0675257938897587,502,340,20378,24651,27689,22723,354,1603,48534,36048,0,0,305,216,2866,3664,33805,28747,1931,148,1784,17936,7038,72,1124,0,0,0,0,0
1001,2108,1001.0628528259579,99636,843,564,262,98,128544,77681,2.069784013810269,461,361,20417,24670,27666,22709,349,1596,48534,36048,0,0,303,215,2858,3656,33806,28815,1927,149,1810,17896,7009,72,1120,0,0,0,0,0
1002,2108,1002.1085982403124,99636,829,577,262,98,128663,77786,2.0720321971978,485,349,20439,24697,27636,22687,347,1590,48534,36048,0,0,302,215,2847,3650,33806,28889,1921,150,1836,17856,6981,71,1112,0,0,0,0,0
1003,2108,1003.1553792130094,99636,845,564,262,98,128799,77867,2.07421012485447,471,350,20497,24739,27579,22666,344,1581,48534,36048,0,0,300,211,2836,3648,33814,28956,1915,152,1859,17809,6955,71,1110,0,0,0,0,0
1004,2108,1004.2042750565743,99636,834,591,262,98,128928,77969,2.076528563972861,475,331,20533,24774,27553,22632,341,1572,48534,36048,0,0,300,210,2831,3650,33798,29031,1903,151,1877,17771,6934,71,1109,0,0,0,0,0
1005,2108,1005.254180467268,99636,858,594,262,98,129062,78076,2.0789473684210527,467,299,20549,24810,27524,22631,338,1566,48534,36048,0,0,299,209,2826,3641,33794,29109,1903,152,1895,17717,6913,71,1107,0,0,0,0,0
1006,2108,1006.0423346061397,99636,878,583,262,98,129177,78132,2.0806636155606406,453,317,20570,24813,27499,22628,336,1559,48534,36048,0,0,297,209,2821,3637,33793,29164,1897,154,1906,17683,6899,71,1105,0,0,0,0,0
1007,2108,1007.0941323628404,99636,858,562,262,98,129286,78213,2.0825705568268496,464,340,20614,24849,27468,22600,332,1549,48534,36048,0,0,297,208,2812,3629,33784,29251,1891,153,1925,17646,6874,70,1096,0,0,0,0,0
1008,2108,1008.1470947155773,99636,861,577,262,98,129426,78311,2.084959251676101,464,309,20624,24901,27459,22572,328,1541,48534,36048,0,0,297,206,2802,3627,33784,29324,1884,153,1943,17600,6854,70,1092,0,0,0,0,0
1009,2108,1009.2005272899543,99636,854,585,262,98,129559,78407,2.087257617728532,450,302,20645,24926,27459,22552,328,1535,48534,36048,0,0,296,203,2789,3623,33776,29402,1878,153,1966,17562,6829,70,1089,0,0,0,0,0
1010,2108,1010.2545671396196,99636,841,579,262,98,129670,78479,2.0890943032638805,462,324,20687,24945,27421,22524,325,1528,48534,36048,0,0,295,203,2783,3616,33780,29465,1874,154,1988,17517,6806,69,1086,0,0,0,0,0
1011,2108,1011.0458562524424,99636,840,598,262,98,129761,78552,2.0907402946726084,487,318,20712,24969,27373,22496,324,1519,48534,36048,0,0,293,202,2777,3609,33789,29508,1871,155,2000,17489,6791,68,1084,0,0,0,0,0
1012,2108,1012.102546554787,99636,830,596,262,98,129880,78624,2.0926572724717976,506,349,20746,24985,27333,22460,321,1510,48534,36048,0,0,291,201,2771,3605,33793,29574,1865,155,2008,17447,6777,68,1081,0,0,0,0,0
1013,2108,1013.1605588211065,99635,838,592,262,99,130016,78720,2.0950067747277563,491,344,20779,25007,27309,22457,319,1499,48534,36048,0,0,290,201,2764,3595,33817,29640,1858,156,2022,17387,6759,67,1079,0,0,0,0,0
1014,2108,1014.2192762888767,99634,859,577,263,99,130164,78800,2.0973161772085835,470,351,20804,25033,27285,22446,317,1492,48534,36048,0,0,289,201,2756,3583,33824,29713,1853,157,2038,17338,6739,66,1077,0,0,0,0,0
1015,2108,1015.0140916851411,99634,871,575,263,99,130273,78860,2.099012385330309,443,348,20856,25068,27251,22423,314,1485,48534,36048,0,0,286,199,2750,3576,33832,29760,1849,160,2051,17303,6726,66,1076,0,0,0,0,0
1016,2108,1016.0754120352581,99634,840,554,263,99,130385,78936,2.100899291406548,462,351,20888,25111,27233,22404,312,1479,48534,36048,0,0,284,199,2742,3578,33830,29835,1836,162,2073,17263,6696,65,1071,0,0,0,0,0
1017,2108,1017.13779371266,99633,831,577,264,99,130517,79042,2.103309144560537,461,321,20933,25155,27200,22374,309,1472,48534,36048,0,0,280,196,2736,3578,33822,29911,1823,166,2085,17224,6678,64,1070,0,0,0,0,0
1018,2108,1018.2015972398742,99632,844,582,265,99,130648,79124,2.1054681226915046,459,320,20952,25195,27173,22337,305,1465,48534,36048,0,0,278,196,2728,3570,33822,29976,1819,168,2102,17185,6658,64,1066,0,0,0,0,0
1019,2108,1019.0000369916544,99632,859,594,265,99,130741,79201,2.107174401798619,446,305,20975,25213,27149,22332,304,1455,48534,36048,0,0,278,195,2719,3567,33832,30023,1815,168,2112,17152,6644,64,1063,0,0,0,0,0
1020,2108,1020.0659006524295,99631,850,594,266,99,130863,79293,2.109343477431723,447,299,21014,25243,27119,22315,302,1448,48534,36048,0,0,277,195,2712,3548,33846,30092,1809,169,2133,17108,6618,64,1060,0,0,0,0,0
1021,2108,1021.1327961437794,99630,836,576,267,99,130982,79369,2.1113218909966878,448,306,21033,25279,27113,22298,301,1440,48534,36048,0,0,276,192,2706,3545,33835,30173,1802,169,2155,17067,6592,63,1055,0,0,0,0,0
1022,2108,1022.2003255869024,99630,840,563,267,99,131097,79453,2.1133192813409614,438,309,21071,25316,27083,22279,299,1432,48534,36048,0,0,276,190,2699,3544,33829,30243,1795,169,2177,17030,6566,63,1049,0,0,0,0,0
1023,2108,1023.001858977445,99629,809,553,268,99,131173,79513,2.1147055576187657,479,336,21077,25334,27067,22250,298,1426,48534,36048,0,0,275,190,2691,3545,33835,30298,1788,168,2192,16990,6546,63,1048,0,0,0,0,0
1024,2108,1024.0709592072149,99629,811,540,268,99,131300,79586,2.1167130052494754,465,342,21103,25368,27055,22231,296,1418,48534,36048,0,0,274,190,2680,3540,33838,30366,1778,169,2208,16948,6529,61,1048,0,0,0,0,0
1025,2108,1025.1407832260243,99629,809,535,268,99,131422,79679,2.1188710114524887,449,332,21138,25399,27038,22226,296,1407,48534,36048,0,0,274,190,2669,3529,33843,30438,1773,169,2228,16908,6505,61,1042,0,0,0,0,0
1026,2108,1026.2117565317963,99629,836,551,268,99,131554,79771,2.1211193527988836,452,305,21159,25458,26988,22187,295,1398,48534,36048,0,0,274,190,2657,3520,33853,30491,1769,169,2247,16875,6483,61,1040,0,0,0,0,0
1027,2108,1027.0160399322567,99629,841,550,268,99,131648,79841,2.122765459856066,439,300,21205,25469,26953,22185,292,1395,48534,36048,0,0,274,187,2651,3516,33844,30544,1767,168,2265,16852,6463,60,1038,0,0,0,0,0
1028,2108,1028.0898396157934,99629,810,572,268,99,131770,79949,2.1250740246313824,438,305,21262,25469,26928,22170,292,1383,48534,36048,0,0,272,186,2640,3500,33848,30618,1757,170,2287,16820,6436,60,1035,0,0,0,0,0
1029,2108,1029.1648292544983,99629,796,584,268,99,131885,80053,2.1272721797870098,428,286,21296,25510,26920,22152,290,1367,48534,36048,0,0,270,185,2636,3492,33830,30702,1751,172,2307,16779,6412,59,1034,0,0,0,0,0
1030,2108,1030.2406757069016,99629,793,571,268,99,131991,80131,2.129119031607263,436,305,21326,25562,26885,22104,290,1357,48534,36048,0,0,269,184,2630,3486,33827,30776,1747,172,2320,16734,6394,59,1031,0,0,0,0,0
1031,2108,1031.048423286189,99627,791,560,270,99,132074,80180,2.1304867154486233,449,319,21341,25594,26861,22073,286,1353,48534,36048,0,0,267,184,2624,3474,33833,30821,1745,174,2331,16708,6380,59,1027,0,0,0,0,0
1032,2108,1032.126450821636,99627,792,559,270,99,132196,80268,2.132594577775101,428,324,21369,25616,26857,22052,282,1348,48534,36048,0,0,267,184,2617,3473,33816,30898,1736,173,2346,16674,6363,58,1022,0,0,0,0,0
1033,2108,1033.2049437631667,99627,777,577,270,99,132315,80371,2.1348228893773777,411,322,21410,25642,26851,22024,279,1334,48534,36048,0,0,267,182,2609,3462,33820,30973,1732,171,2353,16630,6351,58,1019,0,0,0,0,0
1034,2108,1034.0138831076215,99627,756,582,270,99,132386,80438,2.136208056049063,427,328,21416,25665,26853,21995,276,1329,48534,36048,0,0,267,181,2600,3456,33827,31022,1728,171,2365,16599,6336,58,1017,0,0,0,0,0
1035,2108,1035.0926244334476,99627,736,588,270,99,132492,80523,2.1381252070221928,453,330,21442,25703,26821,21957,276,1321,48534,36048,0,0,267,181,2593,3450,33825,31098,1721,171,2373,16554,6322,57,1015,0,0,0,0,0
1036,2108,1036.1728125431573,99627,761,579,270,99,132612,80606,2.140162807271121,455,330,21472,25731,26765,21941,275,1318,48534,36048,0,0,267,181,2582,3450,33821,31167,1716,169,2384,16514,6305,57,1014,0,0,0,0,0
1037,2108,1037.2548746154155,99627,792,567,270,99,132749,80686,2.1423409316751485,469,330,21492,25778,26702,21909,273,1315,48534,36048,0,0,265,181,2574,3441,33826,31232,1713,171,2396,16473,6286,57,1012,0,0,0,0,0
1038,2108,1038.0678283765255,99627,807,574,270,99,132849,80759,2.14407740873458,470,325,21512,25790,26666,21897,273,1313,48534,36048,0,0,264,181,2570,3430,33837,31280,1709,172,2406,16439,6274,57,1008,0,0,0,0,0
1039,2108,1039.1528299399613,99627,808,573,270,99,132967,80841,2.1460848966645587,479,345,21554,25821,26618,21852,269,1308,48534,36048,0,0,263,180,2562,3422,33853,31336,1707,171,2416,16395,6258,57,1007,0,0,0,0,0
1040,2108,1040.239536204373,99627,820,584,270,99,133111,80939,2.148513957059833,457,345,21584,25834,26599,21841,268,1295,48534,36048,0,0,262,177,2555,3413,33865,31407,1702,172,2427,16341,6244,57,1005,0,0,0,0,0
1041,2108,1041.0552542115452,99627,806,588,270,99,133190,81003,2.149949310929768,473,361,21603,25851,26579,21814,267,1285,48534,36048,0,0,259,177,2546,3406,33867,31458,1700,175,2432,16312,6234,57,1004,0,0,0,0,0
1042,2108,1042.14356188059,99626,818,598,271,99,133325,81098,2.1522795254250897,486,358,21611,25883,26547,21783,265,1277,48534,36048,0,0,259,176,2537,3403,33858,31534,1694,174,2448,16272,6215,57,999,0,0,0,0,0
1043,2108,1043.2330637308255,99626,812,606,271,99,133455,81197,2.154578122176942,475,333,21644,25914,26534,21777,262,1269,48534,36048,0,0,257,173,2525,3392,33870,31600,1690,176,2462,16230,6198,56,997,0,0,0,0,0
1044,2108,1044.0507017392083,99626,842,600,271,99,133571,81260,2.1563748419087387,460,355,21663,25936,26500,21740,262,1268,48534,36048,0,0,255,171,2516,3397,33871,31650,1681,178,2475,16200,6182,56,994,0,0,0,0,0
1045,2108,1045.1417681886874,99626,836,609,271,99,133700,81355,2.158623250958585,457,361,21685,25968,26490,21702,259,1259,48534,36048,0,0,254,169,2508,3390,33869,31730,1674,179,2488,16152,6167,56,990,0,0,0,0,0
1046,2108,1046.233798317343,99626,837,615,271,99,133826,81450,2.1608415473872284,450,368,21728,26003,26454,21665,258,1248,48534,36048,0,0,253,168,2497,3383,33867,31807,1669,179,2506,16109,6145,56,987,0,0,0,0,0
1047,2108,1047.0537010585083,99626,826,618,271,99,133900,81526,2.1623471784473933,474,359,21748,26037,26425,21646,254,1239,48534,36048,0,0,253,168,2494,3375,33857,31866,1666,179,2525,16078,6123,56,986,0,0,0,0,0
1048,2108,1048.1479413046243,99626,833,628,271,99,134038,81624,2.164716037982053,465,343,21766,26061,26411,21634,252,1233,48534,36048,0,0,253,168,2491,3363,33853,31942,1662,179,2539,16035,6104,56,981,0,0,0,0,0
1049,2108,1049.2429599218494,99626,856,644,271,99,134180,81734,2.16724549816313,442,321,21795,26083,26384,21624,250,1227,48534,36048,0,0,252,166,2487,3365,33856,32015,1652,179,2545,15980,6093,56,980,0,0,0,0,0
1050,2108,1050.0648220535284,99626,830,637,271,99,134267,81810,2.1688816172485095,452,312,21820,26092,26377,21637,248,1221,48534,36048,0,0,251,165,2483,3365,33861,32071,1644,177,2560,15938,6076,56,979,0,0,0,0,0
1051,2108,1051.1615038336029,99626,839,648,271,99,134395,81905,2.1711199887579546,457,317,21852,26122,26331,21599,248,1213,48534,36048,0,0,250,165,2476,3355,33867,32136,1640,178,2568,15898,6061,55,977,0,0,0,0,0
1052,2108,1052.2592729371847,99626,829,674,271,99,134532,82012,2.1735691486158233,459,313,21866,26132,26329,21571,244,1209,48534,36048,0,0,249,165,2470,3347,33863,32218,1632,178,2579,15854,6043,55,973,0,0,0,0,0
1053,2108,1053.083046878149,99626,818,660,271,99,134606,82072,2.1749141790295705,466,312,21895,26173,26310,21554,238,1200,48534,36048,0,0,248,164,2463,3348,33856,32270,1627,179,2597,15827,6023,55,969,0,0,0,0,0
1054,2108,1054.1823252946485,99626,812,627,271,99,134726,82156,2.176961837271395,481,325,21906,26222,26293,21533,235,1192,48534,36048,0,0,248,163,2453,3341,33855,32354,1626,177,2612,15777,6001,55,964,0,0,0,0,0
1055,2108,1055.0072675851745,99626,825,620,271,99,134822,82218,2.1785477686547687,477,333,21918,26233,26275,21528,232,1185,48534,36048,0,0,245,163,2449,3331,33857,32405,1623,180,2618,15744,5992,55,964,0,0,0,0,0
1056,2108,1056.1077900269895,99626,787,605,271,99,134948,82298,2.1806155019773956,480,356,21950,26243,26280,21519,230,1176,48534,36048,0,0,243,162,2440,3330,33836,32498,1616,181,2640,15705,5963,54,958,0,0,0,0,0
1057,2108,1057.2087760234876,99625,785,591,272,99,135072,82384,2.182745294855709,475,359,21976,26288,26261,21491,229,1170,48534,36048,0,0,241,161,2433,3323,33830,32573,1610,183,2660,15661,5941,54,955,0,0,0,0,0
1058,2108,1058.0351766235694,99625,796,599,272,99,135170,82461,2.1845018820577162,463,352,22004,26307,26234,21474,229,1167,48534,36048,0,0,241,161,2423,3322,33839,32618,1603,183,2671,15631,5927,54,952,0,0,0,0,0
1059,2108,1059.1383353941437,99625,820,592,272,99,135310,82551,2.1868105395232122,460,357,22022,26321,26196,21471,228,1158,48534,36048,0,0,239,161,2419,3313,33824,32694,1601,184,2693,15591,5903,54,949,0,0,0,0,0
1060,2108,1060.242815930879,99625,822,580,272,99,135437,82634,2.188918444165621,458,355,22072,26369,26146,21450,228,1145,48534,36048,0,0,239,160,2414,3300,33830,32767,1596,184,2709,15545,5880,54,947,0,0,0,0,0
1061,2108,1061.0725009589078,99624,801,591,273,99,135513,82714,2.1905063037019192,466,339,22116,26391,26116,21442,226,1136,48534,36048,0,0,238,159,2412,3296,33800,32841,1592,184,2718,15516,5868,54,946,0,0,0,0,0
1062,2108,1062.1804821898393,99624,773,593,273,99,135630,82804,2.192584116277202,459,342,22165,26406,26102,21426,226,1132,48534,36048,0,0,238,156,2402,3298,33758,32940,1585,182,2739,15486,5845,53,942,0,0,0,0,0
1063,2108,1063.0121294601236,99624,795,590,273,99,135742,82880,2.1944712117562033,435,331,22193,26428,26078,21425,224,1125,48534,36048,0,0,237,156,2393,3297,33752,32999,1581,182,2748,15457,5830,53,939,0,0,0,0,0
1064,2108,1064.1223802671025,99624,794,595,273,99,135854,82979,2.196589175299125,443,325,22224,26453,26042,21415,222,1111,48534,36048,0,0,237,153,2385,3293,33747,33072,1575,181,2759,15417,5817,53,935,0,0,0,0,0
1065,2108,1065.2337774378466,99624,810,585,273,99,135994,83072,2.198927969164057,444,312,22234,26477,26017,21422,220,1103,48534,36048,0,0,237,152,2379,3288,33763,33141,1569,181,2775,15359,5796,52,932,0,0,0,0,0
1066,2108,1066.068005761849,99624,808,570,273,99,136090,83129,2.2004637436762224,432,325,22276,26498,25993,21411,216,1095,48534,36048,0,0,237,152,2372,3284,33733,33216,1565,180,2784,15339,5783,52,927,0,0,0,0,0
1067,2108,1067.1817693636783,99624,807,567,273,99,136207,83221,2.2025616317353247,452,328,22288,26559,25963,21364,215,1081,48534,36048,0,0,236,151,2366,3282,33717,33292,1557,180,2806,15305,5757,52,923,0,0,0,0,0
1068,2108,1068.0176565839129,99624,789,564,273,99,136303,83292,2.2042379346342247,452,322,22295,26568,25974,21367,215,1078,48534,36048,0,0,235,151,2361,3282,33716,33356,1549,181,2813,15263,5745,52,920,0,0,0,0,0
1069,2108,1069.1326701064788,99623,807,566,274,99,136449,83383,2.206639029139857,446,307,22344,26596,25913,21358,214,1072,48534,36048,0,0,234,150,2354,3273,33704,33430,1543,182,2835,15227,5721,52,918,0,0,0,0,0
1070,2108,1070.2498194509558,99622,813,549,275,99,136582,83456,2.208728995603381,433,310,22391,26631,25876,21342,210,1067,48534,36048,0,0,231,148,2350,3260,33720,33491,1536,185,2843,15183,5707,52,916,0,0,0,0,0
1071,2108,1071.088852180202,99620,800,556,277,99,136678,83524,2.210419594458944,427,302,22419,26655,25867,21323,208,1063,48534,36048,0,0,231,148,2347,3251,33715,33549,1531,185,2847,15155,5696,52,913,0,0,0,0,0
1072,2108,1072.2084452865279,99620,764,541,277,99,136786,83601,2.2122766512748444,434,314,22463,26670,25853,21316,207,1058,48534,36048,0,0,230,145,2344,3253,33706,33624,1522,186,2862,15109,5675,52,912,0,0,0,0,0
1073,2108,1073.0489302555839,99620,778,543,277,99,136873,83661,2.213752258582614,441,314,22467,26686,25829,21305,206,1051,48534,36048,0,0,230,145,2340,3247,33687,33679,1520,186,2870,15088,5665,52,911,0,0,0,0,0
1074,2108,1074.1703546684162,99620,773,558,277,99,136992,83757,2.2159104597470387,424,292,22512,26728,25806,21273,206,1048,48534,36048,0,0,229,145,2334,3241,33674,33753,1513,186,2883,15056,5645,51,910,0,0,0,0,0
1075,2108,1075.0121391166108,99619,770,564,277,100,137091,83830,2.2176592818639014,423,283,22528,26742,25795,21265,205,1044,48534,36048,0,0,229,145,2330,3237,33677,33804,1509,186,2893,15020,5633,51,905,0,0,0,0,0
1076,2108,1076.1354029753286,99619,782,565,277,100,137228,83906,2.2197974282014474,404,286,22553,26788,25782,21224,200,1035,48534,36048,0,0,226,145,2324,3236,33671,33875,1501,189,2906,14975,5616,51,904,0,0,0,0,0
1077,2108,1077.259136506929,99619,771,577,277,100,137331,83999,2.2217649243618185,430,273,22559,26821,25761,21196,200,1031,48534,36048,0,0,225,145,2315,3228,33657,33945,1494,189,2916,14946,5604,51,904,0,0,0,0,0
1078,2108,1078.102486552238,99619,748,552,277,100,137406,84045,2.2229795520934763,467,301,22576,26816,25730,21200,200,1029,48534,36048,0,0,223,143,2313,3229,33652,34000,1486,190,2928,14916,5587,51,901,0,0,0,0,0
1079,2108,1079.2279439584624,99619,732,547,277,100,137525,84129,2.22501731597386,462,288,22609,26852,25720,21191,198,1020,48534,36048,0,0,223,143,2306,3227,33658,34064,1479,188,2939,14874,5570,51,897,0,0,0,0,0
1080,2108,1080.0727167141854,99619,750,549,277,100,137623,84203,2.226743894237043,445,260,22641,26883,25688,21190,197,1016,48534,36048,0,0,222,143,2303,3225,33649,34119,1476,188,2952,14844,5556,50,892,0,0,0,0,0
1081,2108,1081.2006480990128,99619,753,544,277,100,137754,84281,2.2288418875917246,434,273,22664,26911,25674,21160,196,1010,48534,36048,0,0,222,143,2292,3215,33636,34200,1473,188,2962,14807,5542,50,889,0,0,0,0,0
1082,2108,1082.0472466903555,99619,741,516,277,100,137847,84329,2.230257280237706,445,286,22674,26941,25666,21152,195,1003,48534,36048,0,0,221,143,2285,3210,33625,34270,1469,189,2968,14771,5532,50,886,0,0,0,0,0
1083,2108,1083.1766219941014,99619,735,512,277,100,137977,84395,2.2322247763980765,409,284,22713,26984,25670,21121,194,997,48534,36048,0,0,220,142,2280,3197,33602,34354,1465,189,2976,14739,5520,50,885,0,0,0,0,0
1084,2108,1084.0240621037217,99619,720,496,277,100,138051,84454,2.2335598630783284,417,286,22746,27004,25645,21117,193,995,48534,36048,0,0,220,142,2275,3194,33585,34420,1461,189,2982,14708,5512,50,881,0,0,0,0,0
1085,2108,1085.1551770675105,99619,734,498,277,100,138179,84539,2.2356980094158745,372,282,22796,27039,25627,21095,192,984,48534,36048,0,0,220,142,2270,3189,33576,34491,1458,188,2992,14665,5499,50,879,0,0,0,0,0
1086,2108,1086.0043161612361,99619,737,491,277,100,138259,84593,2.2370431343418424,376,281,22829,27062,25588,21081,191,983,48534,36048,0,0,220,141,2264,3187,33573,34536,1458,188,3007,14636,5482,50,877,0,0,0,0,0
1087,2108,1087.1381069810275,99618,735,476,278,100,138378,84658,2.2389126463089,367,290,22863,27085,25565,21069,190,978,48534,36048,0,0,220,141,2263,3182,33559,34609,1452,188,3018,14597,5465,50,874,0,0,0,0,0
1088,2108,1088.273237330794,99618,716,493,278,100,138473,84758,2.2408701238731954,371,270,22907,27117,25537,21045,189,973,48534,36048,0,0,220,139,2257,3181,33554,34672,1446,187,3027,14566,5448,50,871,0,0,0,0,0
1089,2108,1089.1255680617408,99618,724,497,278,100,138557,84816,2.242295569073862,366,282,22946,27137,25495,21014,189,968,48534,36048,0,0,219,138,2253,3179,33540,34725,1444,188,3032,14542,5438,50,870,0,0,0,0,0
1090,2108,1090.2637650302038,99618,697,491,278,100,138657,84893,2.2440723564014537,368,289,22972,27158,25495,20997,188,963,48534,36048,0,0,219,137,2245,3173,33515,34807,1436,188,3040,14520,5424,50,864,0,0,0,0,0
1091,2108,1091.117612954405,99618,701,500,278,100,138737,84978,2.245728683571242,364,272,23005,27176,25465,20993,185,957,48534,36048,0,0,219,136,2241,3173,33508,34857,1432,188,3055,14492,5405,50,862,0,0,0,0,0
1092,2108,1092.2575105017156,99618,675,484,278,100,138834,85051,2.2474352024734485,370,291,23041,27218,25450,20959,184,946,48534,36048,0,0,217,136,2233,3171,33498,34929,1425,189,3062,14454,5393,50,861,0,0,0,0,0
1093,2108,1093.1133267572748,99618,681,478,278,100,138902,85106,2.2486699190909274,388,295,23056,27257,25412,20926,183,942,48534,36048,0,0,217,136,2227,3167,33505,34968,1421,189,3073,14428,5381,50,856,0,0,0,0,0
1094,2108,1094.2556343038332,99618,698,479,278,100,139015,85187,2.250617358308739,378,291,23096,27283,25365,20908,183,937,48534,36048,0,0,216,136,2220,3158,33502,35031,1421,190,3089,14390,5362,50,853,0,0,0,0,0
