,indexID,time,N,Inf_L,Inf_H,Dead_L,Dead_H,cum_cases_L,cum_cases_H,cum_sum_per_N,Exposed_L,Exposed_H,Sus_L,Sus_H,Rec_nat_L,Rec_nat_H,Rec_vax_L,Rec_vax_H,vaccinatedH,vaccinatedL,boostedH,boostedL,count_Naive,count_Delta,count_Delta_vaccine,count_two,count_three,count_four,count_Omicron,count_Omicron_star,count_Omicron_star_vaccine,count_Omicron_vaccine,count_Vaccine,count_WT,count_WT_vaccine,count_WT_vaccine_boost,count_Omicron_vaccine_boost,count_Delta_vaccine_boost,count_Omicron_star_vaccine_boost,count_Vaccine_boost
0,2270,1.1107146060609356,99996,8,3,0,0,9,3,0.00012000480019200768,16,22,49973,49973,1,0,0,0,0,0,0,0,99995,0,0,0,0,0,0,0,0,0,0,1,0,0,0,0,0,0
1,2270,2.0900838165521716,99996,10,3,0,0,13,4,0.00017000680027201088,13,22,49972,49972,3,1,0,0,0,0,0,0,99992,0,0,0,0,0,0,0,0,0,0,4,0,0,0,0,0,0
2,2270,3.002736430091039,99996,13,10,0,0,16,11,0.00027001080043201727,12,16,49970,49971,3,1,0,0,0,0,0,0,99992,0,0,0,0,0,0,0,0,0,0,4,0,0,0,0,0,0
3,2270,4.082625594644675,99996,13,10,0,0,18,13,0.00031001240049601984,14,14,49966,49971,5,3,0,0,0,0,0,0,99988,0,0,0,0,0,0,0,0,0,0,8,0,0,0,0,0,0
4,2270,5.025416394352591,99996,16,12,0,0,21,17,0.0003800152006080243,17,10,49960,49971,5,5,0,0,0,0,0,0,99986,0,0,0,0,0,0,0,0,0,0,10,0,0,0,0,0,0
5,2270,6.017300422024817,99996,18,13,0,0,24,19,0.00043001720068802754,17,12,49957,49967,6,6,0,0,0,0,0,0,99984,0,0,0,0,0,0,0,0,0,0,12,0,0,0,0,0,0
6,2270,7.0026940346780355,99996,18,15,0,0,28,25,0.0005300212008480339,15,6,49955,49967,10,10,0,0,0,0,0,0,99976,0,0,0,0,0,0,0,0,0,0,20,0,0,0,0,0,0
7,2270,8.075407891807044,99996,15,15,0,0,30,27,0.0005700228009120365,18,5,49950,49966,15,12,0,0,0,0,0,0,99969,0,0,0,0,0,0,0,0,0,0,27,0,0,0,0,0,0
8,2270,9.007452445524605,99996,12,9,0,0,31,27,0.0005800232009280372,23,6,49944,49965,19,18,0,0,0,0,0,0,99959,0,0,0,0,0,0,0,0,0,0,37,0,0,0,0,0,0
9,2270,10.023079604179902,99996,14,7,0,0,34,28,0.0006200248009920397,21,6,49943,49964,20,21,0,0,0,0,0,0,99955,0,0,0,0,0,0,0,0,0,0,41,0,0,0,0,0,0
10,2270,11.16842892969411,99996,18,9,0,0,41,31,0.0007200288011520461,18,6,49939,49961,23,22,0,0,0,0,0,0,99951,0,0,0,0,0,0,0,0,0,0,45,0,0,0,0,0,0
11,2270,12.137093197575311,99996,21,8,0,0,46,31,0.0007700308012320492,16,6,49936,49961,25,23,0,0,0,0,0,0,99948,0,0,0,0,0,0,0,0,0,0,48,0,0,0,0,0,0
12,2270,13.121293383245623,99996,17,8,0,0,48,32,0.0008000320012800512,19,6,49931,49960,31,24,0,0,0,0,0,0,99941,0,0,0,0,0,0,0,0,0,0,55,0,0,0,0,0,0
13,2270,14.28666309074738,99996,15,6,0,0,50,33,0.0008300332013280532,20,7,49928,49958,35,27,0,0,0,0,0,0,99934,0,0,0,0,0,0,0,0,0,0,62,0,0,0,0,0,0
14,2270,15.020529342633596,99996,18,6,0,0,55,33,0.0008800352014080563,18,8,49925,49957,37,27,0,0,0,0,0,0,99932,0,0,0,0,0,0,0,0,0,0,64,0,0,0,0,0,0
15,2270,16.037687296852233,99996,23,8,0,0,63,36,0.0009900396015840634,13,6,49922,49956,40,28,0,0,0,0,0,0,99928,0,0,0,0,0,0,0,0,0,0,68,0,0,0,0,0,0
16,2270,17.13562774113131,99996,23,9,0,0,67,37,0.0010400416016640667,12,8,49919,49953,44,28,0,0,0,0,0,0,99924,0,0,0,0,0,0,0,0,0,0,72,0,0,0,0,0,0
17,2270,18.153324853059114,99996,22,10,0,0,72,40,0.0011200448017920717,8,6,49918,49952,50,30,0,0,0,0,0,0,99916,0,0,0,0,0,0,0,0,0,0,80,0,0,0,0,0,0
18,2270,19.01445899525507,99996,20,11,0,0,73,42,0.0011500460018400735,10,6,49915,49950,53,31,0,0,0,0,0,0,99912,0,0,0,0,0,0,0,0,0,0,84,0,0,0,0,0,0
19,2270,20.09444337032249,99996,19,10,0,0,76,42,0.0011800472018880755,11,8,49911,49949,57,31,0,0,0,0,0,0,99907,0,0,0,0,0,0,0,0,0,0,89,0,0,0,0,0,0
20,2270,21.24509944807277,99996,21,12,0,0,82,46,0.001280051202048082,8,6,49909,49947,60,33,0,0,0,0,0,0,99901,0,0,0,0,0,0,0,0,0,0,95,0,0,0,0,0,0
21,2270,22.279394804462996,99996,21,9,0,0,85,47,0.0013200528021120844,8,6,49906,49947,63,36,0,0,0,0,0,0,99894,0,0,0,0,0,0,0,0,0,0,102,0,0,0,0,0,0
22,2270,23.137763216396227,99996,21,8,0,0,87,47,0.0013400536021440858,8,6,49904,49947,65,37,0,0,0,0,0,0,99891,0,0,0,0,0,0,0,0,0,0,105,0,0,0,0,0,0
23,2270,24.003661066914635,99996,20,9,0,0,91,49,0.0014000560022400896,10,5,49898,49946,70,38,0,0,0,0,0,0,99885,0,0,0,0,0,0,0,0,0,0,111,0,0,0,0,0,0
24,2270,25.073196171755118,99996,20,8,0,0,93,49,0.0014200568022720908,13,7,49893,49944,72,39,0,0,0,0,0,0,99882,0,0,0,0,0,0,0,0,0,0,114,0,0,0,0,0,0
25,2270,26.12387197085247,99996,21,9,0,0,95,51,0.0014600584023360934,12,6,49892,49943,73,40,0,0,0,0,0,0,99880,0,0,0,0,0,0,0,0,0,0,116,0,0,0,0,0,0
26,2270,27.19634884469798,99996,20,6,0,0,98,51,0.0014900596023840955,11,8,49890,49941,77,43,0,0,0,0,0,0,99873,0,0,0,0,0,0,0,0,0,0,123,0,0,0,0,0,0
27,2270,28.09613213155235,99996,21,5,0,0,100,52,0.0015200608024320973,11,10,49888,49938,78,45,0,0,0,0,0,0,99870,0,0,0,0,0,0,0,0,0,0,126,0,0,0,0,0,0
28,2270,29.080196630652072,99996,24,8,0,0,105,56,0.0016100644025761031,7,7,49887,49937,80,46,0,0,0,0,0,0,99867,0,0,0,0,0,0,0,0,0,0,129,0,0,0,0,0,0
29,2270,30.0041181811854,99995,20,9,1,0,108,59,0.0016700835041752087,5,5,49886,49937,86,47,0,0,0,0,0,0,99858,0,0,0,0,0,0,0,0,0,0,137,0,0,0,0,0,0
30,2270,31.07443352588543,99995,19,11,1,0,110,62,0.001720086004300215,7,7,49883,49933,88,47,0,0,0,0,0,0,99854,0,0,0,0,0,0,0,0,0,0,141,0,0,0,0,0,0
31,2270,32.02143114339942,99995,16,12,1,0,111,63,0.0017400870043502174,7,7,49882,49932,92,47,0,0,0,0,0,0,99850,0,0,0,0,0,0,0,0,0,0,145,0,0,0,0,0,0
32,2270,33.163605571520385,99995,15,13,1,0,115,66,0.0018100905045252262,6,5,49880,49932,96,48,0,0,0,0,0,0,99843,0,0,0,0,0,0,0,0,0,0,152,0,0,0,0,0,0
33,2270,34.03969640765206,99994,15,12,2,0,119,67,0.0018601116066964017,6,5,49876,49931,99,50,0,0,0,0,0,0,99837,0,0,0,0,0,0,0,0,0,0,157,0,0,0,0,0,0
34,2270,35.13617961290758,99994,16,11,2,0,122,68,0.0019001140068404105,7,9,49872,49926,101,52,0,0,0,0,0,0,99833,0,0,0,0,0,0,0,0,0,0,161,0,0,0,0,0,0
35,2270,36.13399351291062,99994,16,10,2,0,125,69,0.001940116406984419,6,8,49870,49926,104,54,0,0,0,0,0,0,99828,0,0,0,0,0,0,0,0,0,0,166,0,0,0,0,0,0
36,2270,37.00529472368819,99994,17,8,2,0,128,72,0.002000120007200432,7,6,49867,49925,105,59,0,0,0,0,0,0,99821,0,0,0,0,0,0,0,0,0,0,173,0,0,0,0,0,0
37,2270,38.227424252583035,99994,20,12,2,0,135,76,0.0021101266075964557,6,6,49861,49921,109,59,0,0,0,0,0,0,99817,0,0,0,0,0,0,0,0,0,0,177,0,0,0,0,0,0
38,2270,39.08384496633397,99994,22,14,2,0,137,78,0.0021501290077404643,6,6,49859,49919,109,59,0,0,0,0,0,0,99817,0,0,0,0,0,0,0,0,0,0,177,0,0,0,0,0,0
39,2270,40.13663828282087,99994,20,13,2,0,138,80,0.002180130807848471,9,4,49856,49919,111,62,0,0,0,0,0,0,99811,0,0,0,0,0,0,0,0,0,0,183,0,0,0,0,0,0
40,2270,41.01173004086057,99994,17,11,2,0,139,81,0.002200132007920475,14,5,49850,49917,115,65,0,0,0,0,0,0,99804,0,0,0,0,0,0,0,0,0,0,190,0,0,0,0,0,0
41,2270,42.00357160994126,99994,15,14,2,0,141,84,0.002250135008100486,15,4,49847,49915,119,65,0,0,0,0,0,0,99800,0,0,0,0,0,0,0,0,0,0,194,0,0,0,0,0,0
42,2270,43.03584724386587,99994,20,14,2,0,147,84,0.002310138608316499,13,4,49843,49915,120,65,0,0,0,0,0,0,99799,0,0,0,0,0,0,0,0,0,0,195,0,0,0,0,0,0
43,2270,44.00812127229238,99994,19,15,2,0,150,86,0.0023601416084965098,12,3,49841,49915,124,65,0,0,0,0,0,0,99794,0,0,0,0,0,0,0,0,0,0,200,0,0,0,0,0,0
44,2270,45.00220017562983,99994,19,13,2,0,153,86,0.002390143408604516,15,4,49835,49914,127,67,0,0,0,0,0,0,99789,0,0,0,0,0,0,0,0,0,0,205,0,0,0,0,0,0
45,2270,46.11020063343855,99994,16,11,2,0,155,87,0.002420145208712523,15,5,49833,49912,132,70,0,0,0,0,0,0,99781,0,0,0,0,0,0,0,0,0,0,213,0,0,0,0,0,0
46,2270,47.00484431179795,99994,18,7,2,0,157,87,0.002440146408784527,13,6,49833,49911,132,74,0,0,0,0,0,0,99777,0,0,0,0,0,0,0,0,0,0,217,0,0,0,0,0,0
47,2270,48.00209899830832,99994,17,9,2,0,160,90,0.00250015000900054,15,4,49828,49910,136,75,0,0,0,0,0,0,99772,0,0,0,0,0,0,0,0,0,0,222,0,0,0,0,0,0
48,2270,49.03338408020247,99994,15,11,2,0,164,92,0.002560153609216553,13,2,49827,49910,141,75,0,0,0,0,0,0,99766,0,0,0,0,0,0,0,0,0,0,228,0,0,0,0,0,0
49,2270,50.002820210420715,99994,14,11,2,0,168,93,0.002610156609396564,16,3,49820,49908,146,76,0,0,0,0,0,0,99760,0,0,0,0,0,0,0,0,0,0,234,0,0,0,0,0,0
50,2270,51.091168511548986,99994,17,13,2,0,173,95,0.002680160809648579,13,1,49818,49908,148,76,0,0,0,0,0,0,99758,0,0,0,0,0,0,0,0,0,0,236,0,0,0,0,0,0
51,2270,52.10674175223609,99994,15,8,2,0,175,95,0.002700162009720583,12,1,49817,49909,152,80,0,0,0,0,0,0,99749,0,0,0,0,0,0,0,0,0,0,245,0,0,0,0,0,0
52,2270,53.07366241326523,99994,15,9,2,0,178,96,0.0027401644098645917,10,1,49816,49909,155,79,0,0,0,0,0,0,99746,0,0,0,0,0,0,0,0,0,0,248,0,0,0,0,0,0
53,2270,54.137777591815926,99994,16,6,2,0,181,97,0.0027801668100086007,9,1,49815,49908,156,83,0,0,0,0,0,0,99740,0,0,0,0,0,0,0,0,0,0,254,0,0,0,0,0,0
54,2270,55.16912558690821,99994,16,6,2,0,184,97,0.002810168610116607,7,2,49814,49907,159,83,0,0,0,0,0,0,99737,0,0,0,0,0,0,0,0,0,0,257,0,0,0,0,0,0
55,2270,56.06128259605258,99994,15,6,2,0,184,97,0.002810168610116607,9,3,49814,49906,158,83,0,0,0,0,0,0,99736,0,0,0,0,0,0,0,0,0,0,258,0,0,0,0,0,0
56,2270,57.036558809931265,99994,14,4,2,0,186,97,0.0028301698101886115,8,4,49813,49905,161,85,0,0,0,0,0,0,99731,0,0,0,0,0,0,0,0,0,0,263,0,0,0,0,0,0
57,2270,58.161706303330874,99994,12,3,2,0,187,97,0.0028401704102246133,7,6,49813,49903,164,86,0,0,0,0,0,0,99727,0,0,0,0,0,0,0,0,0,0,267,0,0,0,0,0,0
58,2270,59.04726528215583,99994,12,4,2,0,189,99,0.0028801728103686223,8,5,49811,49903,165,86,0,0,0,0,0,0,99724,0,0,0,0,0,0,0,0,0,0,270,0,0,0,0,0,0
59,2270,60.02622512213356,99994,10,4,2,0,190,100,0.0029001740104406264,10,4,49808,49903,168,87,0,0,0,0,0,0,99720,0,0,0,0,0,0,0,0,0,0,274,0,0,0,0,0,0
60,2270,61.18399000970813,99994,10,3,2,0,192,100,0.002920175210512631,9,4,49807,49904,170,87,0,0,0,0,0,0,99717,0,0,0,0,0,0,0,0,0,0,277,0,0,0,0,0,0
61,2270,62.02803218991645,99994,10,2,2,0,194,100,0.002940176410584635,8,4,49807,49904,171,88,0,0,0,0,0,0,99714,0,0,0,0,0,0,0,0,0,0,280,0,0,0,0,0,0
62,2270,63.29341618507381,99994,11,2,2,0,198,100,0.002980178810728644,7,5,49804,49903,174,88,0,0,0,0,0,0,99711,0,0,0,0,0,0,0,0,0,0,283,0,0,0,0,0,0
63,2270,64.21600156712232,99994,13,4,2,0,202,102,0.0030401824109446566,4,4,49804,49902,175,88,0,0,0,0,0,0,99709,0,0,0,0,0,0,0,0,0,0,285,0,0,0,0,0,0
64,2270,65.11769934828494,99994,15,4,2,0,205,103,0.003080184811088665,3,3,49803,49903,175,88,0,0,0,0,0,0,99707,0,0,0,0,0,0,0,0,0,0,287,0,0,0,0,0,0
65,2270,66.28076509848803,99994,15,4,2,0,206,103,0.0030901854111246674,9,4,49797,49903,175,87,0,0,0,0,0,0,99706,0,0,0,0,0,0,0,0,0,0,288,0,0,0,0,0,0
66,2270,67.23165785276083,99994,15,4,2,0,207,103,0.0031001860111606696,8,4,49798,49903,175,87,0,0,0,0,0,0,99705,0,0,0,0,0,0,0,0,0,0,289,0,0,0,0,0,0
67,2270,68.32542599609205,99994,15,4,2,0,210,103,0.003130187811268676,7,5,49796,49903,178,86,0,0,0,0,0,0,99702,0,0,0,0,0,0,0,0,0,0,292,0,0,0,0,0,0
68,2270,69.1053795290509,99994,14,7,2,0,212,106,0.0031801908114486867,10,2,49792,49904,180,85,0,0,0,0,0,0,99699,0,0,0,0,0,0,0,0,0,0,295,0,0,0,0,0,0
69,2270,70.0137829561188,99994,12,6,2,0,213,106,0.003190191411484689,13,4,49788,49902,183,86,0,0,0,0,0,0,99695,0,0,0,0,0,0,0,0,0,0,299,0,0,0,0,0,0
70,2270,71.0611909293734,99994,14,6,2,0,217,107,0.0032401944116647,9,4,49788,49901,185,87,0,0,0,0,0,0,99692,0,0,0,0,0,0,0,0,0,0,302,0,0,0,0,0,0
71,2270,72.03343275144717,99994,12,7,2,0,221,108,0.0032901974118447106,8,4,49786,49900,190,87,0,0,0,0,0,0,99686,0,0,0,0,0,0,0,0,0,0,308,0,0,0,0,0,0
72,2270,73.01605019207355,99994,12,6,2,0,223,110,0.003330199811988719,7,3,49789,49899,188,90,0,0,0,0,0,0,99681,0,0,0,0,0,0,0,0,0,0,313,0,0,0,0,0,0
73,2270,74.00848924930527,99994,11,5,2,0,224,110,0.0033402004120247214,7,5,49790,49897,188,91,0,0,0,0,0,0,99678,0,0,0,0,0,0,0,0,0,0,316,0,0,0,0,0,0
74,2270,75.06970399087443,99994,11,8,2,0,225,113,0.00338020281216873,8,3,49789,49896,188,91,0,0,0,0,0,0,99677,0,0,0,0,0,0,0,0,0,0,317,0,0,0,0,0,0
75,2270,76.23234220498992,99994,13,8,2,0,228,113,0.0034102046122767367,7,5,49788,49894,188,91,0,0,0,0,0,0,99676,0,0,0,0,0,0,0,0,0,0,318,0,0,0,0,0,0
76,2270,77.11415609518704,99994,11,8,2,0,230,113,0.0034302058123487408,8,6,49785,49894,192,90,0,0,0,0,0,0,99672,0,0,0,0,0,0,0,0,0,0,322,0,0,0,0,0,0
77,2270,78.0445107219884,99994,12,8,2,0,232,115,0.0034702082124927498,8,4,49784,49894,192,92,0,0,0,0,0,0,99669,0,0,0,0,0,0,0,0,0,0,325,0,0,0,0,0,0
78,2270,79.10795046971904,99994,9,7,2,0,232,116,0.0034802088125287516,11,5,49782,49892,194,94,0,0,0,0,0,0,99664,0,0,0,0,0,0,0,0,0,0,330,0,0,0,0,0,0
79,2270,80.22959088723151,99994,10,8,2,0,234,117,0.0035102106126367583,10,5,49781,49891,195,94,0,0,0,0,0,0,99663,0,0,0,0,0,0,0,0,0,0,331,0,0,0,0,0,0
80,2270,81.2375338919435,99994,12,10,2,0,238,120,0.003580214812888773,8,4,49779,49889,197,95,0,0,0,0,0,0,99660,0,0,0,0,0,0,0,0,0,0,334,0,0,0,0,0,0
81,2270,82.05165396407067,99994,10,9,2,0,239,120,0.0035902154129247754,8,4,49779,49889,199,96,0,0,0,0,0,0,99656,0,0,0,0,0,0,0,0,0,0,338,0,0,0,0,0,0
82,2270,83.16137147738151,99994,11,7,2,0,241,121,0.003620217213032782,7,3,49778,49890,200,98,0,0,0,0,0,0,99652,0,0,0,0,0,0,0,0,0,0,342,0,0,0,0,0,0
83,2270,84.07747815613642,99994,13,6,2,0,243,121,0.0036402184131047862,7,5,49776,49888,200,99,0,0,0,0,0,0,99651,0,0,0,0,0,0,0,0,0,0,343,0,0,0,0,0,0
84,2270,85.04770223555734,99994,15,5,2,0,245,121,0.0036602196131767907,6,5,49775,49888,200,100,0,0,0,0,0,0,99650,0,0,0,0,0,0,0,0,0,0,344,0,0,0,0,0,0
85,2270,86.00369090375685,99994,14,4,2,0,246,122,0.003680220813248795,10,4,49770,49888,202,102,0,0,0,0,0,0,99646,0,0,0,0,0,0,0,0,0,0,348,0,0,0,0,0,0
86,2270,87.0043451652751,99994,13,5,2,0,247,123,0.0037002220133207993,13,4,49768,49888,202,101,0,0,0,0,0,0,99644,0,0,0,0,0,0,0,0,0,0,350,0,0,0,0,0,0
87,2270,88.04288360667317,99994,11,8,2,0,248,126,0.003740224413464808,16,1,49764,49889,205,100,0,0,0,0,0,0,99641,0,0,0,0,0,0,0,0,0,0,353,0,0,0,0,0,0
88,2270,89.12634603165803,99994,12,8,2,0,250,126,0.0037602256135368124,16,2,49762,49889,206,99,0,0,0,0,0,0,99640,0,0,0,0,0,0,0,0,0,0,354,0,0,0,0,0,0
89,2270,90.01301918201783,99994,17,9,2,0,257,128,0.0038502310138608317,11,1,49761,49889,207,99,0,0,0,0,0,0,99637,0,0,0,0,0,0,0,0,0,0,357,0,0,0,0,0,0
90,2270,91.29849654000914,99994,17,10,2,0,259,129,0.003880232813968838,14,1,49757,49888,208,99,0,0,0,0,0,0,99635,0,0,0,0,0,0,0,0,0,0,359,0,0,0,0,0,0
91,2270,92.00587226216547,99994,17,8,2,0,261,129,0.0039002340140408425,12,2,49758,49887,209,101,0,0,0,0,0,0,99631,0,0,0,0,0,0,0,0,0,0,363,0,0,0,0,0,0
92,2270,93.05183542194177,99994,19,7,2,0,266,130,0.003960237614256856,11,3,49754,49885,212,103,0,0,0,0,0,0,99626,0,0,0,0,0,0,0,0,0,0,368,0,0,0,0,0,0
93,2270,94.07674099890171,99994,23,5,2,0,271,130,0.004010240614436866,7,3,49754,49885,212,105,0,0,0,0,0,0,99623,0,0,0,0,0,0,0,0,0,0,371,0,0,0,0,0,0
94,2270,95.01301025707528,99994,22,4,2,0,274,130,0.004040242414544873,6,3,49755,49886,213,105,0,0,0,0,0,0,99618,0,0,0,0,0,0,0,0,0,0,376,0,0,0,0,0,0
95,2270,96.15542544995145,99994,20,3,2,0,274,131,0.004050243014580875,6,4,49755,49884,215,107,0,0,0,0,0,0,99614,0,0,0,0,0,0,0,0,0,0,380,0,0,0,0,0,0
96,2270,97.00950464837048,99994,15,2,2,0,274,132,0.004060243614616877,8,3,49754,49884,219,109,0,0,0,0,0,0,99607,0,0,0,0,0,0,0,0,0,0,387,0,0,0,0,0,0
97,2270,98.14206168105625,99994,17,2,2,0,279,132,0.004110246614796888,5,3,49752,49884,222,109,0,0,0,0,0,0,99604,0,0,0,0,0,0,0,0,0,0,390,0,0,0,0,0,0
98,2270,99.08973174934805,99994,18,3,2,0,284,134,0.004180250815048903,3,1,49750,49884,225,110,0,0,0,0,0,0,99599,0,0,0,0,0,0,0,0,0,0,395,0,0,0,0,0,0
99,2270,100.00166512722411,99994,18,4,2,0,286,135,0.004210252615156909,8,0,49743,49884,227,110,0,0,0,0,0,0,99597,0,0,0,0,0,0,0,0,0,0,397,0,0,0,0,0,0
100,2270,101.16076475104069,99994,19,4,2,0,289,135,0.004240254415264916,10,3,49740,49881,227,110,0,0,0,0,0,0,99595,0,0,0,0,0,0,0,0,0,0,399,0,0,0,0,0,0
101,2270,102.04621465932557,99994,17,4,2,0,291,135,0.00426025561533692,10,5,49738,49880,231,109,0,0,0,0,0,0,99591,0,0,0,0,0,0,0,0,0,0,403,0,0,0,0,0,0
102,2270,103.14478139681619,99994,16,5,2,0,293,136,0.004290257415444926,11,5,49737,49879,232,109,0,0,0,0,0,0,99588,0,0,0,0,0,0,0,0,0,0,406,0,0,0,0,0,0
103,2270,104.06985403013968,99994,20,6,2,0,298,138,0.004360261615696942,10,5,49735,49878,231,109,0,0,0,0,0,0,99586,0,0,0,0,0,0,0,0,0,0,408,0,0,0,0,0,0
104,2270,105.02099204791458,99994,18,5,2,0,298,139,0.004370262215732944,10,4,49736,49879,232,110,0,0,0,0,0,0,99582,0,0,0,0,0,0,0,0,0,0,412,0,0,0,0,0,0
105,2270,106.24295154527636,99994,17,7,2,0,298,141,0.004390263415804948,11,3,49736,49879,232,109,0,0,0,0,0,0,99581,0,0,0,0,0,0,0,0,0,0,413,0,0,0,0,0,0
106,2270,107.139060658969,99994,17,6,2,0,299,142,0.004410264615876952,14,3,49732,49878,233,111,0,0,0,0,0,0,99578,0,0,0,0,0,0,0,0,0,0,416,0,0,0,0,0,0
107,2270,108.2462569270943,99994,19,6,2,0,303,143,0.004460267616056964,13,3,49732,49877,232,112,0,0,0,0,0,0,99575,0,0,0,0,0,0,0,0,0,0,419,0,0,0,0,0,0
108,2270,109.23926272609005,99994,17,7,2,0,305,144,0.0044902694161649695,15,5,49729,49874,235,112,0,0,0,0,0,0,99571,0,0,0,0,0,0,0,0,0,0,423,0,0,0,0,0,0
109,2270,110.13204649950846,99994,16,8,2,0,307,146,0.0045302718163089785,14,6,49728,49871,238,113,0,0,0,0,0,0,99567,0,0,0,0,0,0,0,0,0,0,427,0,0,0,0,0,0
110,2270,111.0341837202575,99994,18,10,2,0,314,148,0.004620277216632998,10,5,49726,49871,242,112,0,0,0,0,0,0,99562,0,0,0,0,0,0,0,0,0,0,432,0,0,0,0,0,0
111,2270,112.21674667737808,99994,21,12,2,0,318,151,0.004690281416885013,12,6,49721,49867,242,113,0,0,0,0,0,0,99560,0,0,0,0,0,0,0,0,0,0,434,0,0,0,0,0,0
112,2270,113.20344767567681,99994,17,11,2,0,318,153,0.004710282616957017,15,4,49719,49868,245,115,0,0,0,0,0,0,99553,0,0,0,0,0,0,0,0,0,0,441,0,0,0,0,0,0
113,2270,114.0351253597096,99994,19,11,2,0,323,154,0.004770286217173031,12,4,49718,49867,247,116,0,0,0,0,0,0,99549,0,0,0,0,0,0,0,0,0,0,445,0,0,0,0,0,0
114,2270,115.10793534366422,99994,21,12,2,0,326,157,0.004830289817389043,15,2,49713,49866,247,118,0,0,0,0,0,0,99546,0,0,0,0,0,0,0,0,0,0,448,0,0,0,0,0,0
115,2270,116.02163055329403,99994,21,9,2,0,329,157,0.00486029161749705,14,3,49711,49865,250,121,0,0,0,0,0,0,99540,0,0,0,0,0,0,0,0,0,0,454,0,0,0,0,0,0
116,2270,117.01762416265402,99994,22,9,2,0,333,158,0.0049102946176770605,15,5,49706,49862,253,122,0,0,0,0,0,0,99536,0,0,0,0,0,0,0,0,0,0,458,0,0,0,0,0,0
117,2270,118.06773472916286,99994,22,10,2,0,336,160,0.004960297617857072,18,5,49700,49861,256,122,0,0,0,0,0,0,99532,0,0,0,0,0,0,0,0,0,0,462,0,0,0,0,0,0
118,2270,119.1203510501225,99994,24,10,2,0,340,161,0.005010300618037082,17,4,49698,49861,257,123,0,0,0,0,0,0,99529,0,0,0,0,0,0,0,0,0,0,465,0,0,0,0,0,0
119,2270,120.033142025357,99994,19,9,2,0,340,161,0.005010300618037082,21,4,49694,49863,262,122,0,0,0,0,0,0,99523,0,0,0,0,0,0,0,0,0,0,471,0,0,0,0,0,0
120,2270,121.15746342954701,99994,24,7,2,0,346,162,0.005080304818289097,18,5,49691,49862,263,124,0,0,0,0,0,0,99519,0,0,0,0,0,0,0,0,0,0,475,0,0,0,0,0,0
121,2270,122.09546121179271,99994,21,8,2,0,348,164,0.005120307218433106,18,4,49689,49861,268,125,0,0,0,0,0,0,99513,0,0,0,0,0,0,0,0,0,0,481,0,0,0,0,0,0
122,2270,123.1669217001309,99994,25,7,2,0,356,165,0.005210312618757125,12,3,49689,49861,270,127,0,0,0,0,0,0,99507,0,0,0,0,0,0,0,0,0,0,487,0,0,0,0,0,0
123,2270,124.15894991847789,99994,21,7,2,0,357,166,0.00523031381882913,15,5,49686,49858,274,128,0,0,0,0,0,0,99501,0,0,0,0,0,0,0,0,0,0,493,0,0,0,0,0,0
124,2270,125.06877670706056,99994,24,7,2,0,363,167,0.005300318019081145,12,6,49683,49856,277,129,0,0,0,0,0,0,99497,0,0,0,0,0,0,0,0,0,0,497,0,0,0,0,0,0
125,2270,126.16557893060343,99994,23,7,2,0,367,169,0.005360321619297158,11,6,49680,49854,282,131,0,0,0,0,0,0,99490,0,0,0,0,0,0,0,0,0,0,504,0,0,0,0,0,0
126,2270,127.00509058897534,99994,26,6,2,0,372,169,0.0054103246194771686,7,6,49680,49855,283,131,0,0,0,0,0,0,99487,0,0,0,0,0,0,0,0,0,0,507,0,0,0,0,0,0
127,2270,128.0666283552807,99994,19,6,2,0,373,171,0.005440326419585175,7,8,49679,49853,291,131,0,0,0,0,0,0,99477,0,0,0,0,0,0,0,0,0,0,517,0,0,0,0,0,0
128,2270,129.00708153876235,99994,19,8,2,0,376,173,0.005490329419765186,5,8,49678,49851,294,131,0,0,0,0,0,0,99474,0,0,0,0,0,0,0,0,0,0,520,0,0,0,0,0,0
129,2270,130.04578837905188,99994,22,10,2,0,380,176,0.005560333620017201,5,6,49674,49852,295,130,0,0,0,0,0,0,99472,0,0,0,0,0,0,0,0,0,0,522,0,0,0,0,0,0
130,2270,131.0331890657176,99994,21,11,2,0,382,179,0.005610336620197212,8,5,49670,49851,297,131,0,0,0,0,0,0,99467,0,0,0,0,0,0,0,0,0,0,527,0,0,0,0,0,0
131,2270,132.07931455164893,99994,18,13,2,0,384,182,0.005660339620377223,10,5,49667,49848,301,132,0,0,0,0,0,0,99461,0,0,0,0,0,0,0,0,0,0,533,0,0,0,0,0,0
132,2270,133.0162417499548,99994,18,10,2,0,390,183,0.005730343820629238,6,5,49665,49847,307,136,0,0,0,0,0,0,99451,0,0,0,0,0,0,0,0,0,0,543,0,0,0,0,0,0
133,2270,134.04475316253198,99994,18,10,2,0,393,185,0.005780346820809248,7,3,49663,49847,308,138,0,0,0,0,0,0,99446,0,0,0,0,0,0,0,0,0,0,548,0,0,0,0,0,0
134,2270,135.12524298386222,99994,18,8,2,0,395,185,0.005800348020881253,8,7,49661,49843,309,140,0,0,0,0,0,0,99442,0,0,0,0,0,0,0,0,0,0,552,0,0,0,0,0,0
135,2270,136.32780489111042,99994,17,11,2,0,395,189,0.005840350421025262,9,3,49660,49843,310,141,0,0,0,0,0,0,99440,0,0,0,0,0,0,0,0,0,0,554,0,0,0,0,0,0
136,2270,137.1364464607277,99994,15,12,2,0,395,191,0.005860351621097266,11,2,49659,49842,311,142,0,0,0,0,0,0,99437,0,0,0,0,0,0,0,0,0,0,557,0,0,0,0,0,0
137,2270,138.05629448454306,99994,17,12,2,0,398,192,0.005900354021241274,9,5,49659,49838,311,143,0,0,0,0,0,0,99435,0,0,0,0,0,0,0,0,0,0,559,0,0,0,0,0,0
138,2270,139.27584415645347,99994,13,10,2,0,398,193,0.005910354621277277,11,9,49659,49833,313,146,0,0,0,0,0,0,99428,0,0,0,0,0,0,0,0,0,0,566,0,0,0,0,0,0
139,2270,140.17232355492004,99994,14,9,2,0,402,196,0.0059803588215292915,7,7,49659,49832,316,150,0,0,0,0,0,0,99421,0,0,0,0,0,0,0,0,0,0,573,0,0,0,0,0,0
140,2270,141.02319882816144,99994,16,11,2,0,404,199,0.006030361821709303,7,6,49658,49830,315,151,0,0,0,0,0,0,99420,0,0,0,0,0,0,0,0,0,0,574,0,0,0,0,0,0
141,2270,142.05435765965456,99994,20,12,2,0,408,200,0.006080364821889313,6,5,49655,49831,315,150,0,0,0,0,0,0,99420,0,0,0,0,0,0,0,0,0,0,574,0,0,0,0,0,0
142,2270,143.11791886401954,99994,17,12,2,0,410,202,0.006120367222033322,7,6,49656,49832,316,148,0,0,0,0,0,0,99413,0,0,0,0,0,0,0,0,0,0,581,0,0,0,0,0,0
143,2270,144.14696502666197,99994,16,13,2,0,410,204,0.006140368422105327,13,6,49650,49831,317,148,0,0,0,0,0,0,99411,0,0,0,0,0,0,0,0,0,0,583,0,0,0,0,0,0
144,2270,145.13969275767735,99994,15,13,2,0,412,204,0.00616036962217733,11,10,49650,49827,320,148,0,0,0,0,0,0,99408,0,0,0,0,0,0,0,0,0,0,586,0,0,0,0,0,0
145,2270,146.04804582838295,99994,15,12,2,0,413,207,0.006200372022321339,13,7,49649,49829,319,150,0,0,0,0,0,0,99403,0,0,0,0,0,0,0,0,0,0,591,0,0,0,0,0,0
146,2270,147.15564628553517,99994,13,14,2,0,414,210,0.006240374422465348,14,7,49649,49826,320,151,0,0,0,0,0,0,99399,0,0,0,0,0,0,0,0,0,0,595,0,0,0,0,0,0
147,2270,148.01272514510006,99994,13,11,2,0,418,211,0.006290377422645359,15,6,49645,49826,323,155,0,0,0,0,0,0,99391,0,0,0,0,0,0,0,0,0,0,603,0,0,0,0,0,0
148,2270,149.12545426140602,99994,13,13,2,0,422,217,0.00639038342300538,12,4,49645,49822,326,159,0,0,0,0,0,0,99383,0,0,0,0,0,0,0,0,0,0,611,0,0,0,0,0,0
149,2270,150.13051775499792,99994,13,11,2,0,425,219,0.0064403864231853914,14,2,49644,49822,325,163,0,0,0,0,0,0,99376,0,0,0,0,0,0,0,0,0,0,618,0,0,0,0,0,0
150,2270,151.07325038437426,99994,14,9,2,0,426,219,0.006450387023221394,14,3,49644,49822,324,164,0,0,0,0,0,0,99374,0,0,0,0,0,0,0,0,0,0,620,0,0,0,0,0,0
151,2270,152.0484548242017,99994,15,10,2,0,429,220,0.006490389423365402,12,3,49644,49821,325,164,0,0,0,0,0,0,99372,0,0,0,0,0,0,0,0,0,0,622,0,0,0,0,0,0
152,2270,153.04551342740558,99994,17,11,2,0,432,222,0.006540392423545413,9,8,49646,49815,324,164,0,0,0,0,0,0,99370,0,0,0,0,0,0,0,0,0,0,624,0,0,0,0,0,0
153,2270,154.11262045825126,99994,15,8,2,0,432,223,0.006550393023581415,10,7,49645,49816,326,167,0,0,0,0,0,0,99364,0,0,0,0,0,0,0,0,0,0,630,0,0,0,0,0,0
154,2270,155.0713982169643,99994,13,9,2,0,433,225,0.006580394823689421,10,6,49645,49815,328,168,0,0,0,0,0,0,99360,0,0,0,0,0,0,0,0,0,0,634,0,0,0,0,0,0
155,2270,156.01540556214297,99994,13,10,2,0,435,227,0.00662039722383343,9,5,49646,49814,328,169,0,0,0,0,0,0,99357,0,0,0,0,0,0,0,0,0,0,637,0,0,0,0,0,0
156,2270,157.0750006912718,99994,12,12,2,0,436,229,0.006650399023941436,10,5,49644,49812,330,169,0,0,0,0,0,0,99355,0,0,0,0,0,0,0,0,0,0,639,0,0,0,0,0,0
157,2270,158.2651949497463,99994,9,9,2,0,437,231,0.006680400824049443,12,4,49643,49814,332,171,0,0,0,0,0,0,99346,0,0,0,0,0,0,0,0,0,0,648,0,0,0,0,0,0
158,2270,159.111583564093,99994,10,9,2,0,438,232,0.006700402024121447,12,4,49644,49813,330,172,0,0,0,0,0,0,99345,0,0,0,0,0,0,0,0,0,0,649,0,0,0,0,0,0
159,2270,160.15322553309662,99994,10,9,2,0,441,234,0.006750405024301458,9,2,49645,49816,332,171,0,0,0,0,0,0,99340,0,0,0,0,0,0,0,0,0,0,654,0,0,0,0,0,0
160,2270,161.0231146553422,99994,8,10,2,0,441,237,0.006780406824409464,12,0,49642,49815,334,173,0,0,0,0,0,0,99336,0,0,0,0,0,0,0,0,0,0,658,0,0,0,0,0,0
161,2270,162.13801603222342,99994,6,6,2,0,443,237,0.006800408024481469,11,1,49641,49815,338,176,0,0,0,0,0,0,99328,0,0,0,0,0,0,0,0,0,0,666,0,0,0,0,0,0
162,2270,163.05142592064198,99994,5,3,2,0,444,237,0.006810408624517471,10,2,49643,49814,338,179,0,0,0,0,0,0,99323,0,0,0,0,0,0,0,0,0,0,671,0,0,0,0,0,0
163,2270,164.1686303656405,99994,10,3,2,0,449,237,0.0068604116246974815,6,3,49643,49814,337,178,0,0,0,0,0,0,99323,0,0,0,0,0,0,0,0,0,0,671,0,0,0,0,0,0
164,2270,165.16813159496417,99994,9,4,2,0,449,238,0.006870412224733484,7,2,49642,49815,338,177,0,0,0,0,0,0,99322,0,0,0,0,0,0,0,0,0,0,672,0,0,0,0,0,0
165,2270,166.16317826477882,99994,9,5,2,0,449,239,0.006880412824769486,9,2,49640,49814,338,177,0,0,0,0,0,0,99322,0,0,0,0,0,0,0,0,0,0,672,0,0,0,0,0,0
166,2270,167.1409886794719,99994,10,6,2,0,450,240,0.0069004140248414905,11,1,49639,49815,336,176,0,0,0,0,0,0,99322,0,0,0,0,0,0,0,0,0,0,672,0,0,0,0,0,0
167,2270,168.09220479989978,99994,9,6,2,0,452,240,0.006920415224913495,9,1,49641,49815,337,176,0,0,0,0,0,0,99319,0,0,0,0,0,0,0,0,0,0,675,0,0,0,0,0,0
168,2270,169.07205740646825,99994,7,6,2,0,453,241,0.0069404164249854995,9,0,49644,49816,336,176,0,0,0,0,0,0,99315,0,0,0,0,0,0,0,0,0,0,679,0,0,0,0,0,0
169,2270,170.0209858903006,99994,8,5,2,0,456,241,0.006970418225093505,6,1,49645,49815,337,177,0,0,0,0,0,0,99312,0,0,0,0,0,0,0,0,0,0,682,0,0,0,0,0,0
170,2270,171.22495607035458,99994,7,4,2,0,458,242,0.007000420025201512,7,2,49643,49814,339,178,0,0,0,0,0,0,99307,0,0,0,0,0,0,0,0,0,0,687,0,0,0,0,0,0
171,2270,172.25183826829752,99994,7,4,2,0,460,243,0.007030421825309519,6,2,49644,49813,339,179,0,0,0,0,0,0,99304,0,0,0,0,0,0,0,0,0,0,690,0,0,0,0,0,0
172,2270,173.28467791510016,99994,8,3,2,0,461,243,0.007040422425345521,6,2,49644,49815,338,178,0,0,0,0,0,0,99303,0,0,0,0,0,0,0,0,0,0,691,0,0,0,0,0,0
173,2270,174.27545708556733,99994,7,4,2,0,461,244,0.0070504230253815225,6,3,49644,49813,339,178,0,0,0,0,0,0,99302,0,0,0,0,0,0,0,0,0,0,692,0,0,0,0,0,0
174,2270,175.20249572712567,99994,8,5,2,0,462,245,0.007070424225453527,6,2,49643,49813,339,178,0,0,0,0,0,0,99302,0,0,0,0,0,0,0,0,0,0,692,0,0,0,0,0,0
175,2270,176.22176392904257,99994,7,4,2,0,462,246,0.007080424825489529,6,2,49644,49812,339,180,0,0,0,0,0,0,99299,0,0,0,0,0,0,0,0,0,0,695,0,0,0,0,0,0
176,2270,177.2719033528048,99994,10,4,2,0,465,247,0.007120427225633538,5,2,49643,49811,338,181,0,0,0,0,0,0,99298,0,0,0,0,0,0,0,0,0,0,696,0,0,0,0,0,0
177,2270,178.1485353307615,99994,10,4,2,0,465,248,0.0071304278256695405,9,1,49641,49811,336,182,0,0,0,0,0,0,99297,0,0,0,0,0,0,0,0,0,0,697,0,0,0,0,0,0
178,2270,179.08826800038008,99994,9,4,2,0,466,249,0.007150429025741544,9,1,49643,49810,335,183,0,0,0,0,0,0,99294,0,0,0,0,0,0,0,0,0,0,700,0,0,0,0,0,0
179,2270,180.01320878795585,99994,9,4,2,0,467,249,0.007160429625777546,12,2,49639,49810,336,182,0,0,0,0,0,0,99293,0,0,0,0,0,0,0,0,0,0,701,0,0,0,0,0,0
180,2270,181.0217259412252,99994,9,3,2,0,469,249,0.007180430825849551,14,2,49636,49810,337,183,0,0,0,0,0,0,99290,0,0,0,0,0,0,0,0,0,0,704,0,0,0,0,0,0
181,2270,182.04804107823634,99994,13,4,2,0,473,250,0.007230433826029562,11,1,49637,49811,335,182,0,0,0,0,0,0,99290,0,0,0,0,0,0,0,0,0,0,704,0,0,0,0,0,0
182,2270,183.09558480394395,99994,12,4,2,0,474,250,0.007240434426065564,10,3,49638,49810,336,181,0,0,0,0,0,0,99288,0,0,0,0,0,0,0,0,0,0,706,0,0,0,0,0,0
183,2270,184.30064304188434,99994,13,5,2,0,477,251,0.0072804368262095725,7,3,49640,49809,336,181,0,0,0,0,0,0,99286,0,0,0,0,0,0,0,0,0,0,708,0,0,0,0,0,0
184,2270,185.00062885766272,99994,14,6,2,0,480,252,0.0073204392263535815,6,4,49639,49807,337,181,0,0,0,0,0,0,99284,0,0,0,0,0,0,0,0,0,0,710,0,0,0,0,0,0
185,2270,186.19060958126317,99994,13,6,2,0,481,253,0.007340440426425585,7,3,49639,49808,337,181,0,0,0,0,0,0,99281,0,0,0,0,0,0,0,0,0,0,713,0,0,0,0,0,0
186,2270,187.01257329338236,99994,13,7,2,0,482,254,0.00736044162649759,11,2,49635,49808,337,181,0,0,0,0,0,0,99280,0,0,0,0,0,0,0,0,0,0,714,0,0,0,0,0,0
187,2270,188.14373134807934,99994,14,7,2,0,485,255,0.007400444026641599,9,2,49634,49808,339,181,0,0,0,0,0,0,99277,0,0,0,0,0,0,0,0,0,0,717,0,0,0,0,0,0
188,2270,189.28354046764667,99994,16,8,2,0,487,256,0.007430445826749605,9,3,49634,49806,337,181,0,0,0,0,0,0,99277,0,0,0,0,0,0,0,0,0,0,717,0,0,0,0,0,0
189,2270,190.11816522034255,99994,15,8,2,0,489,256,0.007450447026821609,7,3,49635,49806,339,181,0,0,0,0,0,0,99274,0,0,0,0,0,0,0,0,0,0,720,0,0,0,0,0,0
190,2270,191.01253767791232,99994,14,9,2,0,492,257,0.007490449426965618,6,4,49635,49804,341,181,0,0,0,0,0,0,99270,0,0,0,0,0,0,0,0,0,0,724,0,0,0,0,0,0
191,2270,192.11490186300165,99994,14,7,2,0,494,258,0.007520451227073625,7,3,49635,49804,340,184,0,0,0,0,0,0,99265,0,0,0,0,0,0,0,0,0,0,729,0,0,0,0,0,0
192,2270,193.1513290489986,99994,14,6,2,0,495,258,0.007530451827109627,8,3,49633,49806,341,183,0,0,0,0,0,0,99263,0,0,0,0,0,0,0,0,0,0,731,0,0,0,0,0,0
193,2270,194.1419320768231,99994,12,5,2,0,497,258,0.007550453027181631,8,5,49631,49804,345,184,0,0,0,0,0,0,99258,0,0,0,0,0,0,0,0,0,0,736,0,0,0,0,0,0
194,2270,195.12653987638816,99994,15,7,2,0,501,260,0.007610456627397644,5,3,49631,49804,345,184,0,0,0,0,0,0,99257,0,0,0,0,0,0,0,0,0,0,737,0,0,0,0,0,0
195,2270,196.06084976534214,99994,12,7,2,0,502,261,0.007630457827469649,7,2,49629,49804,348,185,0,0,0,0,0,0,99252,0,0,0,0,0,0,0,0,0,0,742,0,0,0,0,0,0
196,2270,197.23766326680297,99994,10,6,2,0,503,261,0.00764045842750565,9,4,49628,49803,349,185,0,0,0,0,0,0,99248,0,0,0,0,0,0,0,0,0,0,746,0,0,0,0,0,0
197,2270,198.115125091107,99994,12,5,2,0,505,261,0.0076604596275776544,7,5,49630,49802,347,186,0,0,0,0,0,0,99247,0,0,0,0,0,0,0,0,0,0,747,0,0,0,0,0,0
198,2270,199.12209939191055,99994,11,5,2,0,506,262,0.007680460827649659,7,5,49630,49801,348,187,0,0,0,0,0,0,99244,0,0,0,0,0,0,0,0,0,0,750,0,0,0,0,0,0
199,2270,200.17270789149538,99994,12,3,2,0,507,263,0.0077004620277216634,7,4,49630,49801,347,190,0,0,0,0,0,0,99241,0,0,0,0,0,0,0,0,0,0,753,0,0,0,0,0,0
200,2270,201.23717396080679,99994,13,4,2,0,511,265,0.007760465627937676,7,3,49627,49801,349,190,0,0,0,0,0,0,99237,0,0,0,0,0,0,0,0,0,0,757,0,0,0,0,0,0
201,2270,202.0279123658472,99994,9,3,2,0,512,265,0.007770466227973678,6,3,49627,49802,354,190,0,0,0,0,0,0,99231,0,0,0,0,0,0,0,0,0,0,763,0,0,0,0,0,0
202,2270,203.07239023637206,99994,10,3,2,0,514,266,0.007800468028081685,5,2,49628,49802,353,191,0,0,0,0,0,0,99229,0,0,0,0,0,0,0,0,0,0,765,0,0,0,0,0,0
203,2270,204.27110760288147,99994,7,3,2,0,514,266,0.007800468028081685,9,4,49624,49800,356,191,0,0,0,0,0,0,99226,0,0,0,0,0,0,0,0,0,0,768,0,0,0,0,0,0
204,2270,205.03449456756832,99994,8,1,2,0,516,266,0.007820469228153689,8,4,49623,49801,357,192,0,0,0,0,0,0,99223,0,0,0,0,0,0,0,0,0,0,771,0,0,0,0,0,0
205,2270,206.2280489618928,99994,9,1,2,0,518,266,0.007840470428225693,6,4,49628,49802,353,191,0,0,0,0,0,0,99222,0,0,0,0,0,0,0,0,0,0,772,0,0,0,0,0,0
206,2270,207.0620844683599,99994,10,1,2,0,520,266,0.007860471628297698,5,5,49629,49801,352,191,0,0,0,0,0,0,99221,0,0,0,0,0,0,0,0,0,0,773,0,0,0,0,0,0
207,2270,208.1053740016135,99994,10,2,2,0,521,267,0.007880472828369702,6,4,49627,49803,353,189,0,0,0,0,0,0,99220,0,0,0,0,0,0,0,0,0,0,774,0,0,0,0,0,0
208,2270,209.22492136631618,99994,13,3,2,0,525,268,0.007930475828549713,5,3,49624,49805,354,187,0,0,0,0,0,0,99219,0,0,0,0,0,0,0,0,0,0,775,0,0,0,0,0,0
209,2270,210.22030194641727,99994,12,3,2,0,525,268,0.007930475828549713,8,4,49621,49804,355,187,0,0,0,0,0,0,99218,0,0,0,0,0,0,0,0,0,0,776,0,0,0,0,0,0
210,2270,211.14272230090629,99994,13,5,2,0,527,270,0.007970478228693722,7,3,49622,49803,354,187,0,0,0,0,0,0,99217,0,0,0,0,0,0,0,0,0,0,777,0,0,0,0,0,0
211,2270,212.03642336228384,99994,12,6,2,0,528,271,0.007990479428765726,6,2,49624,49803,354,187,0,0,0,0,0,0,99215,0,0,0,0,0,0,0,0,0,0,779,0,0,0,0,0,0
212,2270,213.22113891620313,99994,15,7,2,0,532,272,0.008040482428945736,4,3,49622,49802,355,186,0,0,0,0,0,0,99214,0,0,0,0,0,0,0,0,0,0,780,0,0,0,0,0,0
213,2270,214.21379200587845,99994,16,7,2,0,534,274,0.008080484829089745,4,2,49622,49801,354,188,0,0,0,0,0,0,99211,0,0,0,0,0,0,0,0,0,0,783,0,0,0,0,0,0
214,2270,215.1634158312748,99994,15,6,2,0,536,275,0.008110486629197751,3,3,49624,49800,354,189,0,0,0,0,0,0,99206,0,0,0,0,0,0,0,0,0,0,788,0,0,0,0,0,0
215,2270,216.08094192093282,99994,15,6,2,0,538,276,0.008140488429305759,2,4,49623,49799,356,189,0,0,0,0,0,0,99203,0,0,0,0,0,0,0,0,0,0,791,0,0,0,0,0,0
216,2270,217.07087951342626,99994,15,6,2,0,540,276,0.008160489629377763,2,5,49622,49799,357,188,0,0,0,0,0,0,99201,0,0,0,0,0,0,0,0,0,0,793,0,0,0,0,0,0
217,2270,218.13043932017067,99994,15,7,2,0,541,278,0.00819049142948577,6,6,49619,49796,356,189,0,0,0,0,0,0,99199,0,0,0,0,0,0,0,0,0,0,795,0,0,0,0,0,0
218,2270,219.02953119617356,99994,17,11,2,0,545,283,0.008280496829809789,3,2,49619,49795,357,190,0,0,0,0,0,0,99196,0,0,0,0,0,0,0,0,0,0,798,0,0,0,0,0,0
219,2270,220.2145221353681,99994,17,11,2,0,545,284,0.00829049742984579,8,1,49618,49795,353,191,0,0,0,0,0,0,99195,0,0,0,0,0,0,0,0,0,0,799,0,0,0,0,0,0
220,2270,221.150034705704,99994,18,10,2,0,546,284,0.008300498029881793,9,3,49617,49794,352,191,0,0,0,0,0,0,99194,0,0,0,0,0,0,0,0,0,0,800,0,0,0,0,0,0
221,2270,222.29344585822088,99994,17,9,2,0,548,285,0.008330499829989799,8,7,49618,49789,353,193,0,0,0,0,0,0,99189,0,0,0,0,0,0,0,0,0,0,805,0,0,0,0,0,0
222,2270,223.18207232394352,99994,17,8,2,0,549,285,0.008340500430025802,10,12,49615,49784,354,194,0,0,0,0,0,0,99187,0,0,0,0,0,0,0,0,0,0,807,0,0,0,0,0,0
223,2270,224.05533710866402,99994,19,10,2,0,552,289,0.008410504630277817,8,9,49615,49783,354,196,0,0,0,0,0,0,99184,0,0,0,0,0,0,0,0,0,0,810,0,0,0,0,0,0
224,2270,225.3174855335825,99994,19,13,2,0,554,294,0.008480508830529832,10,6,49615,49781,352,198,0,0,0,0,0,0,99180,0,0,0,0,0,0,0,0,0,0,814,0,0,0,0,0,0
225,2270,226.25988125918855,99994,19,13,2,0,558,294,0.00852051123067384,9,6,49614,49781,354,198,0,0,0,0,0,0,99176,0,0,0,0,0,0,0,0,0,0,818,0,0,0,0,0,0
226,2270,227.22842398434128,99994,18,14,2,0,559,295,0.008540512430745845,9,6,49614,49780,355,198,0,0,0,0,0,0,99174,0,0,0,0,0,0,0,0,0,0,820,0,0,0,0,0,0
227,2270,228.2365552474716,99994,16,14,2,0,560,296,0.00856051363081785,11,6,49612,49780,357,198,0,0,0,0,0,0,99171,0,0,1,0,0,0,0,0,0,0,822,0,0,0,0,0,0
228,2270,229.16211613902036,99994,16,13,2,0,561,298,0.008590515430925856,15,7,49609,49778,356,200,0,0,0,0,0,0,99167,0,0,1,0,0,0,0,0,0,0,826,0,0,0,0,0,0
229,2270,230.1527732069139,99994,18,14,2,0,564,300,0.008640518431105866,15,6,49606,49779,357,199,0,0,0,0,0,0,99165,0,0,1,0,0,0,0,0,0,0,828,0,0,0,0,0,0
230,2270,231.0061972306477,99994,19,14,2,0,569,301,0.00870052203132188,15,7,49604,49778,358,199,0,0,0,0,0,0,99160,0,0,1,0,0,0,0,0,0,0,833,0,0,0,0,0,0
231,2270,232.0695959710022,99994,21,13,2,0,573,303,0.008760525631537893,17,8,49599,49776,359,201,0,0,0,0,0,0,99155,0,0,1,0,0,0,0,0,0,0,838,0,0,0,0,0,0
232,2270,233.06286043894113,99994,23,14,2,0,576,306,0.008820529231753905,17,6,49597,49777,359,201,0,0,0,0,0,0,99152,0,0,1,0,0,0,0,0,0,0,841,0,0,0,0,0,0
233,2270,234.0340097901549,99994,25,14,2,0,581,307,0.008880532831969918,13,8,49597,49774,361,202,0,0,0,0,0,0,99148,0,0,1,0,0,0,0,0,0,0,845,0,0,0,0,0,0
234,2270,235.22281747625806,99994,21,12,2,0,582,308,0.008900534032041923,15,8,49594,49775,366,203,0,0,0,0,0,0,99140,0,0,1,0,0,0,0,0,0,0,853,0,0,0,0,0,0
235,2270,236.07027779468174,99994,19,14,2,0,585,311,0.008960537632257936,19,8,49587,49772,371,204,0,0,0,0,0,0,99134,0,0,1,0,0,0,0,0,0,0,859,0,0,0,0,0,0
236,2270,237.00240377060226,99994,21,14,2,0,591,312,0.009030541832509951,23,10,49580,49769,372,205,0,0,0,0,0,0,99129,0,0,1,0,0,0,0,0,0,0,864,0,0,0,0,0,0
237,2270,238.0569970709537,99994,22,14,2,0,595,316,0.009110546632797967,23,8,49576,49767,375,209,0,0,0,0,0,0,99122,0,0,1,0,0,0,0,0,0,0,871,0,0,0,0,0,0
238,2270,239.06615547569643,99994,27,17,2,0,603,320,0.009230553833229994,23,7,49569,49764,377,210,0,0,0,0,0,0,99118,0,0,1,0,0,0,0,0,0,0,875,0,0,0,0,0,0
239,2270,240.1090016715002,99994,30,19,2,0,609,324,0.009330559833590015,22,6,49564,49762,380,211,0,0,0,0,0,0,99113,0,0,1,0,0,0,0,0,0,0,880,0,0,0,0,0,0
240,2270,241.26181699463362,99994,31,15,2,0,615,326,0.009410564633878033,19,8,49561,49759,385,216,0,0,0,0,0,0,99102,0,0,1,0,0,0,0,0,0,0,891,0,0,0,0,0,0
241,2270,242.0413457444676,99994,32,14,2,0,618,327,0.009450567034022042,18,9,49559,49757,387,218,0,0,0,0,0,0,99098,0,0,1,0,0,0,0,0,0,0,895,0,0,0,0,0,0
242,2270,243.0505805053079,99994,32,17,2,0,625,331,0.009560573634418064,17,9,49557,49754,390,218,0,0,0,0,0,0,99090,0,0,1,0,0,0,0,0,0,0,903,0,0,0,0,0,0
243,2270,244.05794413331063,99994,35,15,2,0,628,332,0.009600576034562073,17,10,49555,49752,389,221,0,0,0,0,0,0,99087,0,0,1,0,0,0,0,0,0,0,906,0,0,0,0,0,0
244,2270,245.0116350586054,99994,29,17,2,0,629,337,0.009660579634778087,19,9,49552,49749,396,223,0,0,0,0,0,0,99077,0,0,1,0,0,0,0,0,0,0,916,0,0,0,0,0,0
245,2270,246.05542773869513,99994,24,18,2,0,631,341,0.0097205832349941,21,6,49548,49750,403,224,0,0,0,0,0,0,99067,0,0,1,0,0,0,0,0,0,0,926,0,0,0,0,0,0
246,2270,247.03726003685188,99994,28,18,2,0,637,343,0.009800588035282116,26,7,49539,49747,403,226,0,0,0,0,0,0,99063,0,0,1,0,0,0,0,0,0,0,930,0,0,0,0,0,0
247,2270,248.01936956340535,99994,29,15,2,0,643,343,0.00986059163549813,23,9,49537,49747,407,227,0,0,0,0,0,0,99055,0,0,1,0,0,0,0,0,0,0,938,0,0,0,0,0,0
248,2270,249.0861822431773,99994,33,14,2,0,653,344,0.009970598235894154,20,10,49532,49747,411,227,0,0,0,0,0,0,99047,0,0,1,0,0,0,0,0,0,0,946,0,0,0,0,0,0
249,2270,250.06832055193848,99994,32,14,2,0,655,346,0.010010600636038163,21,9,49531,49747,412,228,0,0,0,0,0,0,99042,0,0,1,0,0,0,0,0,0,0,951,0,0,0,0,0,0
250,2270,251.00901274048118,99994,32,13,2,0,660,347,0.010070604236254175,19,9,49528,49746,417,230,0,0,0,0,0,0,99035,0,0,1,0,0,0,0,0,0,0,958,0,0,0,0,0,0
251,2270,252.16166949202628,99994,33,14,2,0,665,351,0.010160609636578194,21,7,49523,49745,419,232,0,0,0,0,0,0,99028,0,0,1,0,0,0,0,0,0,0,965,0,0,0,0,0,0
252,2270,253.05886787587383,99994,32,14,2,0,667,354,0.010210612636758206,21,6,49522,49743,421,235,0,0,0,0,0,0,99022,0,0,1,0,0,0,0,0,0,0,971,0,0,0,0,0,0
253,2270,254.01131748166537,99994,32,14,2,0,671,356,0.010270616236974218,18,7,49523,49740,423,237,0,0,0,0,0,0,99016,0,0,1,0,0,0,0,0,0,0,977,0,0,0,0,0,0
254,2270,255.00682564689353,99994,33,16,2,0,677,361,0.010380622837370242,17,5,49519,49737,427,240,0,0,0,0,0,0,99008,0,0,1,0,0,0,0,0,0,0,985,0,0,0,0,0,0
255,2270,256.0069043707373,99994,30,16,2,0,680,362,0.01042062523751425,22,6,49515,49735,429,241,0,0,0,0,0,0,99001,0,0,1,0,0,0,0,0,0,0,992,0,0,0,0,0,0
256,2270,257.3171609768794,99994,34,17,2,0,689,363,0.010520631237874273,18,8,49513,49733,431,240,0,0,0,0,0,0,98996,0,0,1,0,0,0,0,0,0,0,997,0,0,0,0,0,0
257,2270,258.17775509001,99994,36,18,2,0,692,364,0.01056063363801828,19,9,49509,49731,432,240,0,0,0,0,0,0,98995,0,0,1,0,0,0,0,0,0,0,998,0,0,0,0,0,0
258,2270,259.193534020357,99994,33,14,2,0,695,364,0.010590635438126288,22,12,49504,49728,437,244,0,0,0,0,0,0,98985,0,0,1,0,0,0,0,0,0,0,1008,0,0,0,0,0,0
259,2270,260.021620802146,99994,34,14,2,0,699,366,0.0106506390383423,21,11,49502,49728,439,245,0,0,0,0,0,0,98980,0,0,1,0,0,0,0,0,0,0,1013,0,0,0,0,0,0
260,2270,261.1500274535608,99994,34,15,2,0,705,369,0.010740644438666319,26,10,49494,49726,442,247,0,0,0,0,0,0,98972,0,0,1,0,0,0,0,0,0,0,1021,0,0,0,0,0,0
261,2270,262.03476518533967,99994,40,14,2,0,715,369,0.010840650439026342,18,11,49493,49726,445,247,0,0,0,0,0,0,98967,0,0,1,0,0,0,0,0,0,0,1026,0,0,0,0,0,0
262,2270,263.03862786441806,99994,41,16,2,0,720,371,0.010910654639278356,18,10,49492,49726,445,246,0,0,0,0,0,0,98963,0,0,1,0,0,0,0,0,0,0,1030,0,0,0,0,0,0
263,2270,264.09045084289863,99994,37,16,2,0,725,374,0.010990659439566374,21,9,49486,49725,452,248,0,0,0,0,0,0,98951,0,0,1,0,0,0,0,0,0,0,1042,0,0,0,0,0,0
264,2270,265.0641503364941,99994,37,17,2,0,731,376,0.01107066423985439,25,14,49478,49718,456,249,0,0,0,0,0,0,98944,0,0,1,0,0,0,0,0,0,0,1049,0,0,0,0,0,0
265,2270,266.10102086175107,99994,37,20,2,0,739,380,0.011190671440286418,26,13,49474,49718,459,247,0,0,0,0,0,0,98935,0,0,1,0,0,0,0,0,0,0,1058,0,0,0,0,0,0
266,2270,267.1066846058405,99994,44,24,2,0,748,385,0.011330679840790447,26,10,49466,49716,460,248,0,0,0,0,0,0,98932,0,0,1,0,0,0,0,0,0,0,1061,0,0,0,0,0,0
267,2270,268.0684285864369,99994,48,23,2,0,756,389,0.011450687041222473,22,9,49465,49714,461,252,0,0,0,0,0,0,98923,0,0,1,0,0,0,0,0,0,0,1070,0,0,0,0,0,0
268,2270,269.17330806189517,99994,40,24,2,0,761,394,0.011550693041582495,26,9,49456,49711,474,254,0,0,0,0,0,0,98906,0,0,1,0,0,0,0,0,0,0,1087,0,0,0,0,0,0
269,2270,270.0646343935468,99994,40,20,2,0,766,395,0.011610696641798509,27,9,49451,49712,478,257,0,0,0,0,0,0,98896,0,0,1,0,0,0,0,0,0,0,1097,0,0,0,0,0,0
270,2270,271.13550842860076,99994,42,20,2,0,774,397,0.01171070264215853,28,9,49442,49710,484,259,0,0,0,0,0,0,98888,0,0,1,0,0,0,0,0,0,0,1105,0,0,0,0,0,0
271,2270,272.03606188005847,99994,43,23,2,0,778,400,0.011780706842410544,28,9,49440,49707,485,259,0,0,0,0,0,0,98885,0,0,1,0,0,0,0,0,0,0,1108,0,0,0,0,0,0
272,2270,273.2297529699102,99994,52,20,2,0,792,403,0.011950717043022582,25,13,49433,49701,486,264,0,0,0,0,0,0,98874,0,0,1,0,0,0,0,0,0,0,1119,0,0,0,0,0,0
273,2270,274.2125006057948,99994,47,22,2,0,799,407,0.012060723643418605,24,11,49427,49699,498,266,0,0,0,0,0,0,98860,0,0,1,0,0,0,0,0,0,0,1133,0,0,0,0,0,0
274,2270,275.0937214789965,99994,49,25,2,0,807,411,0.01218073084385063,21,15,49424,49692,502,266,0,0,0,0,0,0,98853,0,0,1,0,0,0,0,0,0,0,1140,0,0,0,0,0,0
275,2270,276.249425354936,99994,50,25,2,0,817,413,0.012300738044282658,25,15,49414,49693,507,265,0,0,0,0,0,0,98842,0,0,1,0,0,0,0,0,0,0,1151,0,0,0,0,0,0
276,2270,277.29932698300763,99994,49,26,2,0,821,415,0.01236074164449867,26,13,49411,49693,510,266,0,0,0,0,0,0,98836,0,0,1,0,0,0,0,0,0,0,1157,0,0,0,0,0,0
277,2270,278.03553406611155,99994,46,27,2,0,823,418,0.012410744644678682,27,12,49409,49691,514,268,0,0,0,0,0,0,98829,0,0,1,0,0,0,0,0,0,0,1164,0,0,0,0,0,0
278,2270,279.1082257466384,99994,52,24,2,0,833,422,0.012550753045182711,33,13,49393,49686,518,275,0,0,0,0,0,0,98818,0,0,1,0,0,0,0,0,0,0,1175,0,0,0,0,0,0
279,2270,280.1074102009684,99994,54,20,2,0,843,423,0.012660759645578735,33,14,49385,49687,524,277,0,0,0,0,0,0,98805,0,0,1,0,0,0,0,0,0,0,1188,0,0,0,0,0,0
280,2270,281.1627499464079,99994,59,17,2,0,853,427,0.012800768046082765,36,18,49373,49681,528,282,0,0,0,0,0,0,98793,0,0,1,0,0,0,0,0,0,0,1200,0,0,0,0,0,0
281,2270,282.068564490554,99994,57,18,2,0,857,430,0.01287077224633478,34,17,49372,49681,533,282,0,0,0,0,0,0,98785,0,0,1,0,0,0,0,0,0,0,1208,0,0,0,0,0,0
282,2270,283.00533360829814,99994,59,20,2,0,865,435,0.013000780046802808,35,15,49364,49680,538,283,0,0,0,0,0,0,98776,0,0,1,0,0,0,0,0,0,0,1217,0,0,0,0,0,0
283,2270,284.2001825260015,99994,60,18,2,0,875,438,0.013130787847270836,40,13,49354,49680,542,287,0,0,0,0,0,0,98762,0,0,1,0,0,0,0,0,0,0,1231,0,0,0,0,0,0
284,2270,285.1385054272023,99994,61,19,2,0,887,441,0.01328079684781087,38,16,49347,49677,550,286,0,0,0,0,0,0,98749,0,0,1,0,0,0,0,0,0,0,1244,0,0,0,0,0,0
285,2270,286.1804140238539,99994,57,17,2,0,892,442,0.013340800448026881,35,16,49346,49677,558,288,0,0,0,0,0,0,98737,0,0,1,0,0,0,0,0,0,0,1256,0,0,0,0,0,0
286,2270,287.17767484167877,99994,56,18,2,0,899,445,0.013440806448386904,32,15,49342,49675,566,290,0,0,0,0,0,0,98727,0,0,1,0,0,0,0,0,0,0,1266,0,0,0,0,0,0
287,2270,288.00110931125766,99994,57,24,2,0,907,453,0.013600816048962938,35,11,49334,49672,570,291,0,0,0,0,0,0,98719,0,0,2,0,0,0,0,0,0,0,1273,0,0,0,0,0,0
288,2270,289.23568610422365,99993,55,26,3,0,914,459,0.01373096116728171,36,7,49328,49670,576,295,0,0,0,0,0,0,98706,0,0,2,0,0,0,0,0,0,0,1285,0,0,0,0,0,0
289,2270,290.08260008735033,99993,57,24,3,0,924,459,0.013830968167771743,37,8,49320,49671,581,295,0,0,0,0,0,0,98696,0,0,2,0,0,0,0,0,0,0,1295,0,0,0,0,0,0
290,2270,291.14051706466097,99993,60,23,3,0,933,463,0.01396097726840879,40,12,49309,49664,586,299,0,0,0,0,0,0,98685,0,0,2,0,0,0,0,0,0,0,1306,0,0,0,0,0,0
291,2270,292.09205958703717,99993,55,20,3,0,942,466,0.01408098566899683,39,12,49303,49662,598,304,0,0,0,0,0,0,98667,0,0,4,0,0,0,0,0,0,0,1322,0,0,0,0,0,0
292,2270,293.0518810428539,99993,57,21,3,0,949,470,0.014190993369535868,41,10,49294,49660,603,307,0,0,0,0,0,0,98659,0,0,4,0,0,0,0,0,0,0,1330,0,0,0,0,0,0
293,2270,294.294901810918,99993,65,22,3,0,965,473,0.014381006670466932,36,11,49286,49656,608,309,0,0,0,0,0,0,98649,0,0,4,0,0,0,0,0,0,0,1340,0,0,0,0,0,0
294,2270,295.12654791698975,99993,67,25,3,0,976,477,0.014531017171201983,36,9,49277,49655,615,309,0,0,0,0,0,0,98639,0,0,4,0,0,0,0,0,0,0,1350,0,0,0,0,0,0
295,2270,296.0916189660548,99993,68,25,3,0,983,480,0.014631024171692018,40,13,49266,49648,621,312,0,0,0,0,0,0,98631,0,0,5,0,0,0,0,0,0,0,1357,0,0,0,0,0,0
296,2270,297.17242728665923,99992,67,21,4,0,993,484,0.014771181694535562,39,16,49259,49642,629,319,0,0,0,0,0,0,98612,0,0,5,0,0,0,0,0,0,0,1375,0,0,0,0,0,0
297,2270,298.2207541373444,99992,72,21,4,0,1005,488,0.014931194495559645,37,18,49249,49639,636,320,0,0,0,0,0,0,98601,0,0,5,0,0,0,0,0,0,0,1386,0,0,0,0,0,0
298,2270,299.282630862633,99992,72,26,4,0,1019,496,0.015151212096967757,37,17,49235,49633,650,322,0,0,0,0,0,0,98584,0,0,5,0,0,0,0,0,0,0,1403,0,0,0,0,0,0
299,2270,300.0999500776225,99992,69,30,4,0,1023,500,0.015231218497479798,40,16,49229,49631,656,321,0,0,0,0,0,0,98577,0,0,5,0,0,0,0,0,0,0,1410,0,0,0,0,0,0
300,2270,301.1639393204091,99992,68,28,4,0,1039,504,0.0154312344987599,38,22,49217,49622,671,326,0,0,0,0,0,0,98554,0,0,5,0,0,0,0,0,0,0,1433,0,0,0,0,0,0
301,2270,302.16637819243726,99992,66,28,4,0,1045,508,0.015531242499399953,38,26,49213,49614,677,330,0,0,0,0,0,0,98542,0,0,5,0,0,0,0,0,0,0,1445,0,0,0,0,0,0
302,2270,303.16890011987323,99992,67,29,4,0,1052,513,0.015651252100168014,38,26,49209,49610,680,333,0,0,0,0,0,0,98532,0,0,5,0,0,0,0,0,0,0,1455,0,0,0,0,0,0
303,2270,304.1714961668959,99992,66,31,4,0,1061,522,0.015831266501320107,40,22,49202,49607,686,338,0,0,0,0,0,0,98515,0,0,5,0,0,0,0,0,0,0,1472,0,0,0,0,0,0
304,2270,305.1742625870446,99992,68,36,4,0,1070,529,0.01599127930234419,37,18,49197,49606,692,338,0,0,0,0,0,0,98506,0,0,5,0,0,0,0,0,0,0,1481,0,0,0,0,0,0
305,2270,306.16769976322274,99992,71,37,4,0,1083,536,0.01619129530362429,34,20,49189,49597,700,344,0,0,0,0,0,0,98490,0,0,5,0,0,0,0,0,0,0,1497,0,0,0,0,0,0
306,2270,307.07840817454456,99992,69,42,4,0,1094,543,0.016371309704776384,40,20,49176,49591,709,345,0,0,0,0,0,0,98475,0,0,5,0,0,0,0,0,0,0,1512,0,0,0,0,0,0
307,2270,308.2413915018245,99992,70,37,4,0,1103,549,0.016521321705736457,42,19,49171,49588,711,354,0,0,0,0,0,0,98456,0,0,5,0,0,0,0,0,0,0,1531,0,0,0,0,0,0
308,2270,309.1547890572071,99992,73,38,4,0,1118,555,0.016731338507080567,41,21,49160,49582,720,357,0,0,0,0,0,0,98439,0,0,5,0,0,0,0,0,0,0,1548,0,0,0,0,0,0
309,2270,310.1317136770705,99992,73,38,4,0,1128,564,0.016921353708296664,38,21,49157,49573,726,366,0,0,0,0,0,0,98420,0,0,5,0,0,0,0,0,0,0,1567,0,0,0,0,0,0
310,2270,311.28402278632757,99992,75,37,4,0,1139,571,0.017101368109448754,39,24,49149,49563,731,374,0,0,0,0,0,0,98403,0,0,5,0,0,0,0,0,0,0,1584,0,0,0,0,0,0
311,2270,312.28773403980074,99992,81,36,4,0,1148,577,0.01725138011040883,44,22,49136,49561,733,379,0,0,0,0,0,0,98393,0,0,5,0,0,0,0,0,0,0,1594,0,0,0,0,0,0
312,2270,313.29159054262016,99992,78,38,4,0,1153,583,0.01736138891111289,49,20,49128,49560,739,380,0,0,0,0,0,0,98381,0,0,5,0,0,0,0,0,0,0,1606,0,0,0,0,0,0
313,2270,314.186180615878,99992,85,42,4,0,1166,591,0.017571405712456998,51,19,49114,49555,744,382,0,0,0,0,0,0,98371,0,0,5,0,0,0,0,0,0,0,1616,0,0,0,0,0,0
314,2270,315.1065105432452,99992,85,42,4,0,1176,596,0.01772141771341707,49,19,49108,49551,752,386,0,0,0,0,0,0,98356,0,0,5,0,0,0,0,0,0,0,1631,0,0,0,0,0,0
315,2270,316.2382902601582,99992,88,48,4,0,1194,606,0.018001440115209218,41,19,49100,49543,765,388,0,0,0,0,0,0,98338,0,0,6,0,0,0,0,0,0,0,1648,0,0,0,0,0,0
316,2270,317.08750124417566,99992,87,42,4,0,1212,612,0.01824145931674534,45,23,49079,49535,783,398,0,0,0,0,0,0,98307,0,0,6,0,0,0,0,0,0,0,1679,0,0,0,0,0,0
317,2270,318.09242500590966,99992,76,43,4,0,1218,617,0.018351468117449397,50,23,49069,49530,799,402,0,0,0,0,0,0,98287,0,0,7,0,0,0,0,0,0,0,1698,0,0,0,0,0,0
318,2270,319.09761712258427,99992,81,39,4,0,1231,621,0.018521481718537482,51,22,49062,49529,800,408,0,0,0,0,0,0,98271,0,0,7,0,0,0,0,0,0,0,1714,0,0,0,0,0,0
319,2270,320.10290155187823,99992,84,35,4,0,1246,626,0.018721497719817584,52,23,49050,49522,807,417,1,1,1,1,0,0,98248,0,0,7,0,0,0,0,0,0,2,1735,0,0,0,0,0,0
320,2270,321.10839104975366,99992,77,37,4,0,1259,633,0.01892151372109769,46,24,49044,49516,825,419,2,2,2,2,0,0,98222,0,0,8,0,0,0,0,0,0,4,1758,0,0,0,0,0,0
321,2270,322.0836625620178,99992,74,37,4,0,1269,639,0.01908152652212177,42,22,49040,49513,835,423,3,3,3,3,0,0,98202,0,0,8,0,0,0,0,0,0,5,1776,1,0,0,0,0,0
322,2270,323.02015938706796,99992,82,32,4,0,1285,640,0.019251540123209857,40,28,49025,49510,843,424,4,4,4,4,0,0,98186,0,0,8,0,0,0,0,0,0,7,1790,1,0,0,0,0,0
323,2270,324.22738646491473,99992,85,33,4,0,1297,647,0.019441555324425954,44,29,49010,49502,850,429,5,5,5,5,0,0,98169,0,0,8,0,0,0,0,0,0,9,1805,1,0,0,0,0,0
324,2270,325.0277623868086,99992,83,36,4,0,1302,652,0.019541563325066007,43,27,49009,49498,853,431,6,6,6,6,0,0,98158,0,0,8,0,0,0,0,0,0,11,1814,1,0,0,0,0,0
325,2270,326.05243762557893,99992,80,40,4,0,1309,659,0.019681574525962076,52,31,48992,49489,863,431,7,7,7,7,0,0,98143,0,0,8,0,0,0,0,0,0,13,1827,1,0,0,0,0,0
326,2270,327.00073896596837,99992,81,40,4,0,1321,666,0.019871589727178174,47,34,48988,49480,870,436,8,8,8,8,0,0,98124,0,0,8,0,0,0,0,0,0,14,1844,2,0,0,0,0,0
327,2270,328.01681915115375,99992,80,38,4,0,1332,671,0.020031602528202255,44,36,48980,49472,881,443,9,9,9,9,0,0,98103,0,0,8,0,0,0,0,0,0,16,1863,2,0,0,0,0,0
328,2270,329.0015481769525,99992,79,46,4,0,1342,682,0.020241619329546365,49,35,48970,49461,886,446,10,10,10,10,0,0,98087,0,0,8,0,0,0,0,0,0,18,1877,2,0,0,0,0,0
329,2270,330.02306448784947,99992,79,51,4,0,1353,695,0.020481638531082487,50,27,48960,49456,894,453,11,11,11,11,0,0,98067,0,0,9,0,0,0,0,0,0,20,1894,2,0,0,0,0,0
330,2270,331.0049683026233,99992,82,52,4,0,1366,702,0.02068165453236259,50,26,48947,49450,903,458,12,12,12,12,0,0,98049,0,0,9,0,0,0,0,0,0,22,1910,2,0,0,0,0,0
331,2270,332.01633115486385,99992,86,53,4,0,1381,710,0.020911672933834707,52,28,48934,49441,909,463,13,13,13,13,0,0,98029,0,0,9,0,0,0,0,0,0,24,1928,2,0,0,0,0,0
332,2270,333.0839662844405,99992,87,46,4,0,1394,713,0.021071685734858788,52,32,48923,49435,918,471,14,14,14,14,0,0,98005,0,0,9,0,0,0,0,0,0,26,1950,2,0,0,0,0,0
333,2270,334.0094885971228,99992,91,50,4,0,1407,724,0.02131170493639491,59,35,48906,49421,923,477,15,15,15,15,0,0,97987,0,0,9,0,0,0,0,0,0,28,1966,2,0,0,0,0,0
334,2270,335.0807314591537,99992,94,53,4,0,1422,731,0.021531722537803024,60,39,48895,49411,929,479,16,16,16,16,0,0,97969,0,0,9,0,0,0,0,0,0,30,1982,2,0,0,0,0,0
335,2270,336.01965173163705,99992,86,56,4,0,1430,741,0.021711736938955117,63,36,48885,49404,943,485,17,17,17,17,0,0,97944,0,0,9,0,0,0,0,0,0,32,2005,2,0,0,0,0,0
336,2270,337.0088232254279,99992,91,58,4,0,1446,748,0.021941755340427235,59,34,48876,49402,951,487,17,17,18,18,0,0,97926,0,0,9,0,0,0,0,0,0,34,2021,2,0,0,0,0,0
337,2270,338.0071898069443,99992,94,56,4,0,1462,754,0.022161772941835346,58,36,48861,49394,963,494,18,18,19,19,0,0,97903,0,0,9,0,0,0,0,0,0,36,2042,2,0,0,0,0,0
338,2270,339.1277229239107,99992,99,58,4,0,1481,763,0.02244179534362749,61,39,48846,49383,970,500,18,18,20,20,0,0,97881,0,0,9,0,0,0,0,0,0,37,2062,3,0,0,0,0,0
339,2270,340.04920178803917,99992,99,61,4,0,1491,776,0.02267181374509961,62,30,48836,49379,978,509,19,19,21,21,0,0,97859,0,0,9,0,0,0,0,0,0,39,2082,3,0,0,0,0,0
340,2270,341.014995171379,99992,106,63,4,0,1514,782,0.022961836946955756,64,32,48814,49370,990,513,20,20,22,22,0,0,97839,0,0,11,0,0,0,0,0,0,41,2098,3,0,0,0,0,0
341,2270,342.0550146024141,99992,114,61,4,0,1537,787,0.0232418593487479,64,36,48794,49362,1002,519,20,20,23,23,0,0,97815,0,0,11,0,0,0,0,0,0,43,2120,3,0,0,0,0,0
342,2270,343.0197743582402,99992,121,60,4,0,1550,793,0.023431874549963996,74,39,48779,49353,1000,526,20,20,24,24,0,0,97800,0,0,11,0,0,0,0,0,0,45,2133,3,0,0,0,0,0
343,2270,344.0490792370787,99992,133,62,4,0,1574,802,0.023761900952076167,70,41,48766,49341,1004,533,21,21,25,25,0,0,97779,0,0,11,0,0,0,0,0,0,47,2152,3,0,0,0,0,0
344,2270,345.067827184333,99992,137,63,4,0,1602,815,0.024171933754700375,74,37,48740,49334,1020,542,23,22,26,27,0,0,97740,0,0,11,0,0,0,0,0,0,50,2188,3,0,0,0,0,0
345,2270,346.0787609609135,99992,145,67,4,0,1625,825,0.024501960156812545,71,43,48722,49316,1031,548,25,24,28,29,0,0,97716,0,0,12,0,0,0,0,0,0,54,2207,3,0,0,0,0,0
346,2270,347.0899495897748,99991,144,68,5,0,1643,839,0.024822234001060095,79,38,48696,49311,1047,555,27,26,30,31,0,0,97681,0,0,12,0,0,0,0,0,0,58,2237,3,0,0,0,0,0
347,2270,348.1015937756455,99990,134,71,6,0,1661,849,0.0251025102510251,84,38,48675,49300,1070,561,29,28,32,33,0,0,97643,0,0,13,0,0,0,0,0,0,62,2269,3,0,0,0,0,0
348,2270,349.1136803905693,99990,131,78,6,0,1679,861,0.025402540254025403,84,36,48660,49290,1086,564,31,30,34,35,0,0,97616,0,0,15,0,0,0,0,0,0,65,2290,4,0,0,0,0,0
349,2270,350.12613505406676,99990,133,75,6,0,1706,871,0.025772577257725773,80,36,48638,49278,1107,576,34,33,37,38,0,0,97574,0,0,16,0,0,0,0,0,0,70,2325,5,0,0,0,0,0
350,2270,351.1390204483535,99990,132,83,6,0,1724,885,0.026092609260926092,86,37,48615,49265,1122,577,37,36,40,41,0,0,97543,0,0,16,0,0,0,0,0,0,76,2350,5,0,0,0,0,0
351,2270,352.1522970908123,99990,126,74,6,0,1735,893,0.026282628262826284,92,42,48600,49250,1134,593,40,39,43,44,0,0,97503,0,0,16,0,0,0,0,0,0,82,2384,5,0,0,0,0,0
352,2270,353.16594078970985,99990,131,70,6,0,1761,903,0.02664266426642664,89,43,48578,49237,1150,605,44,43,47,48,0,0,97460,0,0,16,0,0,0,0,0,0,90,2419,5,0,0,0,0,0
353,2270,354.17999564007397,99990,145,77,6,0,1785,916,0.02701270127012701,81,46,48563,49217,1155,611,48,47,51,52,0,0,97437,0,0,17,0,0,0,0,0,0,98,2433,5,0,0,0,0,0
354,2270,355.1943152631544,99990,140,81,6,0,1802,929,0.027312731273127312,89,44,48538,49203,1172,619,53,51,56,57,0,0,97396,0,0,17,0,0,0,0,0,0,108,2464,5,0,0,0,0,0
355,2270,356.20905175797094,99989,147,76,7,0,1824,936,0.02760303633399674,86,50,48517,49187,1183,629,58,56,61,62,0,0,97360,0,0,18,0,0,0,0,0,0,118,2488,5,0,0,0,0,0
356,2270,357.2242277034065,99989,145,80,7,0,1851,949,0.02800308033883727,84,45,48491,49176,1208,635,63,62,67,67,0,0,97313,0,0,20,0,0,0,0,0,0,129,2522,5,0,0,0,0,0
357,2270,358.2399470165243,99988,141,80,8,0,1876,959,0.028353402408288996,79,43,48469,49164,1232,643,69,68,73,73,0,0,97263,0,0,21,0,0,0,0,0,0,141,2558,5,0,0,0,0,0
358,2270,359.2561986156315,99988,147,83,8,0,1901,972,0.02873344801376165,77,39,48441,49150,1249,651,76,75,80,80,0,0,97222,0,0,22,0,0,0,0,0,0,154,2584,6,0,0,0,0,0
359,2270,360.2729960241187,99988,148,77,8,0,1923,981,0.029043485218226188,74,37,48422,49138,1263,663,83,83,88,87,0,0,97172,0,0,22,0,0,0,0,0,0,168,2619,7,0,0,0,0,0
360,2270,361.2902834210379,99988,144,70,8,0,1938,988,0.029263511621394567,84,39,48395,49122,1276,675,91,92,97,95,0,0,97122,0,0,22,0,0,0,0,0,0,185,2652,7,0,0,0,0,0
361,2270,362.3080841015223,99988,136,69,8,0,1954,995,0.029493539224706964,85,43,48374,49102,1295,682,100,102,107,104,0,0,97071,0,0,22,0,0,0,0,0,0,204,2684,7,0,0,0,0,0
362,2270,363.3263869757859,99988,130,69,8,0,1969,1005,0.029743569228307398,92,50,48346,49077,1313,690,109,112,118,113,0,0,97024,0,0,24,0,0,0,0,0,0,222,2709,9,0,0,0,0,0
363,2270,364.0055448683653,99988,138,74,8,0,1988,1016,0.030043605232627914,87,46,48324,49058,1322,696,119,124,130,123,0,0,96985,0,0,24,0,0,0,0,0,0,244,2726,9,0,0,0,0,0
364,2270,365.024816695217,99988,134,74,8,0,2003,1030,0.030333640036804416,90,47,48300,49031,1336,709,130,137,143,134,0,0,96928,0,0,24,0,0,0,0,0,0,268,2759,9,0,0,0,0,0
365,2270,366.0446333417301,99988,141,74,8,0,2026,1048,0.030743689242709125,91,39,48272,49010,1345,725,141,150,157,146,0,0,96869,0,0,24,0,0,0,0,0,0,293,2792,10,0,0,0,0,0
366,2270,367.064946273651,99988,146,69,8,0,2047,1058,0.03105372644717366,89,45,48249,48982,1352,739,154,163,172,159,0,0,96814,0,0,25,0,0,0,0,0,0,318,2818,13,0,0,0,0,0
367,2270,368.0856851208748,99987,146,74,9,0,2065,1071,0.031364077330052906,97,46,48221,48956,1357,743,168,179,189,173,0,0,96760,0,0,25,0,0,0,0,0,0,346,2840,16,0,0,0,0,0
368,2270,369.10696467490123,99987,150,71,9,0,2089,1082,0.031714122835968674,106,47,48179,48931,1372,753,182,196,207,188,0,0,96695,0,0,26,0,0,0,0,0,0,378,2871,17,0,0,0,0,0
369,2270,370.1289585918896,99987,152,78,9,0,2116,1093,0.032094172242391514,111,45,48138,48906,1389,754,199,215,227,205,0,0,96632,0,0,28,0,0,0,0,0,0,414,2895,18,0,0,0,0,0
370,2270,371.1516804513786,99986,152,85,10,0,2142,1108,0.032504550637089194,107,42,48107,48875,1407,760,215,236,249,223,0,0,96560,0,0,29,0,0,0,0,0,0,453,2925,19,0,0,0,0,0
371,2270,372.17506753341775,99985,153,83,11,0,2168,1121,0.03289493424013602,104,39,48073,48846,1423,770,234,260,273,242,0,0,96479,0,0,29,0,0,0,0,0,0,494,2962,21,0,0,0,0,0
372,2270,373.1992259178956,99984,158,82,12,0,2193,1134,0.0332753240518483,106,39,48032,48814,1436,778,254,285,299,263,0,0,96402,0,0,29,0,0,0,0,0,0,537,2991,25,0,0,0,0,0
373,2270,374.22414274176197,99984,171,94,12,0,2228,1153,0.03381541046567451,95,35,47997,48778,1448,780,275,311,327,285,0,0,96326,0,0,29,0,0,0,0,0,0,584,3017,28,0,0,0,0,0
374,2270,375.24976737724614,99983,180,93,13,0,2256,1167,0.0342358200894152,102,35,47941,48738,1463,793,299,339,357,309,0,0,96240,0,0,31,0,0,0,0,0,0,638,3046,28,0,0,0,0,0
375,2270,376.2763030118531,99983,177,88,13,0,2280,1172,0.03452586939779763,107,47,47896,48693,1483,801,322,369,390,334,0,0,96147,0,0,33,0,0,0,0,0,0,696,3079,28,0,0,0,0,0
376,2270,377.3037845093544,99983,170,93,13,0,2304,1190,0.03494594080993769,111,39,47850,48656,1508,808,346,402,425,361,0,0,96046,0,0,34,0,0,0,0,0,0,754,3117,32,0,0,0,0,0
377,2270,378.33230264656504,99983,182,99,13,0,2335,1206,0.035416020723523,110,37,47799,48610,1520,813,374,439,463,390,0,0,95952,0,0,34,0,0,0,0,0,0,819,3144,34,0,0,0,0,0
378,2270,379.01850332214195,99983,173,95,13,0,2355,1216,0.035716071732194474,107,34,47760,48566,1540,825,405,478,504,421,0,0,95838,0,0,34,0,0,0,0,0,0,890,3186,35,0,0,0,0,0
379,2270,380.0489465640114,99983,165,87,13,0,2376,1226,0.036026124441154994,112,44,47710,48506,1563,840,435,521,548,454,0,0,95716,0,0,35,0,0,0,0,0,0,966,3230,36,0,0,0,0,0
380,2270,381.08053581576587,99983,156,96,13,0,2399,1244,0.03643619415300601,109,43,47665,48448,1587,844,468,567,595,489,0,0,95597,0,0,35,0,0,0,0,0,0,1044,3267,40,0,0,0,0,0
381,2270,382.1131871351305,99983,162,98,13,0,2426,1253,0.03679625536341178,101,45,47618,48396,1602,845,502,614,646,526,0,0,95488,0,0,37,0,0,0,0,0,0,1127,3286,45,0,0,0,0,0
382,2270,383.14683753497013,99983,168,91,13,0,2453,1261,0.0371463148735285,107,56,47550,48335,1618,850,542,666,700,566,0,0,95365,0,0,39,0,0,0,0,0,0,1216,3313,50,0,0,0,0,0
383,2270,384.1817808496604,99983,165,95,13,0,2483,1274,0.03757638798595761,110,69,47491,48257,1639,854,580,723,758,608,0,0,95230,0,0,40,0,0,0,0,0,0,1310,3347,56,0,0,0,0,0
384,2270,385.21798099715346,99983,171,98,13,0,2516,1301,0.03817649000330056,108,59,47423,48181,1658,876,625,784,820,653,0,0,95079,0,0,40,1,0,0,0,0,0,1411,3391,61,0,0,0,0,0
385,2270,386.2556150801644,99983,175,99,13,0,2545,1314,0.03859656141544063,116,50,47351,48117,1673,885,670,847,886,700,0,0,94933,0,0,40,1,0,0,0,0,0,1520,3424,65,0,0,0,0,0
386,2270,387.29465708967905,99983,171,98,13,0,2568,1332,0.03900663112729164,120,42,47286,48046,1691,898,717,914,957,750,0,0,94771,0,0,40,1,0,0,0,0,0,1636,3465,70,0,0,0,0,0
387,2270,388.33518404134526,99983,168,98,13,0,2598,1342,0.039406699138853606,123,43,47215,47963,1713,906,766,988,1032,803,0,0,94604,0,0,41,1,0,0,0,0,0,1761,3503,73,0,0,0,0,0
388,2270,389.02972038602576,99983,169,97,13,0,2617,1349,0.03966674334636888,122,41,47148,47887,1724,910,822,1063,1112,859,0,0,94447,0,0,41,1,0,0,0,0,0,1892,3524,78,0,0,0,0,0
389,2270,390.0733157583536,99983,173,99,13,0,2645,1364,0.04009681645879799,123,34,47073,47798,1740,920,876,1147,1197,918,0,0,94273,0,0,42,1,0,0,0,0,0,2030,3553,84,0,0,0,0,0
390,2270,391.1184686123229,99983,178,96,13,0,2684,1369,0.040536891271516155,111,48,46995,47699,1765,922,936,1233,1287,980,0,0,94081,0,0,42,1,0,0,0,0,0,2180,3593,86,0,0,0,0,0
391,2270,392.1653422784146,99982,187,102,13,1,2720,1385,0.041057390330259444,108,47,46906,47602,1788,924,996,1322,1382,1045,0,0,93890,0,0,45,1,0,0,0,0,0,2337,3620,89,0,0,0,0,0
392,2270,393.21410179466966,99982,184,98,13,1,2749,1397,0.04146746414354584,98,51,46830,47489,1809,938,1064,1421,1483,1114,0,0,93676,0,0,46,1,0,0,0,0,0,2504,3663,92,0,0,0,0,0
393,2270,394.26470523874667,99982,185,100,13,1,2772,1411,0.041837530755536,109,56,46740,47374,1822,947,1129,1520,1590,1186,0,0,93471,0,0,48,1,0,0,0,0,0,2677,3687,98,0,0,0,0,0
394,2270,395.31715820854095,99981,169,98,13,2,2793,1433,0.042268030925875916,112,51,46660,47252,1842,964,1202,1631,1703,1262,0,0,93232,0,0,48,1,0,0,0,0,0,2855,3736,109,0,0,0,0,0
395,2270,396.0199067868562,99981,169,99,13,2,2814,1440,0.04254808413598584,117,57,46566,47131,1854,965,1279,1744,1822,1341,0,0,93014,0,0,49,1,0,0,0,0,0,3047,3755,115,0,0,0,0,0
396,2270,397.0762943234401,99981,181,102,13,2,2853,1460,0.04313819625728889,111,48,46468,47006,1869,979,1356,1861,1948,1424,0,0,92765,0,0,50,1,0,0,0,0,0,3253,3794,118,0,0,0,0,0
397,2270,398.13484169290837,99980,191,99,14,2,2890,1471,0.04361872374474895,104,49,46369,46885,1880,977,1440,1986,2080,1511,0,0,92516,0,0,51,1,0,0,0,0,0,3462,3822,128,0,0,0,0,0
398,2270,399.19565970259833,99980,189,95,14,2,2921,1482,0.044038807761552314,111,57,46252,46747,1906,982,1526,2115,2219,1602,0,0,92248,0,0,52,1,0,0,0,0,0,3683,3859,137,0,0,0,0,0
399,2270,400.2590631118843,99980,189,89,14,2,2953,1500,0.04453890778155631,120,52,46137,46600,1928,999,1610,2256,2365,1697,0,0,91961,0,0,54,1,0,0,0,0,0,3916,3903,145,0,0,0,0,0
400,2270,401.32498864272134,99980,192,93,14,2,2981,1514,0.044958991798359674,133,54,46017,46449,1941,1001,1701,2399,2519,1796,0,0,91690,0,0,55,1,0,0,0,0,0,4153,3920,161,0,0,0,0,0
401,2270,402.0370328990392,99980,196,91,14,2,3005,1524,0.045299059811962396,127,53,45912,46288,1950,1006,1799,2558,2680,1900,0,0,91409,0,0,56,1,0,0,0,0,0,4403,3935,176,0,0,0,0,0
402,2270,403.10798604538127,99980,198,89,14,2,3037,1533,0.045709141828365676,126,62,45794,46123,1969,1008,1897,2714,2849,2008,0,0,91106,0,0,57,1,0,0,0,0,0,4666,3960,190,0,0,0,0,0
403,2270,404.1816355456005,99979,198,93,14,3,3074,1554,0.04628972084137669,114,65,45676,45947,1993,1014,2003,2876,3026,2120,0,0,90782,0,0,60,2,0,0,0,0,0,4940,3991,204,0,0,0,0,0
404,2270,405.25817297337585,99979,189,95,14,3,3097,1573,0.04670980905990258,117,62,45560,45770,2007,1022,2111,3046,3211,2237,0,0,90447,0,0,60,2,0,0,0,0,0,5226,4024,220,0,0,0,0,0
405,2270,406.33752090260174,99979,187,99,14,3,3128,1592,0.04720991408195721,123,67,45424,45567,2025,1032,2225,3230,3404,2359,0,0,90104,0,0,64,2,0,0,0,0,0,5525,4048,236,0,0,0,0,0
406,2270,407.058780431239,99979,190,110,14,3,3148,1609,0.04757999179827764,120,60,45298,45366,2031,1033,2345,3426,3606,2485,0,0,89767,0,0,64,2,0,0,0,0,0,5839,4057,250,0,0,0,0,0
407,2270,408.1441897073379,99979,195,106,14,3,3180,1624,0.04805009051900899,120,63,45155,45154,2045,1048,2469,3624,3817,2616,0,0,89390,0,0,64,2,0,0,0,0,0,6170,4092,261,0,0,0,0,0
408,2270,409.2329643034583,99979,184,102,14,3,3205,1638,0.048440172436211605,144,65,45002,44942,2061,1057,2593,3829,4036,2752,0,0,89006,0,0,64,2,0,0,0,0,0,6500,4121,286,0,0,0,0,0
409,2270,410.32525668817675,99979,196,100,14,3,3242,1653,0.04896028165914842,139,60,44858,44726,2070,1060,2721,4049,4264,2893,0,0,88615,0,0,64,2,0,0,0,0,0,6849,4143,306,0,0,0,0,0
410,2270,411.05536287844245,99979,196,98,14,3,3262,1663,0.0492603446723812,138,60,44713,44504,2078,1062,2859,4271,4501,3039,0,0,88214,0,0,66,2,0,0,0,0,0,7220,4159,318,0,0,0,0,0
411,2270,412.1547214883732,99979,218,106,14,3,3316,1682,0.04999049800458096,114,54,44553,44266,2094,1066,3005,4503,4747,3190,0,0,87792,0,0,67,2,0,0,0,0,0,7600,4183,335,0,0,0,0,0
412,2270,413.25795813418387,99979,217,103,14,3,3347,1697,0.050450594624871226,121,59,44386,44021,2114,1070,3146,4742,5003,3346,0,0,87352,0,0,69,2,0,0,0,0,0,7992,4209,355,0,0,0,0,0
413,2270,414.36514494034725,99979,224,100,14,3,3382,1713,0.05096070174736695,128,59,44218,43765,2119,1083,3295,4988,5268,3507,0,0,86902,0,0,70,4,0,0,0,0,0,8398,4232,373,0,0,0,0,0
414,2270,415.10554373003214,99978,219,99,15,3,3399,1725,0.051251275280561726,132,58,44048,43511,2131,1080,3453,5247,5542,3674,0,0,86450,0,0,71,4,0,0,0,0,0,8816,4241,396,0,0,0,0,0
415,2270,416.22107028357556,99978,226,91,15,3,3439,1739,0.05179139410670348,130,55,43869,43245,2148,1091,3610,5513,5826,3846,0,0,85960,0,0,73,4,0,0,0,0,0,9253,4273,415,0,0,0,0,0
416,2270,417.34116559527644,99978,212,88,15,3,3468,1752,0.05221148652703595,131,59,43694,42974,2180,1092,3766,5782,6119,4023,0,0,85455,0,0,73,5,0,0,0,0,0,9700,4308,437,0,0,0,0,0
417,2270,418.0904016819931,99978,211,87,15,3,3487,1761,0.05249154814059093,132,60,43522,42682,2181,1095,3937,6071,6422,4205,0,0,84959,0,0,76,5,0,0,0,0,0,10169,4316,453,0,0,0,0,0
418,2270,419.21956977942006,99978,214,88,15,3,3516,1778,0.05295164936285983,141,56,43329,42385,2191,1105,4108,6361,6734,4392,0,0,84442,0,0,76,5,0,0,0,0,0,10644,4334,477,0,0,0,0,0
419,2270,420.35360253303634,99978,226,102,15,3,3560,1804,0.053651803396747286,166,75,43105,42058,2209,1109,4277,6651,7056,4585,0,0,83908,14,0,79,5,0,0,0,0,0,11137,4336,499,0,0,0,0,0
420,2270,421.2853797859291,99978,240,100,15,3,3608,1822,0.054311948628698314,175,88,42900,41737,2217,1104,4451,6966,7387,4783,0,0,83368,63,4,80,5,0,0,0,0,0,11624,4297,537,0,0,0,0,0
421,2270,422.2214327552405,99977,253,107,16,3,3660,1841,0.05502265521069846,194,97,42657,41406,2237,1103,4641,7282,7727,4986,0,0,82806,106,7,83,6,0,0,0,0,0,12139,4269,561,0,0,0,0,0
422,2270,423.1622085182654,99976,259,122,17,3,3705,1869,0.055753380811394734,217,101,42407,41058,2260,1106,4838,7608,8077,5194,0,0,82220,151,9,86,7,0,0,0,0,0,12677,4248,578,0,0,0,0,0
423,2270,424.10808185233117,99976,286,136,17,3,3767,1902,0.05670360886612787,220,99,42162,40722,2279,1110,5034,7928,8436,5408,0,0,81623,199,13,88,7,0,0,0,0,0,13222,4222,602,0,0,0,0,0
424,2270,425.05909159917786,99976,289,139,17,3,3819,1921,0.05741377930703369,248,116,41908,40361,2314,1112,5222,8267,8804,5627,0,0,80997,256,20,89,7,0,0,0,0,0,13784,4203,620,0,0,0,0,0
425,2270,426.01548010784535,99975,300,149,17,4,3870,1951,0.05822455613903476,271,123,41648,39994,2334,1110,5428,8618,9180,5851,0,0,80375,311,21,90,9,0,0,0,0,0,14349,4168,652,0,0,0,0,0
426,2270,427.29864214503414,99975,340,167,17,4,3974,1995,0.05970492623155789,286,140,41366,39602,2374,1124,5615,8961,9565,6080,0,0,79714,390,32,89,10,0,0,0,0,0,14920,4137,683,0,0,0,0,0
427,2270,428.2663014725641,99974,369,178,18,4,4051,2027,0.060795806909796545,306,139,41078,39231,2401,1127,5826,9319,9959,6314,0,0,79054,445,42,92,10,0,0,0,0,0,15514,4110,707,0,0,0,0,0
428,2270,429.24002625403216,99974,398,195,18,4,4125,2065,0.061916098185528234,319,156,40803,38824,2423,1135,6037,9684,10361,6552,0,0,78392,499,53,93,10,0,0,0,0,0,16111,4077,739,0,0,0,0,0
429,2270,430.21974256891406,99973,435,197,19,4,4210,2098,0.06309703619977394,353,170,40503,38418,2443,1153,6245,10056,10771,6795,0,0,77711,565,62,95,11,0,0,0,0,0,16716,4036,777,0,0,0,0,0
430,2270,431.20577371624387,99973,450,201,19,4,4291,2130,0.06422734138217319,374,181,40200,38010,2486,1159,6469,10443,11188,7043,0,0,76997,639,77,99,11,0,0,0,0,0,17340,4007,803,0,0,0,0,0
431,2270,432.19866179304387,99973,497,198,19,4,4398,2170,0.06569773838936513,377,197,39914,37587,2513,1184,6678,10828,11613,7295,0,0,76267,717,99,102,11,0,0,0,0,0,17970,3979,828,0,0,0,0,0
432,2270,433.1981487477186,99973,522,224,19,4,4501,2217,0.06719814349874466,413,203,39597,37164,2560,1190,6887,11213,12045,7552,0,0,75537,795,114,107,12,0,0,0,0,0,18607,3937,864,0,0,0,0,0
433,2270,434.2046396512509,99972,569,236,20,4,4627,2263,0.06891929740327292,411,207,39289,36756,2614,1200,7095,11595,12484,7813,0,0,74777,887,129,108,16,0,0,0,0,0,19259,3904,892,0,0,0,0,0
434,2270,435.2185301159376,99971,591,258,21,4,4724,2319,0.07045043062488121,462,214,38939,36321,2656,1220,7329,11981,12929,8078,0,0,74016,963,150,115,20,0,0,0,0,0,19922,3871,914,0,0,0,0,0
435,2270,436.2404233723186,99971,627,273,21,4,4843,2372,0.07217092956957517,485,233,38604,35869,2708,1239,7553,12380,13380,8347,0,0,73244,1047,176,121,22,0,0,0,0,0,20581,3833,947,0,0,0,0,0
436,2270,437.2703960931582,99971,624,291,21,4,4949,2429,0.07380140240669794,528,256,38261,35407,2784,1261,7780,12779,13837,8620,0,0,72428,1165,196,127,25,0,0,0,0,0,21258,3795,977,0,0,0,0,0
437,2270,438.3088156653877,99970,664,310,22,4,5100,2490,0.07592277683304992,532,274,37910,34942,2863,1291,8007,13177,14299,8897,0,0,71598,1286,223,129,27,0,0,0,0,0,21939,3762,1006,0,0,0,0,0
438,2270,439.0058909263573,99970,701,325,22,4,5195,2530,0.07727318195458638,543,290,37597,34482,2891,1295,8244,13602,14766,9177,0,0,70828,1349,241,130,28,0,0,0,0,0,22628,3721,1045,0,0,0,0,0
439,2270,440.06125329752433,99970,737,360,22,4,5344,2610,0.07956386916074823,583,286,37204,34016,2973,1324,8479,14008,15237,9461,0,0,69990,1463,279,132,31,0,0,0,0,0,23313,3688,1074,0,0,0,0,0
440,2270,441.12638459508105,99970,760,371,22,4,5481,2685,0.08168450535160549,647,298,36811,33533,3052,1368,8706,14424,15712,9748,0,0,69124,1598,317,135,33,0,0,0,0,0,24006,3654,1103,0,0,0,0,0
441,2270,442.2017942347965,99969,828,402,23,4,5668,2771,0.08441616901239384,655,308,36410,33051,3143,1401,8939,14832,16191,10038,0,0,68258,1724,354,137,39,0,0,0,0,0,24707,3621,1129,0,0,0,0,0
442,2270,443.2878657696916,99969,884,427,23,4,5856,2861,0.08719703107963468,686,316,36006,32557,3235,1444,9164,15250,16673,10331,0,0,67372,1866,402,139,43,0,0,0,0,0,25403,3587,1157,0,0,0,0,0
443,2270,444.0178847677159,99967,903,455,25,4,5975,2938,0.08915942260946112,717,318,35643,32072,3292,1470,9418,15679,17158,10627,0,0,66531,1970,437,143,46,0,0,0,0,0,26102,3538,1200,0,0,0,0,0
444,2270,445.1252122173411,99966,944,485,26,4,6180,3040,0.09223135866194507,759,331,35206,31581,3419,1516,9644,16081,17646,10925,0,0,65604,2140,495,148,47,0,0,0,0,0,26799,3503,1230,0,0,0,0,0
445,2270,446.24484798174694,99964,1024,497,28,4,6401,3144,0.09548437437477492,779,368,34781,31082,3514,1579,9872,16468,18135,11225,0,0,64684,2300,553,155,51,0,0,0,0,0,27497,3465,1259,0,0,0,0,0
446,2270,447.3766442707772,99963,1061,539,29,4,6603,3259,0.09865650290607525,846,363,34353,30614,3632,1623,10077,16855,18626,11527,0,0,63757,2467,612,161,56,0,0,0,0,0,28197,3425,1288,0,0,0,0,0
447,2270,448.13807920814764,99963,1105,556,29,4,6776,3340,0.10119744305392996,852,377,33954,30124,3723,1658,10335,17279,19118,11831,0,0,62875,2595,670,160,64,0,0,0,0,0,28893,3384,1322,0,0,0,0,0
448,2270,449.2950006143274,99963,1175,561,29,4,7034,3441,0.10478877184558287,871,391,33514,29645,3851,1727,10558,17670,19611,12137,0,0,61912,2797,741,166,67,0,0,0,0,0,29582,3339,1359,0,0,0,0,0
449,2270,450.07404339124673,99962,1212,564,29,5,7212,3513,0.10729077049278726,874,424,33141,29169,3948,1760,10794,18076,20104,12444,0,0,61025,2921,811,175,71,0,0,0,0,0,30272,3293,1394,0,0,0,0,0
450,2270,451.25724742373416,99962,1303,573,29,5,7502,3622,0.11128228726916228,933,439,32666,28692,4089,1824,10978,18465,20597,12753,0,0,60076,3097,915,185,75,1,0,0,0,0,30938,3254,1421,0,0,0,0,0
451,2270,452.0543324005405,99962,1317,580,29,5,7673,3703,0.11380324523318862,971,468,32273,28227,4187,1871,11221,18847,21089,13063,0,0,59171,3237,989,190,81,1,0,0,0,0,31623,3212,1458,0,0,0,0,0
452,2270,453.2660083793185,99959,1376,604,31,6,7968,3845,0.11817845316579798,999,496,31825,27736,4359,1954,11408,19202,21580,13374,0,0,58185,3456,1096,202,90,1,0,0,0,0,32277,3162,1490,0,0,0,0,0
453,2270,454.0823794173264,99959,1414,629,31,6,8173,3944,0.12121970007703159,1038,523,31428,27241,4459,1999,11628,19600,22069,13685,0,0,57273,3603,1173,209,94,1,0,0,0,0,32959,3120,1527,0,0,0,0,0
454,2270,455.32374762969414,99958,1496,690,31,7,8507,4116,0.12628303887632805,1075,539,30962,26770,4620,2073,11814,19919,22556,13997,0,0,56289,3818,1297,216,106,1,0,0,0,0,33599,3083,1549,0,0,0,0,0
455,2270,456.16056578316517,99958,1523,727,31,7,8726,4230,0.12961443806398687,1097,544,30560,26327,4744,2099,12043,20294,23041,14309,0,0,55380,3965,1401,221,115,1,0,0,0,0,34253,3043,1579,0,0,0,0,0
456,2270,457.0073594647209,99956,1574,773,33,7,8960,4362,0.13327864260274522,1155,543,30114,25873,4870,2138,12252,20664,23524,14621,0,0,54481,4096,1525,227,119,1,0,0,0,0,34893,3008,1606,0,0,0,0,0
457,2270,458.2974321923508,99956,1655,806,33,7,9342,4535,0.1388310856776982,1175,577,29625,25426,5102,2232,12408,20950,24004,14933,0,0,53478,4345,1682,245,126,3,0,0,0,0,35484,2952,1641,0,0,0,0,0
458,2270,459.1680274045991,99953,1728,825,34,9,9618,4662,0.1428671475593529,1195,602,29199,24960,5216,2288,12626,21314,24480,15244,0,0,52595,4473,1826,257,139,3,0,0,0,0,36082,2905,1673,0,0,0,0,0
459,2270,460.05046006482456,99952,1761,845,34,10,9884,4795,0.1468604930366576,1210,603,28824,24529,5355,2352,12814,21659,24953,15555,0,0,51684,4641,1978,269,145,4,0,0,0,0,36667,2851,1713,0,0,0,0,0
460,2270,461.39402782382973,99952,1837,912,34,10,10299,5013,0.15319353289579,1290,621,28289,24052,5607,2457,12941,21946,25422,15865,0,0,50660,4902,2152,292,162,4,0,0,0,0,37243,2810,1727,0,0,0,0,0
461,2270,462.30153795009045,99950,1886,954,36,10,10603,5179,0.15789894947473737,1305,616,27876,23599,5779,2542,13116,22277,25887,16174,0,0,49726,5085,2310,306,175,4,0,0,0,0,37825,2771,1748,0,0,0,0,0
462,2270,463.2221700228357,99950,1928,957,36,10,10893,5312,0.16213106553276638,1335,654,27471,23168,5930,2622,13298,22587,26347,16482,0,0,48813,5257,2478,323,182,5,0,0,0,0,38386,2727,1779,0,0,0,0,0
463,2270,464.15549072593467,99949,1979,943,37,10,11202,5464,0.1667450399703849,1346,661,27055,22769,6101,2728,13480,22887,26803,16789,0,0,47893,5432,2682,344,192,5,0,0,0,0,38913,2687,1801,0,0,0,0,0
464,2270,465.1019193148396,99946,2019,969,39,11,11534,5626,0.17169271406559541,1329,655,26635,22350,6306,2817,13670,23196,27254,17095,0,0,46978,5623,2870,361,204,7,0,0,0,0,39433,2635,1835,0,0,0,0,0
465,2270,466.0628367754205,99944,2050,991,41,11,11850,5777,0.17636876650924518,1342,666,26258,21940,6478,2895,13829,23495,27699,17399,0,0,46091,5785,3076,379,219,7,0,0,0,0,39940,2591,1856,0,0,0,0,0
466,2270,467.03756259571765,99941,2115,997,44,11,12194,5942,0.18146706556868553,1349,684,25849,21531,6651,3012,13990,23763,28139,17701,0,0,45195,5967,3283,393,233,8,0,0,0,0,40428,2547,1887,0,0,0,0,0
467,2270,468.02636487719576,99941,2134,1029,44,11,12513,6114,0.18637996417886554,1407,699,25434,21149,6843,3083,14136,24027,28573,18001,0,0,44311,6138,3502,413,248,8,0,0,0,0,40908,2505,1908,0,0,0,0,0
468,2270,469.030162014303,99941,2205,1068,44,11,12898,6301,0.192103340971173,1385,691,25045,20762,7050,3168,14269,24298,29002,18299,0,0,43423,6329,3719,430,269,8,0,0,0,0,41372,2458,1933,0,0,0,0,0
469,2270,470.04879117243155,99939,2232,1059,46,11,13242,6467,0.197210298281952,1440,711,24641,20357,7246,3291,14393,24569,29425,18595,0,0,42539,6508,3966,454,284,10,0,0,0,0,41807,2419,1952,0,0,0,0,0
470,2270,471.0830026474481,99938,2243,1079,47,11,13612,6644,0.20268566511236966,1481,735,24213,19965,7487,3388,14527,24820,29842,18889,0,0,41634,6722,4201,480,302,10,0,0,0,0,42241,2372,1976,0,0,0,0,0
471,2270,472.13396268715115,99938,2264,1121,47,11,14009,6841,0.20862935019712223,1467,728,23827,19622,7732,3474,14661,25042,30252,19181,0,0,40762,6912,4476,511,317,11,0,0,0,0,42631,2320,1998,0,0,0,0,0
472,2270,473.2023096816642,99938,2308,1153,47,11,14409,7053,0.2147531469511097,1426,728,23480,19276,7952,3584,14785,25246,30656,19470,0,0,39892,7111,4750,528,339,11,0,0,0,0,43007,2278,2022,0,0,0,0,0
473,2270,474.2862462857069,99938,2303,1160,47,11,14774,7258,0.220456683143549,1448,722,23132,18937,8183,3717,14885,25451,31054,19756,0,0,39014,7311,5035,552,363,12,0,0,0,0,43370,2245,2036,0,0,0,0,0
474,2270,475.38635546744723,99937,2310,1204,47,12,15165,7485,0.22664278495452134,1465,721,22748,18602,8424,3824,15004,25635,31445,20040,0,0,38159,7512,5338,570,387,12,0,0,0,0,43701,2204,2054,0,0,0,0,0
475,2270,476.50372623611656,99934,2346,1187,50,12,15589,7677,0.232813657013629,1467,748,22367,18289,8684,3958,15084,25804,31830,20321,0,0,37295,7721,5643,592,417,12,0,0,0,0,44025,2165,2064,0,0,0,0,0
476,2270,477.0678174664697,99934,2355,1161,50,12,15791,7769,0.2357555986951388,1465,741,22077,17978,8772,4006,15279,26100,32208,20599,0,0,36597,7789,5844,603,432,12,0,0,0,0,44439,2127,2091,0,0,0,0,0
477,2270,478.21858251425704,99933,2332,1178,50,13,16178,7974,0.24168192689101697,1475,756,21745,17686,9021,4119,15375,26246,32579,20874,0,0,35761,8000,6139,626,463,14,0,0,0,0,44739,2078,2113,0,0,0,0,0
478,2270,479.3876274368119,99930,2380,1199,53,13,16624,8203,0.24844391073751626,1437,728,21445,17401,9248,4248,15435,26409,32944,21146,0,0,34951,8191,6454,648,501,14,0,0,0,0,45005,2034,2132,0,0,0,0,0
479,2270,480.57291898743813,99930,2462,1198,53,13,17073,8403,0.2549384569198439,1424,743,21085,17127,9459,4377,15515,26540,33302,21415,0,0,34178,8346,6779,669,534,15,0,0,0,0,45267,2003,2139,0,0,0,0,0
480,2270,481.17103903218174,99929,2480,1195,54,13,17302,8512,0.2583234096208308,1408,722,20831,16867,9551,4417,15674,26784,33653,21680,0,0,33536,8388,6990,683,558,17,0,0,0,0,45629,1971,2157,0,0,0,0,0
481,2270,482.3900416835673,99929,2480,1179,54,13,17743,8718,0.2647980065846751,1447,773,20480,16595,9831,4570,15706,26868,33997,21942,0,0,32733,8576,7345,731,583,19,0,0,0,0,45844,1934,2164,0,0,0,0,0
482,2270,483.00543788194943,99929,2456,1194,54,13,17945,8845,0.26809034414434246,1417,768,20256,16321,9943,4611,15872,27091,34335,22201,0,0,32115,8605,7581,749,606,20,0,0,0,0,46167,1908,2178,0,0,0,0,0
483,2270,484.259446498385,99927,2424,1232,56,13,18389,9107,0.27516086743322626,1405,737,19935,16079,10241,4752,15937,27185,34666,22456,0,0,31326,8796,7926,791,652,21,0,0,0,0,46352,1873,2190,0,0,0,0,0
484,2270,485.53355432861827,99925,2379,1258,58,13,18823,9355,0.28199149362021514,1404,705,19640,15861,10533,4884,15984,27277,34990,22708,0,0,30570,8978,8321,814,698,21,0,0,0,0,46481,1844,2198,0,0,0,0,0
485,2270,486.1761721315685,99925,2369,1258,58,13,19043,9467,0.28531398548911685,1385,713,19426,15632,10646,4925,16114,27457,35308,22956,0,0,29983,9011,8536,843,724,22,0,0,0,0,46783,1803,2220,0,0,0,0,0
486,2270,487.4856208741965,99921,2401,1262,62,13,19526,9717,0.2926612023498564,1360,712,19099,15404,10924,5079,16152,27528,35619,23201,0,0,29257,9159,8911,893,764,25,0,0,0,0,46912,1768,2232,0,0,0,0,0
487,2270,488.1460112383356,99920,2407,1252,63,13,19766,9830,0.29619695756605285,1335,711,18885,15202,11024,5125,16284,27695,35923,23442,0,0,28714,9169,9158,916,798,26,0,0,0,0,47159,1732,2248,0,0,0,0,0
488,2270,489.49292197067854,99918,2393,1230,64,14,20211,10058,0.30293840949578654,1307,705,18625,15026,11292,5283,16317,27740,36221,23680,0,0,28040,9295,9558,960,854,28,0,0,0,0,47234,1693,2256,0,0,0,0,0
489,2270,490.1723263971483,99915,2416,1235,67,14,20460,10190,0.3067607466346394,1284,678,18448,14837,11362,5336,16421,27898,36512,23914,0,0,27515,9319,9807,965,887,32,0,0,0,0,47454,1662,2274,0,0,0,0,0
490,2270,491.5534169000456,99913,2406,1160,69,14,20900,10386,0.3131324252099326,1293,675,18227,14682,11590,5512,16413,27955,36797,24145,0,0,26832,9475,10205,1004,938,33,0,0,0,0,47512,1629,2285,0,0,0,0,0
491,2270,492.24890469151785,99911,2447,1152,71,14,21142,10523,0.3169320695418923,1263,643,18043,14492,11639,5584,16535,28113,37076,24372,0,0,26325,9477,10455,1014,975,36,0,0,0,0,47729,1613,2287,0,0,0,0,0
492,2270,493.66132885970256,99908,2362,1106,73,15,21576,10758,0.3236377467269888,1241,603,17850,14372,11959,5763,16513,28139,37348,24595,0,0,25631,9643,10887,1069,1029,38,0,0,0,0,47743,1584,2284,0,0,0,0,0
493,2270,494.37220369701754,99907,2338,1076,74,15,21788,10851,0.32669382525748947,1222,627,17681,14197,12055,5812,16628,28271,37614,24815,0,0,25163,9643,11144,1089,1061,42,0,0,0,0,47913,1545,2307,0,0,0,0,0
494,2270,495.0909194504333,99907,2330,1077,74,15,22021,10975,0.3302671484480567,1204,607,17522,14026,12150,5869,16718,28404,37874,25031,0,0,24679,9655,11401,1107,1094,44,0,0,0,0,48093,1518,2316,0,0,0,0,0
495,2270,496.54977310260887,99906,2339,1081,75,15,22496,11208,0.33735711568874743,1173,592,17289,13909,12427,6002,16695,28399,38128,25244,0,0,24076,9783,11781,1144,1157,45,0,0,0,0,48109,1483,2328,0,0,0,0,0
496,2270,497.2850142417761,99905,2280,1065,76,15,22707,11306,0.34045343075922124,1153,593,17125,13768,12561,6023,16803,28534,38376,25453,0,0,23604,9792,12041,1173,1187,49,0,0,0,0,48265,1458,2336,0,0,0,0,0
497,2270,498.0279636849629,99903,2265,1043,78,15,22920,11398,0.34351320781157724,1163,610,16973,13623,12651,6065,16868,28642,38618,25659,0,0,23159,9793,12281,1199,1216,49,0,0,0,0,48425,1426,2355,0,0,0,0,0
498,2270,499.53641034648115,99898,2220,1014,81,17,23387,11613,0.35035736451180205,1101,597,16790,13549,12941,6224,16865,28597,38855,25861,0,0,22558,9944,12662,1235,1296,52,0,0,0,0,48396,1396,2359,0,0,0,0,0
499,2270,500.2957516538135,99898,2194,1021,81,17,23586,11732,0.3535406114236521,1070,576,16673,13432,13017,6249,16963,28703,39086,26059,0,0,22162,9922,12898,1250,1339,58,0,0,0,0,48522,1373,2374,0,0,0,0,0
500,2270,501.05929825665174,99898,2170,1018,81,17,23802,11832,0.35670383791467297,1032,569,16539,13316,13133,6278,17043,28800,39312,26254,0,0,21763,9913,13131,1267,1388,59,0,0,0,0,48646,1343,2388,0,0,0,0,0
501,2270,502.5756604524965,99896,2125,1041,83,17,24188,12061,0.36286738207736047,1008,557,16428,13227,13315,6383,17039,28773,39532,26445,0,0,21277,9974,13500,1303,1457,65,0,0,0,0,48613,1319,2388,0,0,0,0,0
502,2270,503.3368141998219,99894,2044,1026,84,18,24365,12164,0.3656776182753719,1033,552,16315,13115,13413,6428,17109,28859,39747,26633,0,0,20877,9979,13752,1316,1504,68,0,0,0,0,48704,1296,2398,0,0,0,0,0
503,2270,504.09419956841026,99891,1967,998,86,19,24539,12259,0.3683815358741028,1020,538,16197,13009,13533,6472,17195,28962,39957,26818,0,0,20494,9973,14003,1337,1547,74,0,0,0,0,48788,1271,2404,0,0,0,0,0
504,2270,505.60115110638435,99889,1944,990,87,20,24909,12452,0.37402516793640944,988,512,16092,12978,13730,6575,17157,28923,40161,26999,0,0,20065,9993,14376,1376,1605,79,0,0,0,0,48738,1247,2410,0,0,0,0,0
505,2270,506.3582734992962,99889,1917,969,87,20,25095,12535,0.37671815715444146,964,503,16010,12882,13785,6613,17235,29011,40360,27177,0,0,19722,9955,14612,1399,1646,81,0,0,0,0,48834,1226,2414,0,0,0,0,0
506,2270,507.1125916892444,99889,1903,963,87,20,25284,12635,0.3796113686191673,919,482,15925,12785,13846,6659,17318,29089,40555,27351,0,0,19395,9919,14849,1410,1690,83,0,0,0,0,48915,1205,2423,0,0,0,0,0
507,2270,508.6125321950807,99888,1842,938,88,20,25630,12822,0.3849511452827166,905,441,15831,12805,14056,6765,17276,29029,40745,27522,0,0,18987,9936,15221,1458,1761,87,0,0,0,0,48836,1182,2420,0,0,0,0,0
508,2270,509.3661580024341,99887,1803,903,89,20,25794,12892,0.3872976463403646,893,449,15737,12743,14145,6787,17331,29096,40930,27690,0,0,18663,9908,15457,1472,1802,87,0,0,0,0,48908,1165,2425,0,0,0,0,0
509,2270,510.1173600392288,99886,1787,899,90,20,25979,12985,0.39008469655407163,864,421,15636,12675,14234,6833,17387,29150,41110,27855,0,0,18341,9879,15647,1489,1851,92,0,0,0,0,49009,1153,2425,0,0,0,0,0
510,2270,511.6142029925554,99886,1745,891,90,20,26310,13139,0.3949402318643253,827,418,15559,12692,14429,6903,17348,29074,41286,28017,0,0,17940,9922,15946,1522,1913,97,0,0,0,0,48985,1135,2426,0,0,0,0,0
511,2270,512.3665530902683,99886,1721,876,90,20,26473,13217,0.39735298239993594,804,407,15475,12632,14500,6934,17408,29129,41457,28175,0,0,17634,9900,16135,1533,1958,100,0,0,0,0,49075,1122,2429,0,0,0,0,0
512,2270,513.1164094453256,99886,1654,897,90,20,26618,13301,0.3996455959794165,800,403,15408,12553,14589,6938,17457,29187,41624,28330,0,0,17354,9858,16332,1552,1999,104,0,0,0,0,49150,1101,2436,0,0,0,0,0
513,2270,514.6104121379961,99884,1569,886,92,20,26901,13466,0.40413880100917066,789,413,15353,12530,14770,7029,17425,29120,41787,28482,0,0,16986,9894,16628,1581,2077,109,0,0,0,0,49093,1085,2431,0,0,0,0,0
514,2270,515.3608144510337,99884,1549,880,92,20,27047,13554,0.40648151856153136,754,386,15303,12477,14812,7059,17488,29176,41946,28631,0,0,16721,9856,16844,1585,2112,111,0,0,0,0,49144,1073,2438,0,0,0,0,0
515,2270,516.1092368885809,99884,1523,872,92,20,27174,13633,0.40854391093668657,756,372,15232,12425,14847,7094,17548,29215,42101,28777,0,0,16447,9835,17006,1591,2156,113,0,0,0,0,49233,1060,2443,0,0,0,0,0
516,2270,517.5996074336995,99882,1477,832,94,20,27483,13787,0.4131875613223604,699,335,15197,12454,15007,7200,17524,29157,42252,28920,0,0,16118,9847,17307,1622,2250,114,0,0,0,0,49145,1048,2431,0,0,0,0,0
517,2270,518.3472702851286,99882,1443,791,94,20,27602,13842,0.4149296169479986,687,342,15148,12408,15052,7236,17574,29201,42399,29060,0,0,15859,9821,17473,1627,2300,118,0,0,0,0,49219,1040,2425,0,0,0,0,0
518,2270,519.0935032963553,99881,1427,781,94,21,27738,13912,0.41699622550835497,660,332,15094,12338,15100,7272,17623,29254,42542,29198,0,0,15605,9794,17625,1644,2342,119,0,0,0,0,49302,1023,2427,0,0,0,0,0
519,2270,520.5811895519688,99880,1352,742,95,21,27972,14039,0.4206147376852223,632,311,15108,12369,15210,7358,17601,29197,42682,29333,0,0,15305,9795,17873,1674,2421,125,0,0,0,0,49252,1013,2422,0,0,0,0,0
520,2270,521.3283368697878,99880,1334,752,95,21,28100,14099,0.4224969963956748,614,309,15045,12349,15250,7346,17660,29221,42818,29465,0,0,15094,9745,18039,1680,2454,127,0,0,0,0,49313,997,2431,0,0,0,0,0
521,2270,522.0734054544107,99880,1304,738,95,21,28225,14156,0.42431918301962357,584,305,15008,12316,15295,7354,17712,29264,42951,29594,0,0,14885,9699,18223,1686,2496,128,0,0,0,0,49346,984,2433,0,0,0,0,0
522,2270,523.5574810038331,99879,1238,700,95,22,28419,14254,0.4272469688322871,579,316,15011,12374,15375,7405,17700,29181,43080,29721,0,0,14639,9674,18473,1713,2545,137,0,0,0,0,49292,969,2437,0,0,0,0,0
523,2270,524.3018456255134,99878,1234,690,95,23,28536,14322,0.42910350627765875,560,299,14976,12368,15384,7419,17749,29199,43206,29845,0,0,14451,9620,18654,1713,2576,141,0,0,0,0,49320,961,2442,0,0,0,0,0
524,2270,525.0443152711368,99878,1233,674,95,23,28652,14383,0.43087566831534474,521,293,14942,12357,15391,7438,17816,29213,43329,29967,0,0,14261,9573,18812,1715,2614,145,0,0,0,0,49364,951,2443,0,0,0,0,0
525,2270,526.5233486133145,99876,1179,631,97,23,28852,14481,0.43386799631543116,498,288,14950,12453,15480,7469,17794,29134,43449,30086,0,0,14028,9555,19049,1729,2680,152,0,0,0,0,49306,938,2439,0,0,0,0,0
526,2270,527.2651833609912,99876,1146,610,97,23,28940,14528,0.4352196723937683,491,271,14949,12447,15488,7484,17827,29163,43566,30203,0,0,13842,9524,19192,1724,2720,156,0,0,0,0,49347,926,2445,0,0,0,0,0
527,2270,528.0052561926107,99876,1107,597,97,23,29016,14572,0.43642116224117905,482,273,14945,12435,15487,7483,17880,29187,43680,30317,0,0,13661,9482,19335,1721,2756,159,0,0,0,0,49398,921,2443,0,0,0,0,0
528,2270,529.4819133593475,99875,1078,599,98,23,29207,14690,0.4395193992490613,467,241,14957,12505,15541,7539,17857,29091,43791,30429,0,0,13428,9474,19527,1747,2807,161,0,0,0,0,49380,909,2442,0,0,0,0,0
529,2270,530.2224435568589,99874,1039,582,99,23,29290,14741,0.44086549051805274,455,218,14943,12519,15551,7552,17911,29104,43899,30538,0,0,13269,9422,19703,1753,2833,163,0,0,0,0,49386,896,2449,0,0,0,0,0
530,2270,531.6985357499912,99874,982,559,99,23,29459,14828,0.4434287201874362,429,225,14999,12594,15622,7595,17867,29002,44004,30645,0,0,13057,9416,19916,1766,2884,165,0,0,0,0,49332,887,2451,0,0,0,0,0
531,2270,532.4394622531386,99874,982,528,99,23,29542,14860,0.44458017101547953,411,229,15000,12584,15606,7608,17900,29026,44106,30750,0,0,12921,9353,20061,1764,2917,167,0,0,0,0,49358,880,2453,0,0,0,0,0
532,2270,533.1792618788575,99874,965,511,99,23,29623,14891,0.44570158399583476,395,233,14988,12595,15611,7601,17940,29035,44206,30853,0,0,12779,9290,20188,1772,2950,167,0,0,0,0,49397,872,2459,0,0,0,0,0
533,2270,534.6553419709115,99874,897,484,99,23,29757,14978,0.44791437210885715,387,209,15034,12673,15679,7646,17902,28963,44303,30954,0,0,12610,9259,20386,1786,3015,169,0,0,0,0,49338,855,2456,0,0,0,0,0
534,2270,535.3957899374236,99873,868,462,100,23,29819,15009,0.4488500395502288,396,207,15040,12657,15666,7664,17928,28985,44398,31052,0,0,12468,9215,20510,1785,3047,169,0,0,0,0,49370,846,2463,0,0,0,0,0
535,2270,536.1355843579802,99873,851,466,100,23,29892,15054,0.450031540055871,378,193,15048,12682,15655,7657,17966,28977,44490,31148,0,0,12334,9165,20622,1792,3076,170,0,0,0,0,49411,835,2468,0,0,0,0,0
536,2270,537.6123274667862,99872,806,437,101,23,30018,15121,0.45196851970522267,365,181,15138,12804,15676,7681,17912,28872,44580,31242,0,0,12177,9138,20795,1806,3122,174,0,0,0,0,49372,819,2469,0,0,0,0,0
537,2270,538.3536268217719,99871,786,411,101,24,30091,15146,0.45295431106126904,344,192,15141,12823,15691,7679,17935,28869,44668,31334,0,0,12051,9086,20911,1805,3161,175,0,0,0,0,49397,815,2470,0,0,0,0,0
538,2270,539.0942420924467,99871,750,409,101,24,30142,15173,0.4537353185609436,337,192,15148,12839,15686,7670,17976,28864,44754,31424,0,0,11919,9054,20990,1802,3196,177,0,0,0,0,49452,803,2478,0,0,0,0,0
539,2270,540.5730587925152,99871,702,384,101,24,30263,15231,0.45552763064353013,323,193,15258,12957,15686,7691,17928,28749,44837,31513,0,0,11763,9031,21133,1820,3242,182,0,0,0,0,49430,792,2478,0,0,0,0,0
540,2270,541.3147456049842,99871,688,375,101,24,30326,15263,0.4564788577264671,301,185,15282,12992,15668,7690,17958,28732,44918,31600,0,0,11655,8981,21234,1825,3269,186,0,0,0,0,49456,782,2483,0,0,0,0,0
541,2270,542.0560921007084,99870,667,359,102,24,30384,15294,0.45737458696305194,283,186,15281,13010,15679,7696,17986,28723,44997,31685,0,0,11532,8941,21332,1827,3298,188,0,0,0,0,49490,776,2486,0,0,0,0,0
542,2270,543.5362440657202,99868,624,339,104,24,30487,15345,0.4589257820322826,264,185,15369,13123,15685,7714,17952,28613,45074,31768,0,0,11393,8917,21478,1837,3335,190,0,0,0,0,49465,765,2488,0,0,0,0,0
543,2270,544.2783697738503,99868,611,338,104,24,30547,15382,0.45989706412464454,245,170,15386,13156,15678,7713,17974,28597,45149,31849,0,0,11300,8861,21594,1835,3355,195,0,0,0,0,49476,759,2493,0,0,0,0,0
544,2270,545.0200393648418,99868,592,345,104,24,30593,15415,0.4606881083029599,244,158,15419,13182,15655,7693,17984,28596,45222,31929,0,0,11194,8822,21685,1831,3374,199,0,0,0,0,49513,757,2493,0,0,0,0,0
545,2270,546.5019618739209,99868,557,335,104,24,30690,15473,0.4622401570072496,226,148,15512,13288,15667,7700,17932,28503,45294,32007,0,0,11077,8786,21808,1834,3420,205,0,0,0,0,49494,755,2489,0,0,0,0,0
546,2270,547.2459481121315,99868,538,316,104,24,30732,15498,0.4629110425762006,223,150,15531,13319,15642,7702,17960,28487,45364,32083,0,0,10966,8758,21885,1828,3445,211,0,0,0,0,49532,753,2490,0,0,0,0,0
547,2270,548.7320653354587,99867,527,298,105,24,30818,15554,0.46433756896672573,228,133,15632,13429,15609,7723,17897,28391,45432,32158,0,0,10853,8732,22000,1831,3478,214,0,0,0,0,49520,743,2496,0,0,0,0,0
548,2270,549.4777555113824,99866,506,288,106,24,30861,15579,0.465023130995534,230,123,15656,13469,15594,7720,17906,28374,45498,32231,0,0,10759,8703,22082,1823,3509,214,0,0,0,0,49540,733,2503,0,0,0,0,0
549,2270,550.2231615271994,99866,493,290,106,24,30908,15609,0.4657941641800012,217,109,15682,13493,15578,7709,17922,28373,45563,32302,0,0,10668,8660,22157,1824,3536,215,0,0,0,0,49574,729,2503,0,0,0,0,0
550,2270,551.7132789672788,99866,458,279,106,24,30990,15654,0.46706586826347307,203,98,15793,13604,15562,7705,17876,28288,45626,32372,0,0,10557,8634,22268,1836,3558,223,0,0,0,0,49564,719,2507,0,0,0,0,0
551,2270,552.460569595813,99865,451,263,107,24,31019,15675,0.46757122114855054,209,91,15822,13644,15519,7708,17890,28268,45687,32440,0,0,10477,8594,22346,1834,3574,226,0,0,0,0,49590,712,2512,0,0,0,0,0
552,2270,553.207830742021,99865,439,246,107,24,31058,15695,0.4681620187252791,199,84,15843,13687,15509,7712,17901,28245,45747,32507,0,0,10390,8554,22418,1840,3594,229,0,0,0,0,49621,706,2513,0,0,0,0,0
553,2270,554.7012016523047,99864,417,239,108,24,31129,15728,0.4692081230473444,186,88,15944,13813,15482,7680,17861,28154,45805,32573,0,0,10303,8517,22511,1843,3626,232,0,0,0,0,49616,702,2514,0,0,0,0,0
554,2270,555.4502592889484,99864,429,217,108,24,31174,15736,0.4697388448289674,166,99,15966,13842,15447,7682,17882,28134,45862,32637,0,0,10221,8491,22573,1833,3649,233,0,0,0,0,49651,698,2515,0,0,0,0,0
555,2270,556.1988180022009,99864,409,217,108,24,31195,15761,0.4701994712809421,175,89,15994,13882,15417,7668,17895,28118,45918,32700,0,0,10142,8462,22637,1828,3669,234,0,0,0,0,49681,692,2519,0,0,0,0,0
556,2270,557.6939880549476,99864,410,215,108,24,31260,15793,0.4711707922774974,177,88,16111,14002,15358,7663,17834,28006,45972,32762,0,0,10060,8436,22705,1821,3701,237,0,0,0,0,49698,689,2517,0,0,0,0,0
557,2270,558.4438884148062,99864,390,203,108,24,31294,15806,0.4716414323479933,170,88,16127,14048,15353,7654,17850,27981,46025,32822,0,0,9982,8406,22766,1820,3724,241,0,0,0,0,49726,686,2513,0,0,0,0,0
558,2270,559.1938087801434,99864,373,184,108,24,31327,15818,0.47209204518144676,162,90,16171,14081,15327,7647,17857,27972,46077,32881,0,0,9911,8371,22849,1819,3739,244,0,0,0,0,49736,682,2513,0,0,0,0,0
559,2270,560.6928502973842,99864,354,171,108,24,31381,15848,0.47293318913722665,156,89,16313,14214,15272,7637,17795,27863,46127,32939,0,0,9823,8351,22931,1820,3765,245,0,0,0,0,49739,679,2511,0,0,0,0,0
560,2270,561.4446271437703,99864,354,171,108,24,31418,15863,0.47345389730032844,139,87,16362,14269,15230,7609,17805,27838,46176,32996,0,0,9767,8311,23000,1812,3782,247,0,0,0,0,49756,677,2512,0,0,0,0,0
561,2270,562.1970192160599,99863,326,163,108,25,31438,15876,0.473789091054745,136,84,16422,14312,15196,7602,17810,27812,46224,33051,0,0,9697,8287,23059,1807,3804,247,0,0,0,0,49775,672,2515,0,0,0,0,0
562,2270,563.7013243748004,99863,302,170,108,25,31503,15912,0.4748004766530146,121,72,16534,14465,15181,7564,17752,27702,46271,33105,0,0,9617,8263,23134,1811,3829,250,0,0,0,0,49775,668,2516,0,0,0,0,0
563,2270,564.455677269413,99863,289,161,108,25,31530,15922,0.47517098424842036,112,70,16599,14516,15149,7552,17741,27674,46317,33158,0,0,9553,8239,23182,1808,3849,251,0,0,0,0,49799,661,2521,0,0,0,0,0
564,2270,565.2106636511699,99863,288,166,108,25,31558,15943,0.47566165646936304,95,56,16670,14569,15102,7531,17735,27651,46362,33210,0,0,9492,8210,23233,1804,3865,251,0,0,0,0,49827,658,2523,0,0,0,0,0
565,2270,566.7224509241545,99863,270,163,108,25,31586,15970,0.4762124110030742,109,51,16775,14700,15045,7512,17691,27547,46406,33261,0,0,9427,8187,23295,1800,3881,256,0,0,0,0,49837,656,2524,0,0,0,0,0
566,2270,567.4807444699019,99863,259,160,108,25,31609,15978,0.4765228362857114,104,56,16826,14753,15020,7494,17681,27510,46448,33311,0,0,9373,8152,23350,1798,3895,257,0,0,0,0,49862,653,2523,0,0,0,0,0
567,2270,568.2388022745968,99863,254,153,108,25,31627,15991,0.47683326156834865,108,52,16870,14839,14981,7482,17677,27447,46489,33360,0,0,9324,8117,23412,1793,3903,260,0,0,0,0,49878,651,2525,0,0,0,0,0
568,2270,569.7562557150618,99863,246,140,108,25,31672,16013,0.4775041807275968,104,45,16998,14990,14937,7464,17605,27334,46529,33408,0,0,9261,8097,23457,1791,3934,262,0,0,0,0,49887,647,2527,0,0,0,0,0
569,2270,570.5176348969035,99863,243,132,108,25,31697,16018,0.4778045922914393,97,51,17060,15050,14894,7444,17596,27296,46569,33455,0,0,9210,8062,23511,1791,3946,262,0,0,0,0,49910,645,2526,0,0,0,0,0
570,2270,571.2797571745334,99863,239,127,108,25,31717,16025,0.4780749626988975,95,49,17100,15110,14865,7422,17591,27265,46608,33501,0,0,9155,8040,23552,1789,3955,264,0,0,0,0,49938,641,2529,0,0,0,0,0
571,2270,572.0423614073842,99863,230,119,108,25,31732,16033,0.4783052782311767,94,51,17150,15169,14826,7412,17590,27222,46646,33546,0,0,9110,8017,23595,1777,3971,268,0,0,0,0,49955,638,2532,0,0,0,0,0
572,2270,573.5683151902208,99863,226,114,108,25,31762,16052,0.4787959504521194,86,46,17267,15304,14767,7375,17544,27134,46683,33590,0,0,9057,7993,23640,1776,3988,270,0,0,0,0,49970,635,2534,0,0,0,0,0
573,2270,574.3334119212064,99863,225,105,108,25,31780,16057,0.4790262659843986,78,50,17315,15361,14734,7367,17538,27090,46719,33633,0,0,9003,7970,23679,1776,3997,270,0,0,0,0,50000,633,2535,0,0,0,0,0
574,2270,575.0986004736899,99861,216,103,110,25,31794,16064,0.4792461521514906,82,47,17367,15423,14692,7343,17531,27057,46754,33675,0,0,8955,7941,23713,1781,4001,273,0,0,0,0,50029,630,2538,0,0,0,0,0
575,2270,576.6300421346069,99860,194,92,111,25,31820,16081,0.4796815541758462,77,35,17479,15584,14655,7317,17482,26945,46788,33716,0,0,8905,7924,23757,1775,4028,276,0,0,0,0,50030,627,2538,0,0,0,0,0
576,2270,577.3975958270313,99860,191,92,111,25,31835,16087,0.47989184858802325,73,34,17535,15641,14617,7297,17471,26909,46821,33757,0,0,8869,7890,23796,1773,4038,277,0,0,0,0,50052,625,2540,0,0,0,0,0
577,2270,578.165949011833,99860,177,86,111,25,31845,16094,0.4800620869216904,71,38,17577,15681,14588,7288,17474,26880,46854,33797,0,0,8827,7858,23831,1776,4049,279,0,0,0,0,50075,623,2542,0,0,0,0,0
578,2270,579.6964454722493,99860,170,84,111,25,31872,16107,0.4804626477067895,66,33,17708,15825,14528,7251,17415,26780,46886,33836,0,0,8774,7843,23875,1776,4059,279,0,0,0,0,50090,619,2545,0,0,0,0,0
579,2270,580.457438128335,99860,165,87,111,25,31885,16116,0.480682956138594,63,28,17774,15894,14491,7228,17394,26736,46917,33874,0,0,8730,7821,23907,1776,4065,280,0,0,0,0,50117,617,2547,0,0,0,0,0
580,2270,581.216310396836,99860,158,81,111,25,31901,16121,0.4808932505507711,53,24,17836,15977,14462,7210,17378,26681,46947,33911,0,0,8695,7796,23950,1772,4076,281,0,0,0,0,50127,614,2549,0,0,0,0,0
581,2270,582.7261026634408,99860,150,73,111,25,31922,16125,0.48114360104145804,42,30,17966,16126,14394,7181,17335,26563,46977,33948,0,0,8647,7783,23990,1766,4084,284,0,0,0,0,50144,612,2550,0,0,0,0,0
582,2270,583.4765804647053,99860,142,75,111,25,31929,16130,0.4812637692769878,44,27,18043,16181,14332,7157,17326,26533,47006,33984,0,0,8611,7756,24022,1764,4091,285,0,0,0,0,50169,612,2550,0,0,0,0,0
583,2270,584.2249567037982,99860,137,70,111,25,31936,16134,0.48137392349289004,44,33,18101,16243,14291,7137,17314,26490,47034,34019,0,0,8573,7738,24054,1759,4098,286,0,0,0,0,50190,610,2552,0,0,0,0,0
584,2270,585.7130759774757,99860,128,70,111,25,31957,16145,0.4816943721209694,38,31,18233,16376,14232,7108,17256,26388,47062,34053,0,0,8531,7719,24090,1758,4106,289,0,0,0,0,50205,609,2553,0,0,0,0,0
585,2270,586.45315666924,99860,119,68,111,25,31963,16152,0.4818245543761266,42,25,18267,16426,14205,7098,17254,26356,47089,34087,0,0,8491,7700,24119,1759,4112,290,0,0,0,0,50230,606,2553,0,0,0,0,0
586,2270,587.1907859559435,99860,116,63,111,25,31972,16157,0.48196475065091127,43,23,18341,16475,14151,7088,17236,26324,47116,34120,0,0,8462,7682,24152,1752,4120,292,0,0,0,0,50241,601,2558,0,0,0,0,0
587,2270,588.6605173940707,99860,111,54,111,25,31989,16164,0.48220508712197074,33,26,18466,16617,14096,7064,17181,26212,47142,34152,0,0,8431,7661,24188,1749,4134,293,0,0,0,0,50248,597,2559,0,0,0,0,0
588,2270,589.3911329460824,99860,107,54,111,25,31995,16166,0.4822851992789906,39,26,18508,16665,14058,7050,17175,26178,47167,34184,0,0,8399,7641,24215,1747,4137,294,0,0,0,0,50271,594,2562,0,0,0,0,0
589,2270,590.1197087479793,99860,106,55,111,25,32006,16174,0.4824754656519127,35,20,18563,16720,14016,7027,17167,26151,47192,34215,0,0,8372,7617,24246,1743,4145,295,0,0,0,0,50286,592,2564,0,0,0,0,0
590,2270,591.1623818103224,99860,106,56,111,25,32009,16178,0.482545563789305,33,18,18569,16745,13994,7020,17185,26134,47216,34246,0,0,8340,7600,24269,1738,4149,296,0,0,0,0,50312,592,2564,0,0,0,0,0
591,2270,592.3271286222401,99860,91,47,111,25,32020,16183,0.4827057881033447,33,19,18742,16931,13910,6980,17111,25996,47240,34276,0,0,8307,7585,24305,1735,4161,297,0,0,0,0,50316,589,2565,0,0,0,0,0
592,2270,593.0473132477069,99860,90,48,111,25,32020,16184,0.48271580212297216,34,18,18728,16920,13898,6972,17137,26015,47263,34305,0,0,8283,7560,24330,1733,4164,297,0,0,0,0,50340,588,2565,0,0,0,0,0
593,2270,594.3170878495982,99860,75,41,111,25,32035,16189,0.4829160825155217,32,22,18913,17127,13818,6930,17049,25853,47286,34334,0,0,8247,7541,24366,1734,4173,299,0,0,0,0,50350,588,2562,0,0,0,0,0
594,2270,595.0305535560616,99860,74,42,111,25,32041,16194,0.483026236731424,26,20,18971,17193,13786,6914,17030,25804,47308,34362,0,0,8221,7523,24390,1730,4179,300,0,0,0,0,50368,587,2562,0,0,0,0,0
595,2270,596.3691278627704,99860,69,40,111,25,32048,16198,0.48313639094732624,22,16,19046,17271,13741,6892,17009,25754,47330,34390,0,0,8196,7499,24414,1730,4189,300,0,0,0,0,50385,586,2561,0,0,0,0,0
596,2270,597.140485543044,99859,63,38,112,25,32055,16201,0.48324137033216835,22,15,19114,17353,13697,6869,16990,25698,47351,34417,0,0,8173,7478,24443,1727,4197,300,0,0,0,0,50395,585,2561,0,0,0,0,0
597,2270,598.0412102892076,99859,61,39,112,25,32059,16205,0.4833214832914409,22,13,19155,17390,13665,6858,16983,25673,47372,34444,0,0,8149,7455,24471,1726,4200,300,0,0,0,0,50412,585,2561,0,0,0,0,0
598,2270,599.0780464782093,99859,56,35,112,25,32064,16208,0.4834015962507135,21,11,19243,17506,13619,6830,16947,25591,47392,34470,0,0,8124,7435,24496,1726,4205,301,0,0,0,0,50427,584,2561,0,0,0,0,0
599,2270,600.0264692152593,99859,56,36,112,25,32070,16212,0.48350173744980424,20,10,19281,17560,13592,6809,16937,25558,47412,34496,0,0,8102,7416,24519,1722,4210,302,0,0,0,0,50443,583,2562,0,0,0,0,0
600,2270,601.1910963542488,99859,53,31,112,25,32082,16216,0.4836619633683494,20,8,19427,17726,13507,6775,16879,25433,47431,34521,0,0,8079,7400,24546,1719,4220,302,0,0,0,0,50449,581,2563,0,0,0,0,0
601,2270,602.382462353027,99859,51,24,112,25,32088,16217,0.48373206220771287,21,12,19554,17882,13438,6743,16822,25312,47450,34546,0,0,8052,7388,24566,1715,4228,302,0,0,0,0,50465,579,2564,0,0,0,0,0
602,2270,603.0727667009493,99859,52,24,112,25,32089,16218,0.48375209044753104,20,12,19552,17886,13423,6737,16839,25314,47469,34570,0,0,8027,7372,24583,1713,4230,302,0,0,0,0,50489,579,2564,0,0,0,0,0
603,2270,604.2777284420617,99859,51,23,112,25,32096,16222,0.4838622457665308,17,13,19643,17984,13378,6719,16797,25234,47487,34594,0,0,7999,7358,24599,1715,4232,303,0,0,0,0,50510,577,2566,0,0,0,0,0
604,2270,605.2000897983849,99859,51,19,112,25,32101,16223,0.48392233048598526,13,13,19719,18057,13331,6696,16772,25188,47505,34617,0,0,7974,7346,24617,1711,4238,303,0,0,0,0,50527,577,2566,0,0,0,0,0
605,2270,606.1130027968928,99859,47,15,112,25,32105,16225,0.48398241520543966,19,13,19816,18180,13280,6675,16724,25090,47522,34640,0,0,7948,7337,24634,1710,4242,303,0,0,0,0,50542,574,2569,0,0,0,0,0
606,2270,607.3802556521526,99859,45,14,112,25,32110,16225,0.48403248580498504,18,16,19890,18227,13236,6658,16697,25058,47539,34662,0,0,7930,7319,24655,1707,4246,304,0,0,0,0,50555,574,2569,0,0,0,0,0
607,2270,608.162412232147,99859,45,17,112,25,32113,16229,0.4841025846443485,21,13,19965,18324,13190,6633,16665,24986,47556,34684,0,0,7912,7305,24669,1701,4254,304,0,0,0,0,50571,573,2570,0,0,0,0,0
608,2270,609.0154331362907,99859,43,16,112,25,32118,16231,0.484172683483712,19,13,20046,18423,13137,6605,16641,24916,47572,34706,0,0,7895,7286,24691,1701,4256,305,0,0,0,0,50582,571,2572,0,0,0,0,0
609,2270,610.0594423500386,99859,39,16,112,25,32121,16234,0.48423276820316646,16,12,20108,18494,13102,6591,16621,24860,47588,34727,0,0,7880,7270,24711,1696,4264,305,0,0,0,0,50590,570,2573,0,0,0,0,0
610,2270,611.0640193750672,99859,42,15,112,25,32128,16236,0.4843228952823481,12,11,20209,18604,13046,6559,16577,24784,47604,34748,0,0,7857,7259,24727,1694,4267,305,0,0,0,0,50607,569,2574,0,0,0,0,0
611,2270,612.1026345330644,99859,39,17,112,25,32129,16239,0.4843629517619844,13,8,20260,18684,13010,6538,16564,24726,47619,34768,0,0,7841,7240,24747,1694,4269,305,0,0,0,0,50620,569,2574,0,0,0,0,0
612,2270,613.2200558378092,99859,39,14,112,25,32136,16240,0.484443064721257,11,11,20359,18786,12954,6523,16523,24639,47634,34788,0,0,7819,7229,24765,1693,4272,305,0,0,0,0,50633,568,2575,0,0,0,0,0
613,2270,614.0233205687184,99859,35,20,112,25,32140,16246,0.48454320592034766,9,7,20409,18849,12925,6498,16508,24599,47649,34808,0,0,7801,7216,24777,1691,4273,309,0,0,0,0,50649,567,2576,0,0,0,0,0
614,2270,615.6307420548468,99858,29,15,112,26,32144,16247,0.484598129343668,16,9,20584,19022,12822,6458,16435,24468,47663,34827,0,0,7782,7206,24795,1689,4278,310,0,0,0,0,50657,565,2576,0,0,0,0,0
615,2270,616.0556741596353,99858,31,14,112,26,32147,16247,0.484628172004246,13,9,20597,19037,12804,6452,16441,24460,47677,34846,0,0,7763,7194,24809,1688,4279,310,0,0,0,0,50674,564,2577,0,0,0,0,0
616,2270,617.0019477928637,99858,33,16,112,26,32155,16252,0.4847583568667508,7,5,20745,19187,12740,6416,16361,24348,47691,34865,0,0,7745,7179,24829,1688,4281,310,0,0,0,0,50685,564,2577,0,0,0,0,0
617,2270,618.1603624610109,99858,32,16,112,26,32156,16252,0.4847683710869435,11,6,20810,19255,12694,6397,16339,24298,47705,34883,0,0,7728,7166,24844,1688,4281,310,0,0,0,0,50700,562,2579,0,0,0,0,0
618,2270,619.0983509586907,99858,31,15,112,26,32158,16253,0.4847984137475215,9,5,20884,19321,12654,6382,16308,24249,47718,34901,0,0,7710,7156,24856,1686,4282,312,0,0,0,0,50715,562,2579,0,0,0,0,0
619,2270,620.0648001922095,99858,31,12,112,26,32162,16254,0.48484848484848486,9,6,20963,19390,12618,6356,16265,24208,47731,34919,0,0,7694,7140,24874,1687,4284,312,0,0,0,0,50726,562,2579,0,0,0,0,0
620,2270,621.1564599267679,99858,31,11,112,26,32165,16254,0.48487852750906285,10,9,21060,19490,12567,6330,16218,24132,47744,34936,0,0,7676,7132,24880,1685,4289,312,0,0,0,0,50743,560,2581,0,0,0,0,0
621,2270,622.2094897790337,99858,32,10,112,26,32168,16256,0.48492859861002624,8,8,21137,19582,12523,6308,16186,24064,47757,34953,0,0,7655,7124,24889,1685,4291,312,0,0,0,0,50761,559,2582,0,0,0,0,0
622,2270,623.0019022130532,99858,30,9,112,26,32169,16257,0.4849486270504116,8,8,21203,19643,12484,6292,16161,24020,47769,34970,0,0,7638,7115,24901,1684,4293,312,0,0,0,0,50774,557,2584,0,0,0,0,0
623,2270,624.5817074151438,99858,19,7,112,26,32170,16258,0.48496865549079693,9,8,21328,19803,12426,6246,16104,23908,47781,34986,0,0,7624,7103,24919,1683,4298,313,0,0,0,0,50778,557,2583,0,0,0,0,0
624,2270,625.0423065506544,99858,19,8,112,26,32170,16260,0.4849886839311823,9,7,21374,19855,12392,6235,16092,23867,47793,35002,0,0,7608,7094,24929,1682,4299,313,0,0,0,0,50793,555,2585,0,0,0,0,0
625,2270,626.0265864429844,99858,19,8,112,26,32173,16261,0.48502874081195296,9,8,21444,19950,12357,6208,16057,23798,47805,35018,0,0,7594,7080,24943,1682,4301,313,0,0,0,0,50805,555,2585,0,0,0,0,0
626,2270,627.1665033276429,99858,17,7,112,26,32174,16263,0.485058783472531,9,6,21547,20098,12301,6179,16012,23682,47816,35033,0,0,7578,7072,24954,1679,4305,313,0,0,0,0,50817,555,2585,0,0,0,0,0
627,2270,628.1642636067207,99858,16,8,112,26,32176,16265,0.4850988403533017,7,4,21616,20170,12274,6163,15973,23627,47827,35048,0,0,7563,7064,24963,1678,4308,313,0,0,0,0,50830,553,2586,0,0,0,0,0
628,2270,629.0035772867626,99858,18,7,112,26,32178,16267,0.4851388972340724,9,3,21690,20256,12230,6145,15939,23561,47838,35063,0,0,7547,7057,24973,1675,4311,313,0,0,0,0,50843,553,2586,0,0,0,0,0
629,2270,630.0327115978544,99858,22,8,112,26,32184,16271,0.4852390394359991,29,25,21780,20380,12174,6110,15881,23449,47849,35078,0,0,7530,7048,24985,1675,4312,313,0,0,0,0,50856,553,2586,0,0,0,0,0
630,2270,631.0517417494675,99858,23,15,112,26,32187,16279,0.48534919585811853,31,19,21849,20446,12138,6090,15845,23402,47859,35092,0,0,7520,7036,24994,1673,4317,313,0,0,0,0,50866,553,2586,0,0,0,0,0
631,2270,632.2073790469938,99858,28,21,112,26,32197,16288,0.48553946604177933,29,15,21940,20541,12092,6069,15797,23326,47869,35106,0,0,7507,7027,25001,1672,4320,313,1,0,0,5,50873,551,2588,0,0,0,0,0
632,2270,633.1994467778536,99858,32,20,112,26,32206,16290,0.48564962246389876,31,22,22025,20635,12035,6048,15763,23247,47879,35120,0,0,7493,7019,25007,1671,4324,313,2,0,0,9,50882,549,2589,0,0,0,0,0
633,2270,634.1094553013553,99858,41,23,112,26,32217,16294,0.48579983576678887,29,24,22096,20705,11983,6034,15737,23186,47889,35134,0,0,7480,7009,25014,1670,4328,313,2,0,0,9,50895,549,2589,0,0,0,0,0
634,2270,635.1137184059205,99858,43,30,112,26,32225,16302,0.4859600632898716,35,22,22196,20797,11937,6011,15675,23112,47899,35147,0,0,7470,6997,25026,1669,4328,314,3,0,0,14,50899,548,2590,0,0,0,0,0
635,2270,636.1134510834644,99858,47,30,112,26,32235,16306,0.48610026237256904,36,22,22288,20877,11890,5994,15625,23049,47909,35160,0,0,7457,6988,25029,1667,4337,314,4,0,0,16,50909,548,2589,0,0,0,0,0
636,2270,637.1091204781015,99858,53,28,112,26,32245,16310,0.4862404614552665,41,23,22350,20975,11850,5982,15592,22964,47918,35173,0,0,7445,6980,25032,1665,4344,314,4,0,0,21,50916,548,2589,0,0,0,0,0
637,2270,638.1018185981962,99858,52,30,112,26,32254,16316,0.48639067475815656,51,26,22426,21056,11807,5961,15550,22899,47927,35186,0,0,7431,6973,25036,1662,4349,315,6,0,0,29,50920,548,2589,0,0,0,0,0
638,2270,639.0910073522865,99858,58,31,112,26,32271,16322,0.48662100182258805,46,23,22500,21147,11773,5940,15509,22831,47936,35198,0,0,7419,6965,25039,1659,4357,315,7,0,0,38,50922,548,2589,0,0,0,0,0
639,2270,640.0768076938375,99858,66,36,112,26,32285,16330,0.4868413146668269,43,24,22585,21222,11730,5918,15462,22772,47945,35210,0,0,7407,6955,25046,1658,4361,315,8,0,0,42,50929,548,2589,0,0,0,0,0
640,2270,641.0588237649106,99858,73,38,112,26,32302,16336,0.4870716417312584,43,25,22670,21317,11695,5901,15405,22691,47954,35222,0,0,7393,6949,25051,1653,4365,317,12,0,0,49,50932,548,2589,0,0,0,0,0
641,2270,642.0370445561406,99858,76,42,112,26,32313,16345,0.48727192613511183,49,20,22759,21389,11644,5884,15358,22637,47962,35234,0,0,7380,6939,25056,1655,4368,317,12,0,0,56,50938,548,2589,0,0,0,0,0
642,2270,643.2062294540636,99858,86,39,112,26,32334,16348,0.487512267419736,53,28,22835,21494,11606,5866,15306,22545,47970,35246,0,0,7366,6932,25058,1655,4374,317,13,0,0,66,50941,548,2588,0,0,0,0,0
643,2270,644.1769885787102,99858,85,43,112,26,32344,16356,0.4876925233832041,54,28,22931,21601,11559,5853,15257,22447,47978,35257,0,0,7356,6923,25063,1654,4378,318,14,0,0,75,50941,548,2588,0,0,0,0,0
644,2270,645.1438185584117,99858,88,49,112,26,32359,16365,0.4879328646678283,69,29,23007,21682,11519,5838,15203,22374,47986,35268,0,0,7343,6921,25058,1651,4387,319,14,0,0,82,50947,547,2589,0,0,0,0,0
645,2270,646.107188012495,99858,94,50,112,26,32376,16374,0.48819323439283785,71,27,23080,21757,11490,5826,15151,22312,47994,35279,0,0,7332,6914,25060,1651,4389,322,15,0,0,93,50946,546,2590,0,0,0,0,0
646,2270,647.0675057222836,99858,93,51,112,26,32390,16383,0.48842356145726934,74,27,23138,21856,11469,5822,15112,22216,48002,35290,0,0,7320,6905,25063,1648,4398,322,17,0,0,105,50944,546,2590,0,0,0,0,0
647,2270,648.025060774911,99857,102,49,113,26,32410,16388,0.4886788106993,73,34,23233,21933,11422,5808,15055,22148,48010,35301,0,0,7309,6897,25063,1648,4407,322,17,0,0,113,50946,546,2589,0,0,0,0,0
648,2270,649.2963450636425,99857,106,51,113,26,32431,16396,0.4889692259931702,80,47,23313,22023,11385,5788,15001,22063,48017,35312,0,0,7297,6886,25069,1647,4413,322,22,0,0,125,50941,546,2589,0,0,0,0,0
649,2270,650.2465600744003,99857,116,50,113,26,32453,16402,0.48924962696656216,93,50,23383,22116,11351,5774,14942,21982,48024,35322,0,0,7289,6875,25074,1647,4418,323,24,0,0,135,50937,546,2589,0,0,0,0,0
650,2270,651.1936545573716,99857,124,58,113,26,32481,16414,0.4896501997856935,89,56,23452,22185,11324,5754,14896,21919,48031,35332,0,0,7276,6867,25075,1648,4424,323,28,0,0,148,50933,545,2590,0,0,0,0,0
651,2270,652.1378603136957,99857,120,65,113,26,32497,16429,0.48996064372052034,116,49,23508,22272,11296,5734,14845,21852,48038,35342,0,0,7265,6856,25078,1650,4430,325,31,0,0,160,50929,544,2589,0,0,0,0,0
652,2270,653.0794583343463,99857,121,57,113,26,32516,16434,0.49020098741199913,127,57,23568,22333,11271,5727,14798,21798,48045,35352,0,0,7248,6848,25075,1651,4441,325,37,0,0,172,50928,544,2588,0,0,0,0,0
653,2270,654.0187100977413,99856,135,66,114,26,32544,16449,0.4906365165838808,130,58,23626,22412,11239,5712,14754,21724,48052,35362,0,0,7238,6841,25074,1649,4449,327,39,0,0,179,50928,544,2588,0,0,0,0,0
654,2270,655.2668998125263,99856,161,73,114,26,32591,16465,0.49126742509213267,118,58,23732,22529,11194,5691,14679,21621,48059,35372,0,0,7227,6828,25075,1651,4459,328,45,0,0,189,50923,543,2588,0,0,0,0,0
655,2270,656.1992796565105,99856,168,81,114,26,32616,16482,0.49168803076430057,119,65,23802,22599,11163,5678,14632,21549,48066,35381,0,0,7214,6821,25074,1650,4470,328,48,0,0,200,50922,542,2587,0,0,0,0,0
656,2270,657.1287155003128,99856,175,83,114,26,32642,16497,0.4920986220157026,119,69,23850,22694,11146,5673,14594,21453,48072,35390,0,0,7206,6807,25076,1654,4480,328,51,0,0,215,50912,542,2585,0,0,0,0,0
657,2270,658.0561690117663,99856,173,86,114,26,32663,16509,0.4924290979009774,137,76,23893,22771,11132,5655,14549,21384,48078,35399,0,0,7195,6798,25073,1657,4489,328,53,0,0,231,50905,541,2586,0,0,0,0,0
658,2270,659.2892495545972,99856,185,100,114,26,32701,16535,0.4930700208299952,150,79,23978,22860,11090,5647,14481,21286,48084,35408,0,0,7183,6784,25075,1664,4493,330,60,0,0,248,50893,539,2587,0,0,0,0,0
659,2270,660.2109998678364,99856,208,110,114,26,32744,16559,0.4937409870213107,148,75,24021,22927,11072,5644,14435,21216,48090,35417,0,0,7171,6777,25072,1668,4497,333,62,0,0,267,50884,538,2587,0,0,0,0,0
660,2270,661.1309020541503,99856,216,117,114,26,32781,16577,0.49429178016343533,150,79,24063,22984,11063,5630,14392,21162,48096,35426,0,0,7159,6766,25074,1668,4505,335,69,0,0,287,50869,538,2586,0,0,0,0,0
661,2270,662.049011086591,99856,209,120,114,26,32804,16594,0.49469235699407144,176,90,24101,23043,11051,5620,14347,21099,48102,35435,0,0,7148,6745,25076,1677,4517,335,76,0,0,302,50858,538,2584,0,0,0,0,0
662,2270,663.270210586863,99856,232,135,114,26,32860,16628,0.4955936548630027,188,75,24181,23154,11006,5611,14277,20997,48108,35443,0,0,7140,6733,25067,1682,4529,339,77,0,0,327,50840,537,2585,0,0,0,0,0
663,2270,664.1832689787327,99856,256,136,114,26,32915,16644,0.4963046787373818,187,78,24218,23229,10993,5596,14230,20933,48114,35451,0,0,7130,6720,25064,1686,4543,339,82,0,0,350,50822,537,2583,0,0,0,0,0
664,2270,665.0946856298302,99856,263,147,114,26,32961,16676,0.49708580355712223,181,79,24253,23296,10994,5590,14193,20860,48120,35459,0,0,7117,6711,25057,1691,4552,346,88,0,0,377,50802,535,2580,0,0,0,0,0
665,2270,666.0046961316212,99856,264,137,114,26,33011,16692,0.4977467553276719,194,97,24284,23353,10993,5594,14149,20791,48126,35467,0,0,7104,6701,25043,1695,4568,351,93,0,0,416,50771,534,2580,0,0,0,0,0
666,2270,667.2155033654298,99856,274,153,114,26,33075,16726,0.49872816856273033,199,95,24352,23452,10988,5583,14071,20689,48131,35475,0,0,7087,6688,25035,1701,4581,355,104,0,0,449,50744,533,2579,0,0,0,0,0
667,2270,668.1212521360504,99856,285,150,114,26,33125,16746,0.4994291780163435,210,103,24392,23500,10971,5597,14026,20622,48136,35483,0,0,7074,6679,25026,1703,4594,359,111,0,0,481,50718,533,2578,0,0,0,0,0
668,2270,669.0252280912656,99856,288,159,114,26,33178,16768,0.5001802595737862,229,106,24434,23560,10967,5594,13966,20553,48141,35491,0,0,7063,6667,25014,1707,4617,361,117,0,0,506,50698,532,2574,0,0,0,0,0
669,2270,670.2277312532381,99856,311,166,114,26,33262,16802,0.5013619612241628,237,109,24484,23636,10951,5596,13901,20465,48146,35499,0,0,7049,6650,25000,1716,4642,364,127,0,0,542,50666,529,2571,0,0,0,0,0
670,2270,671.1276343129333,99856,330,173,114,26,33320,16837,0.5022933023553917,230,106,24529,23687,10943,5607,13852,20399,48151,35506,0,0,7037,6642,24986,1719,4657,368,132,0,0,578,50637,529,2571,0,0,0,0,0
671,2270,672.0257656326264,99856,337,178,114,26,33367,16859,0.502984297388239,244,114,24562,23758,10942,5598,13799,20324,48156,35513,0,0,7029,6629,24979,1723,4672,371,136,0,0,605,50614,529,2569,0,0,0,0,0
672,2270,673.2206400278325,99856,361,183,114,26,33435,16891,0.5039857394648294,257,126,24618,23818,10926,5602,13722,20243,48161,35520,0,0,7022,6619,24970,1722,4690,375,140,0,0,645,50577,529,2567,0,0,0,0,0
673,2270,674.1149066003431,99856,396,192,114,26,33503,16915,0.5049070661752925,255,136,24641,23877,10910,5595,13682,20172,48166,35527,0,0,7013,6604,24967,1728,4702,377,145,0,0,665,50561,529,2565,0,0,0,0,0
674,2270,675.0076934058093,99856,395,208,114,26,33554,16949,0.5057582919403941,280,142,24670,23927,10908,5593,13631,20102,48171,35534,0,0,7005,6592,24958,1731,4720,382,149,0,0,696,50533,527,2563,0,0,0,0,0
675,2270,676.1960376189044,99856,418,232,114,26,33646,16999,0.5071803396891523,300,153,24703,24010,10906,5590,13557,19987,48176,35541,0,0,6998,6580,24938,1734,4751,385,153,0,0,744,50488,525,2560,0,0,0,0,0
676,2270,677.0854583503578,99856,428,247,114,26,33714,17038,0.508251882711104,315,164,24747,24060,10897,5591,13497,19910,48181,35548,0,0,6984,6569,24920,1742,4772,391,162,0,0,776,50460,522,2558,0,0,0,0,0
677,2270,678.2682769943191,99856,450,254,114,26,33795,17088,0.5095637718314373,364,157,24785,24124,10876,5608,13409,19829,48186,35555,0,0,6970,6561,24897,1742,4808,393,171,0,0,826,50413,522,2553,0,0,0,0,0
678,2270,679.1536664604347,99855,471,248,115,26,33870,17117,0.5106103850583346,381,180,24809,24164,10876,5625,13346,19755,48190,35562,0,0,6955,6551,24876,1746,4832,399,177,0,0,863,50383,521,2552,0,0,0,0,0
679,2270,680.0379300255606,99855,483,255,115,26,33949,17160,0.5118321566271093,403,174,24823,24210,10883,5643,13291,19690,48194,35568,0,0,6942,6536,24851,1755,4863,401,186,0,0,911,50338,520,2552,0,0,0,0,0
680,2270,681.2155291142224,99854,509,253,116,26,34055,17202,0.5133194463917319,440,223,24845,24258,10888,5659,13200,19579,48198,35574,0,0,6924,6522,24823,1764,4896,406,199,0,0,969,50284,519,2548,0,0,0,0,0
681,2270,682.0971976150882,99854,547,258,116,26,34144,17243,0.5146213471668636,434,239,24871,24294,10882,5673,13148,19508,48202,35580,0,0,6911,6508,24806,1767,4925,408,211,0,0,1005,50248,519,2546,0,0,0,0,0
682,2270,683.270533734589,99854,588,282,116,26,34262,17307,0.516444008252048,462,259,24877,24338,10886,5682,13069,19411,48206,35586,0,0,6899,6491,24784,1775,4957,412,220,0,0,1061,50195,517,2543,0,0,0,0,0
683,2270,684.1494863021601,99853,604,303,116,27,34355,17367,0.5179814327060779,483,256,24878,24372,10913,5697,13004,19343,48210,35592,0,0,6885,6479,24764,1781,4984,417,231,0,0,1118,50138,514,2542,0,0,0,0,0
684,2270,685.0280367540888,99852,615,344,117,27,34459,17439,0.5197492288587109,491,246,24876,24405,10955,5710,12944,19266,48214,35598,0,0,6865,6462,24731,1790,5023,422,246,0,0,1162,50098,512,2541,0,0,0,0,0
685,2270,686.1986370543764,99852,659,340,117,27,34607,17501,0.5218523414653687,499,264,24874,24432,10989,5745,12860,19190,48218,35604,0,0,6841,6446,24698,1799,5067,427,263,0,0,1245,50021,510,2535,0,0,0,0,0
686,2270,687.0761974230256,99852,653,352,117,27,34695,17551,0.523234386892601,532,276,24856,24459,11029,5762,12811,19122,48222,35610,0,0,6821,6432,24671,1807,5104,431,276,0,0,1306,49966,509,2529,0,0,0,0,0
687,2270,688.2465259146413,99851,689,367,117,28,34846,17618,0.5254228800913361,553,289,24840,24498,11072,5784,12727,19032,48226,35616,0,0,6796,6414,24631,1819,5149,437,293,0,0,1381,49898,508,2525,0,0,0,0,0
688,2270,689.1242182811263,99851,719,391,117,28,34956,17686,0.527205536249011,589,293,24829,24506,11093,5803,12651,18977,48230,35622,0,0,6782,6401,24606,1824,5188,441,303,0,0,1438,49842,508,2518,0,0,0,0,0
689,2270,690.0014261618752,99850,771,406,118,28,35095,17746,0.5292038057085628,588,316,24818,24537,11120,5832,12583,18879,48234,35628,0,0,6765,6389,24581,1833,5219,443,315,0,0,1511,49773,505,2516,0,0,0,0,0
690,2270,691.1704812025737,99849,818,429,119,28,35270,17838,0.5318831435467556,613,329,24802,24588,11169,5863,12477,18761,48238,35633,0,0,6751,6363,24544,1852,5262,450,327,0,0,1614,49670,502,2514,0,0,0,0,0
691,2270,692.0469197990888,99849,833,433,119,28,35395,17906,0.5338160622540036,657,337,24779,24602,11222,5913,12388,18685,48242,35638,0,0,6727,6344,24519,1867,5294,458,345,0,0,1703,49585,501,2506,0,0,0,0,0
692,2270,693.215640314475,99849,888,460,119,28,35574,18011,0.5366603571392803,684,348,24748,24634,11264,5953,12295,18575,48246,35643,0,0,6707,6328,24475,1877,5343,469,357,0,0,1801,49490,501,2501,0,0,0,0,0
693,2270,694.0920345849813,99849,928,484,119,28,35731,18087,0.5389938807599475,702,368,24722,24656,11303,5974,12224,18488,48250,35648,0,0,6681,6306,24445,1893,5384,475,377,0,0,1876,49420,500,2492,0,0,0,0,0
694,2270,695.2607510293013,99848,986,487,120,28,35926,18187,0.5419537697299895,777,394,24675,24690,11324,6020,12116,18379,48254,35653,0,0,6662,6280,24407,1906,5434,485,393,0,0,2000,49296,499,2486,0,0,0,0,0
695,2270,696.1374165637042,99848,1062,523,120,28,36122,18287,0.5449182757791844,788,410,24636,24698,11366,6058,12026,18281,48257,35658,0,0,6642,6257,24368,1919,5488,490,408,0,0,2082,49216,499,2479,0,0,0,0,0
696,2270,697.0144583836567,99848,1071,551,120,28,36289,18377,0.5474921881259515,816,406,24586,24734,11461,6094,11944,18185,48260,35663,0,0,6609,6233,24329,1937,5538,496,436,0,0,2185,49114,497,2474,0,0,0,0,0
697,2270,698.1853041481253,99848,1144,589,120,28,36529,18504,0.5511677750180274,864,402,24520,24765,11516,6156,11834,18058,48263,35668,0,0,6578,6208,24269,1956,5606,502,462,0,0,2309,48991,497,2470,0,0,0,0,0
698,2270,699.0643338277525,99848,1184,622,120,28,36727,18605,0.5541623267366397,865,427,24482,24768,11593,6196,11754,17957,48266,35673,0,0,6548,6180,24216,1979,5667,510,484,0,0,2403,48902,496,2463,0,0,0,0,0
699,2270,700.2373067072754,99846,1260,649,122,28,37018,18750,0.5585401518338241,908,456,24377,24760,11689,6281,11642,17824,48269,35678,0,0,6518,6157,24135,1991,5762,523,509,0,0,2558,48742,494,2457,0,0,0,0,0
700,2270,701.1189440936662,99845,1299,683,122,29,37204,18862,0.561530372076719,977,470,24283,24768,11753,6328,11564,17720,48272,35683,0,0,6490,6137,24094,2001,5818,529,535,0,0,2667,48628,493,2453,0,0,0,0,0
701,2270,702.0023490791896,99845,1349,704,122,29,37428,18978,0.5649356502578997,995,483,24212,24770,11853,6395,11467,17617,48275,35688,0,0,6459,6104,24047,2030,5865,541,560,0,0,2804,48495,490,2450,0,0,0,0,0
702,2270,703.1830299023491,99845,1409,737,122,29,37732,19141,0.5696128999949922,1044,498,24111,24771,11967,6485,11345,17478,48278,35693,0,0,6421,6063,23977,2063,5950,555,595,0,0,2986,48309,490,2436,0,0,0,0,0
703,2270,704.0704978513193,99845,1450,760,122,29,37967,19259,0.5731483799889829,1106,520,24013,24780,12069,6547,11238,17362,48281,35698,0,0,6391,6028,23916,2094,6022,567,620,0,0,3118,48180,488,2421,0,0,0,0,0
704,2270,705.257454732119,99845,1528,773,122,29,38307,19418,0.5781461264960689,1135,561,23883,24766,12228,6646,11102,17223,48284,35703,0,0,6349,5997,23839,2124,6094,592,656,0,0,3328,47969,484,2413,0,0,0,0,0
705,2270,706.1508244140489,99843,1571,825,122,31,38578,19556,0.5822541389982272,1169,575,23768,24728,12351,6705,11017,17134,48287,35707,0,0,6307,5967,23765,2152,6181,604,691,0,0,3453,47841,482,2400,0,0,0,0,0
706,2270,707.0469564285461,99842,1631,847,123,31,38834,19693,0.5861961899801686,1239,606,23667,24703,12426,6779,10912,17032,48290,35711,0,0,6273,5942,23692,2170,6262,616,722,0,0,3595,47693,480,2397,0,0,0,0,0
707,2270,708.245035720773,99839,1743,903,126,31,39238,19885,0.5921834152986308,1294,664,23519,24681,12566,6858,10750,16861,48293,35715,0,0,6219,5908,23591,2195,6373,633,769,0,0,3785,47501,480,2385,0,0,0,0,0
708,2270,709.1465558727867,99839,1814,938,126,31,39527,20019,0.5964202365808953,1374,704,23380,24652,12673,6923,10631,16750,48296,35719,0,0,6180,5877,23522,2217,6453,648,806,0,0,3917,47364,476,2379,0,0,0,0,0
709,2270,710.0509687158338,99838,1876,1001,127,31,39834,20204,0.6013541937939462,1407,710,23267,24613,12790,7003,10531,16640,48299,35723,0,0,6145,5830,23459,2258,6520,663,836,0,0,4104,47177,473,2373,0,0,0,0,0
710,2270,711.2613916403668,99838,1993,1030,127,31,40264,20420,0.6078246759750796,1466,775,23099,24541,12933,7126,10380,16495,48302,35727,0,0,6085,5793,23360,2277,6640,686,892,0,0,4331,46941,471,2362,0,0,0,0,0
711,2270,712.1732893736663,99837,2058,1065,128,31,40616,20591,0.613069302963831,1466,815,22963,24487,13106,7226,10277,16374,48305,35731,0,0,6043,5756,23268,2301,6759,696,931,0,0,4531,46736,469,2347,0,0,0,0,0
712,2270,713.0892553587125,99837,2090,1100,128,31,40925,20778,0.6180374009635706,1564,802,22810,24457,13229,7326,10177,16282,48308,35735,0,0,6004,5716,23190,2329,6853,708,966,0,0,4758,46505,467,2341,0,0,0,0,0
713,2270,714.0095371408814,99836,2190,1129,129,31,41302,20961,0.6236527905765455,1620,842,22629,24408,13358,7427,10072,16161,48311,35739,0,0,5966,5677,23091,2356,6969,723,1000,0,0,4959,46297,466,2332,0,0,0,0,0
714,2270,715.2446168421955,99834,2344,1192,130,32,41811,21232,0.6314782539014765,1703,854,22390,24352,13540,7570,9891,15998,48314,35743,0,0,5909,5617,22970,2398,7117,740,1052,0,0,5207,46035,465,2324,0,0,0,0,0
715,2270,716.1766936733229,99834,2420,1252,130,32,42211,21438,0.6375483302281788,1761,881,22212,24295,13713,7655,9762,15883,48317,35747,0,0,5851,5571,22867,2432,7246,758,1102,0,0,5395,45840,463,2309,0,0,0,0,0
716,2270,717.1140586689352,99833,2521,1320,130,33,42639,21641,0.6438752717037453,1753,927,22037,24233,13907,7736,9650,15749,48320,35751,0,0,5805,5522,22762,2474,7368,774,1142,0,0,5595,45635,456,2300,0,0,0,0,0
717,2270,718.057184653378,99833,2583,1345,130,33,43054,21873,0.6503560946781124,1800,942,21855,24172,14099,7882,9531,15624,48323,35755,0,0,5743,5487,22627,2500,7535,795,1197,0,0,5832,45386,453,2278,0,0,0,0,0
718,2270,719.0064669702765,99831,2656,1401,131,34,43474,22141,0.6572607707024872,1867,954,21666,24096,14278,8025,9400,15488,48326,35759,0,0,5687,5441,22513,2530,7696,811,1248,0,0,6075,45127,448,2255,0,0,0,0,0
719,2270,720.2816681991661,99829,2783,1446,133,34,44064,22440,0.6661791663745004,1986,1016,21377,24004,14489,8198,9230,15300,48328,35763,0,0,5612,5376,22360,2585,7862,848,1316,0,0,6393,44797,443,2237,0,0,0,0,0
720,2270,721.2463026349889,99827,2887,1508,135,34,44554,22697,0.6736754585432799,2018,1052,21146,23926,14694,8317,9118,15161,48330,35767,0,0,5560,5329,22241,2627,8005,875,1358,0,0,6653,44522,437,2220,0,0,0,0,0
721,2270,722.219362370493,99822,3000,1562,140,34,45095,22950,0.6816633607821923,2042,1108,20905,23831,14929,8446,8982,15017,48332,35771,0,0,5509,5272,22114,2666,8159,917,1402,0,0,6905,44243,437,2198,0,0,0,0,0
722,2270,723.2008940025129,99821,3079,1644,141,34,45573,23240,0.689363961491069,2149,1097,20704,23766,15101,8581,8824,14876,48334,35775,0,0,5453,5212,21996,2713,8317,945,1449,0,0,7151,43973,434,2178,0,0,0,0,0
723,2270,724.1891848142675,99816,3110,1698,145,35,46100,23524,0.6975234431353691,2171,1151,20496,23667,15377,8714,8699,14733,48336,35779,0,0,5391,5150,21839,2765,8510,982,1493,0,0,7441,43660,429,2156,0,0,0,0,0
724,2270,725.1859207987435,99813,3197,1749,148,35,46656,23810,0.7059801829421017,2219,1183,20255,23567,15624,8882,8555,14582,48338,35782,0,0,5318,5098,21668,2805,8720,1011,1553,0,0,7709,43365,426,2140,0,0,0,0,0
725,2270,726.1921693518168,99808,3307,1783,153,35,47249,24109,0.7149527092016672,2284,1221,20009,23474,15856,9058,8389,14427,48340,35785,0,0,5255,5046,21514,2843,8905,1049,1604,0,0,8044,43008,424,2116,0,0,0,0,0
726,2270,727.208038046744,99808,3404,1858,153,35,47839,24433,0.7241102917601795,2354,1221,19751,23366,16111,9229,8225,14289,48342,35788,0,0,5184,4978,21357,2896,9107,1087,1663,0,0,8319,42698,417,2102,0,0,0,0,0
727,2270,728.2341252510731,99808,3552,1872,153,35,48470,24735,0.7334582398204553,2381,1273,19523,23256,16328,9426,8061,14136,48344,35791,0,0,5107,4915,21197,2953,9316,1125,1728,0,0,8612,42367,409,2079,0,0,0,0,0
728,2270,729.2695695155793,99805,3626,1905,155,36,49066,25035,0.7424577926957567,2445,1345,19283,23111,16584,9608,7905,13993,48346,35794,0,0,5029,4850,21020,3006,9525,1174,1790,0,0,8905,42046,405,2055,0,0,0,0,0
729,2270,730.3157590538416,99802,3760,1945,157,37,49721,25376,0.7524598705436765,2482,1396,19000,22976,16842,9823,7757,13821,48348,35797,0,0,4963,4801,20857,3057,9728,1226,1837,0,0,9233,41673,396,2031,0,0,0,0,0
730,2270,731.020036659513,99800,3804,1981,159,37,50161,25632,0.7594488977955912,2506,1400,18840,22889,17029,9972,7660,13719,48350,35800,0,0,4907,4749,20743,3095,9884,1259,1885,0,0,9474,41396,391,2017,0,0,0,0,0
731,2270,732.0863882249198,99793,3893,1999,164,39,50845,25998,0.7700239495756216,2503,1393,18598,22791,17346,10228,7494,13548,48352,35803,0,0,4838,4677,20528,3155,10151,1309,1937,0,0,9832,40988,382,1996,0,0,0,0,0
732,2270,733.1653818881732,99792,3971,2109,165,39,51524,26390,0.7807639890973225,2557,1417,18308,22656,17658,10408,7339,13369,48354,35806,0,0,4763,4613,20340,3198,10389,1362,1999,0,0,10161,40614,373,1980,0,0,0,0,0
733,2270,734.2576418371815,99790,4102,2165,167,39,52254,26783,0.7920332698667201,2562,1461,18043,22528,17936,10632,7188,13173,48356,35809,0,0,4692,4543,20134,3246,10652,1427,2057,0,0,10478,40233,371,1957,0,0,0,0,0
734,2270,735.3620570119136,99787,4131,2217,169,40,52946,27183,0.8030003908324732,2663,1485,17721,22402,18290,10863,7024,12991,48358,35812,0,0,4602,4466,19937,3303,10898,1498,2135,0,0,10850,39804,358,1936,0,0,0,0,0
735,2270,736.0908011643656,99787,4156,2245,169,40,53431,27448,0.8105163999318549,2702,1522,17524,22306,18528,11009,6919,12876,48360,35815,0,0,4536,4422,19792,3332,11096,1536,2186,0,0,11098,39513,353,1923,0,0,0,0,0
736,2270,737.1642347932717,99784,4272,2274,171,41,54164,27856,0.8219754670087389,2732,1540,17247,22160,18793,11286,6783,12697,48362,35818,0,0,4461,4360,19594,3376,11366,1597,2244,0,0,11457,39075,346,1908,0,0,0,0,0
737,2270,738.2194352215097,99781,4303,2301,173,42,54870,28248,0.8330042793718243,2785,1646,16972,21990,19140,11529,6625,12490,48364,35821,0,0,4368,4288,19373,3437,11621,1669,2318,0,0,11849,38623,341,1894,0,0,0,0,0
738,2270,739.2542546578809,99777,4392,2389,177,42,55618,28710,0.8451647173196227,2788,1643,16707,21815,19453,11776,6481,12333,48366,35824,0,0,4300,4218,19168,3491,11886,1737,2372,0,0,12246,38152,336,1871,0,0,0,0,0
739,2270,740.2696659087055,99773,4390,2462,181,42,56310,29150,0.8565443556874104,2791,1647,16469,21668,19815,12011,6352,12168,48368,35827,0,0,4229,4132,18941,3564,12170,1821,2421,0,0,12586,37734,331,1844,0,0,0,0,0
740,2270,741.2666673990615,99772,4436,2527,182,42,56996,29538,0.8673174838632081,2847,1699,16221,21520,20100,12202,6212,12008,48370,35830,0,0,4150,4063,18757,3613,12419,1900,2484,0,0,12890,37345,328,1823,0,0,0,0,0
741,2270,742.2475088325884,99766,4485,2552,187,43,57671,29925,0.8780145540564922,2904,1722,15988,21399,20372,12452,6062,11830,48372,35833,0,0,4078,3997,18565,3664,12656,1986,2536,0,0,13239,36925,327,1793,0,0,0,0,0
742,2270,743.2133853701475,99761,4543,2611,190,45,58349,30328,0.8888944577540321,2880,1744,15763,21237,20674,12669,5948,11692,48374,35836,0,0,4011,3928,18380,3718,12899,2067,2580,0,0,13548,36536,321,1773,0,0,0,0,0
743,2270,744.1641406450033,99758,4609,2662,193,45,59036,30740,0.8999378495960224,2912,1760,15513,21097,20946,12910,5825,11524,48376,35839,0,0,3941,3868,18186,3767,13150,2146,2633,0,0,13877,36120,313,1757,0,0,0,0,0
744,2270,745.1003525122629,99756,4733,2714,194,46,59745,31139,0.9110629937046393,2893,1804,15280,20938,21206,13126,5692,11370,48378,35842,0,0,3856,3803,18005,3817,13412,2224,2703,0,0,14126,35780,302,1728,0,0,0,0,0
745,2270,746.02305643373,99751,4782,2819,198,47,60450,31593,0.9227275917033413,2876,1814,15055,20780,21504,13320,5583,11218,48380,35845,0,0,3789,3727,17808,3876,13690,2303,2741,0,0,14422,35391,299,1705,0,0,0,0,0
746,2270,747.2323007706703,99745,4862,2918,202,49,61354,32211,0.9380420071181513,2897,1721,14752,20619,21862,13635,5423,11056,48382,35848,0,0,3696,3632,17565,3955,14008,2422,2801,0,0,14857,34844,288,1677,0,0,0,0,0
747,2270,748.1249493409483,99741,4947,2886,204,51,62007,32550,0.9480253857490901,2889,1791,14552,20444,22096,13878,5310,10948,48384,35851,0,0,3630,3575,17408,4000,14259,2501,2844,0,0,15124,34466,282,1652,0,0,0,0,0
748,2270,749.0067018340229,99738,4930,2905,206,52,62615,32931,0.9579698810884517,2882,1833,14376,20293,22385,14112,5219,10803,48386,35854,0,0,3569,3504,17234,4051,14501,2584,2883,0,0,15447,34056,276,1633,0,0,0,0,0
749,2270,750.1653655775197,99736,4967,2949,208,52,63453,33433,0.9714245608406192,2868,1854,14104,20078,22761,14430,5090,10635,48388,35857,0,0,3489,3425,17009,4117,14819,2707,2927,0,0,15788,33573,270,1612,0,0,0,0,0
750,2270,751.020815691992,99731,4950,2978,213,52,64039,33839,0.9814200198534057,2904,1826,13902,19960,23043,14670,4986,10512,48390,35860,0,0,3419,3370,16813,4129,15109,2796,2983,0,0,16052,33206,266,1588,0,0,0,0,0
751,2270,752.1449449514494,99729,5027,3086,214,53,64883,34389,0.9954175816462614,2887,1794,13674,19775,23337,14925,4859,10365,48392,35863,0,0,3336,3292,16599,4183,15424,2913,3026,0,0,16360,32764,257,1575,0,0,0,0,0
752,2270,753.2522923338942,99726,4971,3058,215,55,65652,34885,1.0081322824539238,2880,1837,13456,19590,23720,15255,4756,10203,48394,35866,0,0,3263,3204,16331,4240,15820,3027,3062,0,0,16724,32252,253,1550,0,0,0,0,0
753,2270,754.0721834173794,99726,4994,3051,215,55,66248,35245,1.0177185488237772,2885,1859,13296,19452,23942,15504,4666,10077,48396,35868,0,0,3208,3152,16175,4269,16069,3119,3097,0,0,16976,31881,251,1529,0,0,0,0,0
754,2270,755.1530531861158,99725,4959,3010,215,56,67003,35684,1.0297016796189522,2877,1881,13111,19319,24268,15809,4568,9923,48398,35870,0,0,3142,3082,15923,4312,16407,3250,3134,0,0,17333,31392,247,1503,0,0,0,0,0
755,2270,756.220534010266,99722,5031,3091,217,57,67793,36232,1.0431499568801268,2875,1818,12901,19187,24523,16080,4451,9765,48400,35872,0,0,3064,3027,15693,4335,16724,3376,3190,0,0,17649,30943,243,1478,0,0,0,0,0
756,2270,757.0129914423075,99719,5081,3113,220,57,68384,36595,1.0527482225052398,2883,1820,12724,19073,24732,16289,4358,9646,48402,35874,0,0,3017,2987,15525,4364,16977,3457,3201,0,0,17873,30614,240,1464,0,0,0,0,0
757,2270,758.0579844261072,99717,5046,3111,221,58,69112,37050,1.064632911138522,2915,1877,12519,18932,25030,16519,4267,9501,48404,35876,0,0,2946,2927,15323,4409,17297,3593,3230,0,0,18139,30178,232,1443,0,0,0,0,0
758,2270,759.089656046013,99717,5012,3201,221,58,69856,37576,1.0773689541402167,2943,1825,12319,18798,25353,16754,4150,9362,48406,35878,0,0,2881,2859,15126,4441,17634,3707,3255,0,0,18444,29726,224,1420,0,0,0,0,0
759,2270,760.1089387511585,99716,5070,3227,222,58,70624,38046,1.0897950178506959,2938,1792,12109,18658,25607,17030,4052,9233,48408,35880,0,0,2809,2802,14920,4472,17964,3826,3286,0,0,18703,29324,218,1392,0,0,0,0,0
760,2270,761.117555708004,99713,5098,3194,223,60,71369,38492,1.1017720858864943,2888,1807,11944,18526,25891,17334,3954,9077,48410,35882,0,0,2743,2738,14714,4507,18240,3987,3319,0,0,18966,28909,215,1375,0,0,0,0,0
761,2270,762.1145839478562,99713,5093,3236,223,60,72116,38951,1.113866797709426,2852,1811,11748,18373,26225,17567,3857,8951,48412,35884,0,0,2668,2663,14502,4581,18548,4123,3348,0,0,19181,28531,211,1357,0,0,0,0,0
762,2270,763.0995326190963,99709,5043,3260,226,61,72790,39404,1.125214373827839,2846,1810,11584,18246,26506,17797,3793,8824,48414,35886,0,0,2606,2613,14292,4597,18865,4263,3377,0,0,19411,28139,208,1338,0,0,0,0,0
763,2270,764.074942838797,99707,5072,3280,228,61,73526,39847,1.1370615904600478,2848,1805,11417,18117,26728,18036,3705,8699,48416,35888,0,0,2554,2559,14092,4633,19145,4415,3389,0,0,19648,27752,203,1317,0,0,0,0,0
764,2270,765.0418211555105,99703,5029,3239,231,62,74171,40286,1.1479794991123637,2836,1797,11280,17990,27004,18354,3618,8556,48417,35890,0,0,2490,2497,13905,4675,19415,4568,3418,0,0,19897,27335,202,1301,0,0,0,0,0
765,2270,766.2384293792514,99702,5020,3208,231,63,75001,40832,1.161792140578925,2823,1786,11126,17822,27268,18697,3530,8422,48418,35892,0,0,2420,2422,13678,4739,19753,4751,3441,0,0,20176,26847,193,1282,0,0,0,0,0
766,2270,767.1872457762073,99700,4992,3205,233,63,75667,41246,1.1726479438314945,2811,1790,10971,17701,27524,18935,3467,8304,48419,35894,0,0,2370,2375,13493,4761,20035,4901,3451,0,0,20387,26476,188,1263,0,0,0,0,0
767,2270,768.1282856001892,99698,4945,3145,234,64,76309,41660,1.1832634556360209,2805,1790,10866,17592,27746,19215,3402,8192,48420,35896,0,0,2321,2331,13310,4762,20344,5056,3469,0,0,20606,26080,183,1236,0,0,0,0,0
768,2270,769.0626661059285,99695,4978,3158,236,65,77021,42103,1.1948843974121068,2705,1748,10744,17509,28007,19438,3328,8080,48421,35898,0,0,2265,2284,13135,4775,20656,5190,3479,0,0,20801,25713,180,1217,0,0,0,0,0
769,2270,770.2198680024853,99692,4920,3127,239,65,77777,42611,1.2075994061710067,2679,1764,10598,17381,28304,19718,3258,7943,48422,35900,0,0,2206,2222,12911,4838,20966,5401,3472,0,0,21002,25308,174,1192,0,0,0,0,0
770,2270,771.137908701899,99689,4861,3099,241,66,78381,42981,1.2174061330738597,2668,1763,10510,17287,28524,19940,3194,7843,48423,35902,0,0,2172,2176,12764,4860,21190,5576,3469,0,0,21173,24962,171,1176,0,0,0,0,0
771,2270,772.0501832717044,99687,4857,3126,243,66,79010,43399,1.2279334316410364,2663,1753,10386,17177,28722,20133,3127,7743,48424,35904,0,0,2123,2134,12614,4882,21438,5734,3474,0,0,21311,24655,165,1157,0,0,0,0,0
772,2270,773.1809979070061,99685,4822,3106,245,66,79779,43876,1.2404574409389577,2623,1815,10269,17008,29013,20389,3026,7614,48425,35906,0,0,2069,2073,12406,4913,21745,5943,3483,0,0,21486,24269,162,1136,0,0,0,0,0
773,2270,774.078737665447,99681,4826,3182,249,66,80389,44333,1.2512113642519638,2590,1744,10203,16901,29162,20581,2968,7524,48426,35908,0,0,2016,2051,12245,4920,21974,6103,3499,0,0,21629,23969,158,1117,0,0,0,0,0
774,2270,775.1944996067978,99678,4808,3131,251,67,81163,44804,1.2637392403539396,2535,1730,10095,16763,29422,20893,2887,7414,48427,35910,0,0,1964,1988,12061,4969,22297,6288,3501,0,0,21817,23548,149,1096,0,0,0,0,0
775,2270,776.0809362926705,99675,4733,3102,252,69,81702,45181,1.2729671432154501,2527,1769,9999,16655,29653,21090,2834,7313,48428,35912,0,0,1917,1956,11898,4968,22578,6447,3515,0,0,21902,23263,146,1085,0,0,0,0,0
776,2270,777.1812114812066,99673,4712,3112,253,70,82398,45700,1.2851825469284561,2479,1703,9910,16555,29870,21353,2774,7205,48429,35914,0,0,1874,1907,11706,4999,22893,6615,3515,0,0,22096,22864,142,1062,0,0,0,0,0
777,2270,778.0563344897954,99673,4683,3109,253,70,82952,46068,1.2944327952404362,2474,1692,9828,16471,30045,21532,2715,7124,48430,35916,0,0,1830,1866,11566,5024,23108,6767,3519,0,0,22232,22572,141,1048,0,0,0,0,0
778,2270,779.1443881556493,99670,4721,3096,255,71,83676,46499,1.3060599979933782,2442,1681,9759,16414,30167,21722,2654,7014,48431,35918,0,0,1795,1823,11400,5035,23374,6956,3518,0,0,22371,22238,137,1023,0,0,0,0,0
779,2270,780.0114822189634,99668,4694,3099,255,73,84237,46865,1.315387085122607,2378,1635,9678,16358,30384,21886,2609,6947,48432,35920,0,0,1761,1787,11255,5044,23592,7128,3513,0,0,22455,21985,134,1014,0,0,0,0,0
780,2270,781.0883899766868,99660,4579,3084,261,75,84870,47292,1.3261288380493679,2398,1643,9596,16264,30605,22098,2559,6834,48433,35922,0,0,1712,1737,11099,5047,23825,7348,3529,0,0,22600,21638,128,997,0,0,0,0,0
781,2270,782.1592912985076,99656,4522,3023,264,76,85503,47711,1.3367383800272938,2386,1633,9527,16165,30791,22361,2508,6740,48434,35924,0,0,1667,1690,10951,5061,24113,7532,3527,0,0,22718,21300,123,974,0,0,0,0,0
782,2270,783.0125917546171,99655,4473,3020,265,76,86012,48058,1.3453414279263458,2362,1599,9465,16116,30959,22529,2474,6658,48435,35926,0,0,1639,1648,10829,5078,24362,7654,3511,0,0,22818,21030,120,966,0,0,0,0,0
783,2270,784.0740819160468,99649,4370,2995,271,76,86622,48499,1.3559694527792552,2331,1580,9417,16040,31191,22755,2418,6552,48436,35928,0,0,1596,1614,10672,5065,24613,7869,3516,0,0,22952,20689,117,946,0,0,0,0,0
784,2270,785.1300516595824,99649,4298,2973,271,76,87206,48929,1.3661451695451032,2321,1541,9363,15989,31376,22977,2369,6442,48437,35930,0,0,1571,1580,10525,5079,24858,8069,3488,0,0,23056,20372,116,935,0,0,0,0,0
785,2270,786.1811490138984,99648,4231,2971,271,77,87804,49364,1.3765253692999357,2317,1505,9288,15894,31566,23189,2325,6362,48438,35932,0,0,1543,1550,10396,5075,25090,8271,3474,0,0,23177,20035,114,923,0,0,0,0,0
786,2270,787.0184585215031,99645,4216,2950,274,77,88298,49680,1.3846956696271764,2273,1494,9244,15843,31707,23342,2284,6292,48439,35934,0,0,1517,1526,10268,5067,25281,8424,3471,0,0,23276,19789,112,914,0,0,0,0,0
787,2270,788.0612481801371,99643,4161,2869,275,78,88864,50070,1.3943177142398362,2205,1481,9228,15780,31877,23578,2252,6212,48440,35936,0,0,1480,1494,10113,5064,25515,8637,3470,0,0,23351,19511,106,902,0,0,0,0,0
788,2270,789.1002231187538,99639,4131,2840,278,79,89423,50454,1.4038378546553056,2170,1444,9168,15727,32048,23766,2203,6142,48441,35938,0,0,1443,1463,9972,5058,25753,8807,3471,0,0,23449,19226,105,892,0,0,0,0,0
789,2270,790.1348501769461,99637,4078,2817,280,79,89978,50836,1.4132701707197126,2118,1401,9149,15670,32208,23967,2165,6064,48442,35940,0,0,1413,1430,9830,5063,25960,9002,3453,0,0,23535,18968,104,879,0,0,0,0,0
790,2270,791.1666793478939,99631,4022,2758,283,82,90531,51177,1.422328391765615,2151,1421,9094,15630,32330,24109,2118,5998,48443,35942,0,0,1374,1401,9701,5067,26143,9210,3446,0,0,23600,18716,102,871,0,0,0,0,0
791,2270,792.1949324072895,99630,3962,2727,284,82,91099,51541,1.4316972799357623,2106,1406,9058,15581,32511,24270,2077,5932,48444,35944,0,0,1333,1374,9594,5067,26331,9419,3438,0,0,23662,18461,99,852,0,0,0,0,0
792,2270,793.0150963977668,99629,3946,2691,285,82,91544,51837,1.4391492436941051,2072,1394,9049,15546,32597,24420,2049,5865,48445,35946,0,0,1303,1348,9510,5078,26493,9571,3435,0,0,23691,18259,97,844,0,0,0,0,0
793,2270,794.0377925760706,99626,3855,2591,288,82,92064,52167,1.4477244895910706,2042,1376,9015,15548,32788,24614,2010,5787,48446,35948,0,0,1267,1314,9389,5079,26684,9785,3435,0,0,23761,17982,95,835,0,0,0,0,0
794,2270,795.0576464754063,99623,3835,2528,291,82,92569,52505,1.456229987051183,1996,1340,9011,15528,32894,24803,1971,5717,48447,35950,0,0,1240,1291,9278,5084,26863,9972,3428,0,0,23817,17735,95,820,0,0,0,0,0
795,2270,796.0755473648372,99623,3842,2477,291,82,93102,52824,1.4647822290033425,1926,1335,9000,15515,32994,24940,1945,5649,48448,35952,0,0,1217,1259,9169,5084,27045,10157,3414,0,0,23853,17521,94,810,0,0,0,0,0
796,2270,797.0913948331491,99623,3791,2439,291,82,93602,53134,1.4729128815634944,1869,1338,8998,15487,33131,25074,1918,5578,48449,35954,0,0,1191,1234,9063,5053,27236,10346,3415,0,0,23896,17296,92,801,0,0,0,0,0
797,2270,798.1045989324978,99623,3709,2414,291,82,94095,53463,1.4811639882356484,1816,1283,8991,15454,33301,25228,1890,5537,48450,35956,0,0,1163,1212,8962,5028,27424,10554,3413,0,0,23885,17097,92,793,0,0,0,0,0
798,2270,799.1149231486005,99621,3620,2411,293,82,94543,53798,1.4890535128135634,1796,1252,9006,15434,33422,25349,1861,5470,48451,35958,0,0,1148,1188,8862,5050,27580,10745,3393,0,0,23910,16881,90,774,0,0,0,0,0
799,2270,800.1236138386961,99614,3523,2390,297,85,94980,54109,1.4966671351416467,1789,1246,9022,15393,33534,25483,1833,5401,48452,35960,0,0,1130,1168,8779,5027,27675,10966,3376,0,0,23964,16674,88,767,0,0,0,0,0
800,2270,801.1303086270567,99612,3416,2324,298,86,95407,54423,1.504136047865719,1770,1245,9017,15397,33686,25615,1811,5331,48453,35962,0,0,1107,1144,8666,5026,27878,11160,3354,0,0,23960,16473,86,758,0,0,0,0,0
801,2270,802.1349025120988,99612,3385,2322,298,86,95871,54748,1.5120567803075935,1757,1221,9021,15373,33756,25734,1781,5262,48454,35964,0,0,1084,1130,8582,5005,28011,11357,3345,0,0,23982,16288,84,744,0,0,0,0,0
802,2270,803.1382587563996,99611,3348,2288,299,86,96292,55061,1.519440624027467,1727,1174,9039,15372,33837,25870,1748,5208,48455,35966,0,0,1060,1112,8468,5018,28190,11528,3332,0,0,23962,16120,84,737,0,0,0,0,0
803,2270,804.1401902736858,99606,3279,2249,303,87,96684,55346,1.526313675882979,1696,1151,9045,15373,33943,25986,1732,5152,48456,35968,0,0,1044,1089,8362,5032,28356,11693,3305,0,0,23962,15954,83,726,0,0,0,0,0
804,2270,805.1408008700582,99605,3248,2197,304,87,97109,55624,1.5333868781687667,1684,1125,9051,15416,34001,26086,1710,5087,48457,35970,0,0,1030,1065,8281,5027,28495,11867,3290,0,0,24001,15753,81,715,0,0,0,0,0
805,2270,806.1409213283524,99604,3225,2175,305,87,97518,55902,1.5402995863619935,1677,1087,9053,15409,34052,26189,1686,5051,48458,35972,0,0,1015,1045,8201,5017,28599,12040,3276,0,0,24046,15577,80,708,0,0,0,0,0
806,2270,807.1402851217214,99603,3151,2136,306,87,97912,56148,1.5467405600232924,1683,1087,9063,15395,34137,26290,1658,5003,48459,35973,0,0,995,1039,8109,4995,28743,12220,3270,0,0,24025,15430,78,699,0,0,0,0,0
807,2270,808.138334028553,99603,3121,2083,306,87,98311,56397,1.5532463881609992,1656,1099,9083,15398,34195,26393,1637,4938,48460,35974,0,0,976,1022,8020,4976,28915,12371,3270,0,0,24015,15267,77,694,0,0,0,0,0
808,2270,809.1356003541202,99602,3080,2051,306,88,98707,56663,1.5599084355735828,1613,1072,9122,15402,34268,26503,1609,4882,48461,35975,0,0,960,1006,7937,4975,29022,12568,3256,0,0,23984,15131,76,687,0,0,0,0,0
809,2270,810.1318356404526,99601,3007,2044,307,88,99087,56970,1.5668216182568449,1558,1033,9147,15396,34403,26615,1576,4822,48462,35976,0,0,942,986,7868,4970,29148,12748,3244,0,0,23977,14968,76,674,0,0,0,0,0
810,2270,811.1265672245476,99600,2966,1969,308,88,99477,57200,1.573062248995984,1524,1041,9164,15362,34476,26752,1560,4786,48463,35977,0,0,926,967,7805,4982,29265,12916,3223,0,0,23967,14807,76,666,0,0,0,0,0
811,2270,812.1206770063561,99600,2950,1987,308,88,99851,57475,1.5795783132530121,1492,959,9196,15398,34508,26822,1544,4744,48464,35978,0,0,911,959,7728,4950,29397,13070,3217,0,0,23946,14684,74,664,0,0,0,0,0
812,2270,813.1145657632169,99595,2886,1978,311,90,100192,57725,1.5855916461669763,1470,915,9237,15415,34567,26893,1527,4707,48465,35979,0,0,895,945,7666,4945,29510,13241,3204,0,0,23895,14563,74,657,0,0,0,0,0
813,2270,814.1084068897285,99594,2864,1918,311,91,100558,57954,1.5915818221981244,1448,927,9275,15397,34601,27000,1499,4665,48466,35980,0,0,882,932,7599,4928,29654,13385,3188,0,0,23886,14413,73,654,0,0,0,0,0
814,2270,815.1021588108129,99594,2813,1894,311,91,100909,58183,1.5974054661927426,1449,889,9293,15413,34651,27090,1481,4621,48467,35981,0,0,870,919,7530,4908,29759,13549,3180,0,0,23881,14277,72,649,0,0,0,0,0
815,2270,816.0956316303728,99592,2789,1818,313,91,101252,58380,1.602859667443168,1414,888,9342,15443,34674,27173,1466,4585,48468,35982,0,0,861,905,7474,4899,29832,13720,3161,0,0,23882,14140,70,648,0,0,0,0,0
816,2270,817.0893577141113,99592,2739,1799,313,91,101595,58612,1.6086332235520926,1382,866,9357,15460,34753,27235,1454,4547,48469,35983,0,0,849,896,7402,4893,29926,13890,3147,0,0,23851,14031,67,640,0,0,0,0,0
817,2270,818.0822726594131,99592,2686,1781,313,91,101935,58818,1.6141155916137842,1379,874,9373,15467,34812,27275,1435,4510,48470,35984,0,0,842,886,7347,4880,30004,14068,3129,0,0,23808,13925,65,638,0,0,0,0,0
818,2270,819.0744363922604,99590,2639,1747,314,92,102273,59034,1.619710814338789,1332,875,9419,15461,34872,27344,1422,4479,48471,35985,0,0,834,872,7269,4866,30105,14234,3114,0,0,23787,13810,65,634,0,0,0,0,0
819,2270,820.0659502976015,99589,2614,1704,315,92,102595,59216,1.624787878179317,1311,896,9440,15493,34909,27365,1409,4448,48472,35986,0,0,823,861,7217,4863,30213,14362,3098,0,0,23766,13697,62,627,0,0,0,0,0
820,2270,821.05722895462,99589,2568,1670,315,92,102926,59428,1.630240287581962,1284,902,9459,15483,34977,27440,1395,4411,48473,35987,0,0,818,849,7161,4848,30323,14511,3073,0,0,23753,13571,61,621,0,0,0,0,0
821,2270,822.0479147736735,99586,2465,1651,318,92,103206,59646,1.6352901010182155,1300,873,9490,15500,35044,27505,1381,4377,48474,35988,0,0,806,841,7096,4822,30389,14696,3063,0,0,23726,13470,61,616,0,0,0,0,0
822,2270,823.0380981626529,99585,2432,1629,319,92,103519,59863,1.6406286087262139,1247,854,9553,15505,35076,27573,1371,4345,48475,35989,0,0,798,829,7039,4799,30469,14855,3048,0,0,23714,13363,60,611,0,0,0,0,0
823,2270,824.0281866828782,99585,2406,1606,319,92,103855,60080,1.6461816538635337,1185,807,9567,15558,35165,27633,1356,4302,48476,35990,0,0,786,820,6972,4796,30521,15026,3036,0,0,23718,13244,58,608,0,0,0,0,0
824,2270,825.017659751901,99585,2374,1609,319,92,104154,60291,1.6513029070643168,1147,772,9617,15598,35207,27669,1334,4258,48477,35991,0,0,775,813,6925,4783,30574,15188,3027,0,0,23685,13156,58,601,0,0,0,0,0
825,2270,826.0070559661273,99585,2313,1570,319,92,104426,60467,1.655801576542652,1131,765,9661,15644,35256,27718,1318,4209,48478,35992,0,0,764,804,6878,4788,30653,15324,3006,0,0,23665,13048,58,597,0,0,0,0,0
826,2270,827.1939509338933,99583,2247,1519,320,93,104747,60671,1.6611068154203026,1104,769,9723,15675,35302,27770,1302,4172,48479,35993,0,0,749,797,6820,4778,30755,15485,2995,0,0,23622,12938,55,589,0,0,0,0,0
827,2270,828.1832614557748,99582,2219,1510,321,93,105021,60865,1.665823140728244,1063,755,9775,15730,35335,27788,1285,4122,48480,35994,0,0,742,790,6768,4759,30810,15622,2987,0,0,23638,12827,55,584,0,0,0,0,0
828,2270,829.1727226431276,99580,2167,1516,322,94,105294,61049,1.6704458726651938,1028,741,9849,15761,35364,27794,1268,4092,48481,35995,0,0,737,784,6722,4734,30887,15760,2978,0,0,23607,12739,55,577,0,0,0,0,0
829,2270,830.1624329229329,99580,2119,1537,322,94,105551,61250,1.6750451897971481,1013,722,9894,15760,35393,27815,1257,4070,48482,35996,0,0,727,774,6692,4726,30915,15901,2961,0,0,23611,12643,55,575,0,0,0,0,0
830,2270,831.1523152993803,99580,2091,1500,322,94,105800,61444,1.679493874271942,1016,708,9930,15795,35399,27872,1240,4029,48483,35997,0,0,715,766,6662,4719,30964,16043,2954,0,0,23597,12541,53,566,0,0,0,0,0
831,2270,832.1426923539394,99577,2036,1476,325,94,106041,61624,1.6837723570704077,1013,681,9986,15830,35411,27918,1227,3999,48484,35998,0,0,708,763,6616,4693,31012,16195,2943,0,0,23573,12461,52,561,0,0,0,0,0
832,2270,833.133486671741,99577,1990,1401,325,94,106283,61781,1.6877793064663527,1010,677,10044,15868,35421,27992,1208,3966,48485,35999,0,0,698,755,6567,4689,31083,16330,2931,0,0,23558,12360,51,555,0,0,0,0,0
833,2270,834.12515004942,99576,1954,1345,325,95,106538,61943,1.691984012211778,979,682,10106,15920,35438,28014,1196,3942,48486,36000,0,0,689,748,6510,4672,31179,16463,2921,0,0,23514,12277,51,552,0,0,0,0,0
834,2270,835.1179096919918,99574,1954,1305,325,97,106799,62097,1.6961857513005403,935,681,10154,15985,35441,28021,1189,3909,48487,36001,0,0,681,744,6480,4658,31230,16592,2915,0,0,23473,12202,51,548,0,0,0,0,0
835,2270,836.1113062710419,99573,1913,1287,326,97,107016,62268,1.7000994245427978,957,656,10222,16035,35406,28045,1174,3878,48488,36002,0,0,672,735,6444,4660,31266,16720,2907,0,0,23455,12119,51,544,0,0,0,0,0
836,2270,837.1058494640062,99573,1889,1244,326,97,107253,62417,1.7039759774235987,932,651,10258,16050,35431,28105,1162,3851,48489,36003,0,0,669,728,6399,4650,31344,16840,2888,0,0,23418,12048,49,540,0,0,0,0,0
837,2270,838.1007758128031,99572,1825,1196,327,97,107473,62564,1.7076788655445305,943,649,10305,16094,35447,28128,1151,3834,48490,36004,0,0,661,721,6345,4634,31409,16976,2884,0,0,23391,11967,47,537,0,0,0,0,0
838,2270,839.0962813611909,99572,1787,1196,327,97,107688,62728,1.7114851564696902,928,624,10345,16148,35466,28123,1145,3810,48491,36005,0,0,652,709,6310,4628,31467,17079,2876,0,0,23374,11893,47,537,0,0,0,0,0
839,2270,840.0918739151255,99572,1744,1185,327,97,107905,62889,1.7152814044108786,903,605,10405,16196,35485,28125,1134,3790,48492,36006,1,1,646,699,6273,4615,31518,17205,2873,0,0,23332,11827,47,535,0,0,0,0,2
840,2270,841.0880249464789,99572,1709,1154,327,97,108134,63031,1.719007351464267,843,601,10475,16227,35520,28156,1124,3763,48493,36007,2,2,641,695,6232,4605,31560,17341,2863,0,0,23296,11759,47,531,0,0,0,0,2
841,2270,842.0846432956056,99571,1699,1165,328,97,108360,63197,1.7229615048558315,801,569,10537,16284,35520,28143,1113,3740,48494,36008,3,3,632,691,6193,4593,31608,17454,2857,0,0,23265,11702,47,526,0,1,0,0,2
842,2270,843.0821811393804,99571,1636,1168,328,97,108541,63353,1.7263460244448685,803,538,10636,16340,35494,28146,1101,3709,48495,36009,4,4,628,687,6156,4565,31651,17576,2848,0,0,23247,11639,47,523,0,1,0,0,3
843,2270,844.0814144410912,99570,1626,1135,328,98,108762,63487,1.7299286933815405,791,544,10715,16412,35448,28133,1090,3676,48496,36010,5,5,622,679,6132,4565,31684,17692,2838,0,0,23218,11569,46,519,0,2,1,0,3
844,2270,845.0822314403824,99570,1586,1141,328,98,108947,63639,1.7333132469619363,789,510,10767,16468,35445,28126,1083,3655,48497,36011,6,6,617,674,6107,4559,31729,17793,2828,0,0,23197,11499,45,515,0,3,1,0,3
845,2270,846.0841474058046,99568,1574,1105,330,98,109146,63768,1.7366422947131608,769,508,10845,16536,35404,28115,1076,3636,48498,36012,7,7,612,670,6085,4544,31764,17906,2824,0,0,23172,11427,45,511,0,4,1,0,3
846,2270,847.0878098842429,99568,1544,1078,330,98,109331,63905,1.7398762654668167,753,483,10923,16592,35382,28145,1066,3602,48499,36013,8,8,605,661,6065,4534,31799,18013,2820,0,0,23148,11361,45,508,0,5,1,0,3
847,2270,848.0926634376502,99568,1485,1064,330,98,109514,64038,1.7430499758958702,713,475,11002,16646,35405,28138,1063,3577,48500,36014,9,9,600,655,6031,4528,31823,18139,2811,0,0,23114,11311,44,502,0,5,2,0,3
848,2270,849.0982294446602,99566,1471,1021,331,99,109696,64137,1.745907237410361,679,485,11069,16705,35393,28131,1055,3557,48501,36015,10,10,597,647,6003,4518,31857,18231,2805,0,0,23103,11250,42,501,0,6,2,0,4
849,2270,850.1049960763617,99565,1441,980,331,100,109865,64252,1.7487771807362025,683,481,11111,16758,35386,28145,1046,3534,48502,36016,11,11,594,641,5979,4516,31872,18340,2797,0,0,23096,11178,42,497,0,7,2,0,4
850,2270,851.1127372282778,99564,1404,964,331,101,110025,64381,1.7516974006669077,678,460,11201,16835,35342,28131,1042,3507,48503,36017,12,12,588,638,5943,4506,31898,18449,2795,0,0,23082,11117,42,492,0,7,3,0,4
851,2270,852.122398888604,99562,1390,940,332,102,110192,64492,1.754524818705932,664,458,11254,16909,35321,28104,1037,3485,48504,36018,14,14,582,633,5921,4512,31912,18544,2787,0,0,23063,11059,42,491,0,8,4,0,4
852,2270,853.1331062182504,99562,1361,920,332,102,110375,64611,1.7575581044977,651,470,11317,16959,35308,28084,1029,3463,48505,36019,16,16,579,624,5892,4515,31928,18656,2776,0,0,23031,11013,42,487,0,9,6,0,4
853,2270,854.1449971768902,99562,1317,892,332,102,110531,64728,1.7603001145015167,643,462,11410,17014,35269,28088,1027,3440,48506,36020,19,18,577,617,5858,4512,31972,18756,2761,0,0,22996,10967,41,484,0,11,6,0,4
854,2270,855.1587426590701,99559,1251,905,334,103,110671,64858,1.763065117166705,649,449,11480,17061,35261,28055,1023,3425,48507,36021,23,21,575,611,5840,4500,31996,18855,2749,0,0,22969,10921,41,480,0,12,6,0,4
855,2270,856.1732856695361,99559,1224,904,334,103,110841,64995,1.7661487158368405,624,427,11572,17109,35228,28048,1016,3407,48508,36022,28,25,569,605,5812,4502,32009,18962,2739,0,0,22941,10872,41,479,0,14,8,0,6
856,2270,857.1898801437013,99559,1226,888,334,103,111000,65106,1.7688606755793048,601,410,11658,17176,35167,28032,1012,3389,48509,36023,34,30,564,602,5783,4494,32033,19044,2732,0,0,22942,10818,40,476,0,16,8,0,7
857,2270,858.0045818848487,99559,1204,874,334,103,111117,65183,1.770809268875742,594,406,11698,17230,35154,28003,1014,3382,48510,36024,42,36,563,597,5766,4492,32050,19120,2724,0,0,22906,10790,40,475,0,19,9,0,8
858,2270,859.0240655018632,99559,1189,840,334,103,111262,65277,1.77320985546259,582,418,11778,17287,35101,27976,1014,3374,48511,36025,51,43,560,595,5740,4477,32071,19212,2716,0,0,22879,10752,40,474,0,25,10,0,8
859,2270,860.0456348084699,99559,1164,842,334,103,111414,65393,1.7759017266143693,569,387,11868,17356,35049,27950,1014,3360,48512,36026,63,51,555,590,5723,4471,32069,19314,2708,0,0,22858,10710,39,472,0,30,12,0,8
860,2270,861.0694688627747,99558,1128,824,335,103,111555,65495,1.7783603527591956,551,370,11966,17416,34999,27928,1019,3357,48513,36027,77,61,547,586,5700,4461,32081,19411,2705,0,0,22834,10665,38,469,0,37,14,0,10
861,2270,862.095359140213,99558,1090,826,335,103,111701,65599,1.7808714518170312,518,354,12043,17483,34989,27882,1023,3350,48514,36028,94,73,547,584,5680,4459,32082,19512,2692,0,0,22803,10622,38,464,0,47,17,0,11
862,2270,863.1229994911673,99557,1074,796,336,103,111835,65699,1.783239752101811,522,351,12120,17533,34921,27867,1025,3348,48515,36029,115,87,543,582,5653,4458,32082,19615,2687,0,0,22768,10583,38,459,2,53,20,0,14
863,2270,864.1529610711697,99557,1069,752,336,103,111965,65775,1.7853089185089948,531,365,12193,17621,34831,27807,1038,3350,48516,36030,140,103,542,580,5633,4455,32090,19709,2679,0,0,22733,10534,38,458,2,65,22,0,17
864,2270,865.185685064223,99557,1070,716,336,103,112098,65863,1.7875287523730123,531,363,12264,17680,34744,27770,1053,3366,48517,36031,170,122,538,580,5604,4457,32103,19797,2670,0,0,22695,10490,38,456,2,76,27,0,24
865,2270,866.0139647463672,99556,1014,726,337,103,112181,65946,1.7892141106512918,542,336,12347,17730,34689,27725,1069,3378,48518,36032,206,143,535,579,5591,4449,32075,19894,2664,0,0,22663,10457,38,456,2,93,30,0,30
866,2270,867.0513227385804,99556,993,709,337,103,112327,66028,1.7915042789987545,507,326,12417,17794,34657,27670,1087,3396,48519,36033,248,168,533,576,5557,4433,32067,20003,2659,0,0,22632,10413,38,454,2,115,37,0,37
867,2270,868.0905422599403,99556,979,692,337,103,112462,66108,1.7936638675720198,475,330,12483,17862,34615,27590,1109,3421,48520,36034,297,196,531,574,5544,4427,32038,20114,2650,0,0,22608,10359,38,452,2,131,40,0,48
868,2270,869.132099535415,99556,984,676,337,103,112598,66202,1.7959741251155128,453,311,12573,17883,34522,27561,1129,3464,48521,36035,354,228,530,571,5520,4423,32017,20225,2639,0,0,22572,10315,38,445,3,154,43,0,61
869,2270,870.1767480460729,99556,916,619,337,103,112703,66265,1.7976616175820643,471,319,12644,17944,34476,27505,1154,3508,48522,36036,420,265,529,563,5483,4420,32018,20342,2630,0,0,22522,10260,38,440,4,185,51,0,71
870,2270,871.0142935944738,99555,896,605,338,103,112810,66326,1.7993671839686605,455,309,12715,17957,34405,27448,1189,3576,48523,36037,496,307,524,560,5457,4418,31994,20438,2626,0,0,22474,10216,38,437,6,223,58,0,86
871,2270,872.0642164587811,99554,865,588,339,103,112914,66408,1.801253591015931,442,294,12792,18019,34330,27358,1230,3636,48524,36038,583,354,523,555,5428,4416,31974,20548,2618,0,0,22424,10160,38,435,6,259,62,0,108
872,2270,873.1169140510088,99552,833,570,340,104,113016,66488,1.803117968498875,433,279,12856,18036,34255,27295,1281,3714,48525,36039,682,407,522,551,5405,4414,31947,20666,2612,0,0,22351,10108,37,433,6,299,72,0,129
873,2270,874.1725873323215,99552,809,543,340,104,113129,66557,1.8049461587913853,412,267,12920,18082,34182,27200,1335,3802,48526,36040,794,466,520,548,5372,4407,31916,20795,2601,0,0,22281,10051,37,429,7,353,82,0,153
874,2270,875.0194715990596,99552,806,539,340,104,113214,66617,1.8064026840244294,391,263,12983,18106,34081,27079,1397,3907,48527,36041,921,532,518,546,5353,4401,31849,20916,2600,0,0,22210,10006,36,428,7,411,94,0,177
875,2270,876.0818538590964,99552,787,526,340,104,113316,66696,1.8082208293153328,391,238,13046,18121,33967,26976,1467,4033,48528,36042,1063,605,516,540,5318,4403,31778,21061,2598,0,0,22134,9948,36,425,10,472,111,0,202
876,2270,877.1484522377613,99552,802,514,340,104,113430,66770,1.8101092896174864,375,226,13130,18159,33815,26840,1536,4155,48529,36043,1222,686,513,538,5290,4393,31727,21192,2595,0,0,22050,9892,36,422,11,531,127,0,235
877,2270,878.0052269802715,99551,776,505,341,104,113500,66823,1.8113630199596187,385,226,13189,18158,33692,26699,1615,4306,48530,36044,1399,775,510,536,5267,4379,31665,21315,2596,0,0,21969,9824,36,417,15,609,142,0,271
878,2270,879.0805019746067,99550,743,508,342,104,113604,66894,1.8131391260673029,372,218,13262,18165,33584,26534,1695,4469,48531,36045,1596,873,508,533,5231,4385,31581,21476,2583,0,0,21868,9760,36,416,15,684,162,0,312
879,2270,880.1600241707094,99550,749,509,342,104,113713,66949,1.8147865394274234,360,230,13333,18173,33422,26327,1792,4655,48532,36046,1814,980,506,533,5202,4386,31482,21635,2574,0,0,21747,9708,36,414,15,780,182,0,350
880,2270,881.0274631767369,99550,730,511,342,104,113788,67010,1.8161526870919136,347,241,13388,18151,33291,26135,1900,4856,48533,36047,2053,1097,500,533,5166,4379,31367,21792,2574,0,0,21640,9635,36,411,16,889,211,0,401
881,2270,882.1167300181578,99549,706,505,343,104,113871,67086,1.8177681342856282,337,223,13450,18141,33143,25952,2019,5073,48534,36048,2315,1224,499,532,5129,4368,31268,21966,2569,0,0,21526,9548,36,410,17,989,233,0,459
882,2270,883.2116054330096,99549,702,484,343,104,113981,67145,1.8194657907161298,314,218,13529,18127,32965,25750,2145,5315,48535,36049,2601,1362,499,529,5088,4358,31168,22139,2560,0,0,21385,9466,36,406,21,1121,261,0,512
883,2270,884.0920212988156,99548,677,459,344,104,114047,67189,1.8205890625627839,312,214,13563,18097,32812,25543,2290,5581,48536,36050,2912,1511,496,527,5041,4351,31022,22341,2560,0,0,21253,9383,36,403,23,1244,297,0,571
884,2270,885.1987088331832,99548,657,439,344,104,114131,67245,1.8219954192952144,314,204,13607,18052,32640,25316,2436,5883,48537,36051,3249,1672,493,524,4979,4349,30861,22569,2553,0,0,21108,9303,36,403,23,1378,345,0,624
885,2270,886.0889175985735,99548,640,441,344,104,114189,67299,1.823120504681159,322,191,13650,17973,32440,25083,2602,6206,48538,36052,3612,1845,491,523,4933,4349,30692,22788,2549,0,0,20930,9225,35,402,24,1540,380,0,687
886,2270,887.2087286308581,99548,611,421,344,104,114275,67354,1.824536906818821,314,200,13695,17877,32265,24848,2769,6548,48539,36053,4002,2030,489,518,4884,4346,30507,23045,2545,0,0,20767,9119,35,396,28,1685,418,0,766
887,2270,888.1097312305812,99547,594,423,344,105,114342,67404,1.825730559434237,315,192,13716,17779,32079,24577,2950,6922,48540,36054,4419,2228,487,515,4845,4344,30274,23323,2536,0,0,20591,9038,35,391,31,1852,456,0,829
888,2270,889.0159929349363,99546,587,424,345,105,114411,67459,1.8269945552809757,300,175,13745,17660,31872,24320,3149,7314,48541,36055,4863,2439,486,511,4794,4347,30045,23593,2526,0,0,20424,8921,35,385,36,2021,500,0,922
889,2270,890.1569735667479,99546,562,412,345,105,114489,67516,1.8283507122335403,290,164,13782,17547,31662,24036,3357,7734,48542,36056,5334,2663,483,509,4749,4344,29815,23878,2522,0,0,20206,8797,35,380,40,2227,536,0,1025
890,2270,891.0758509015396,99545,556,395,346,105,114559,67552,1.829433924355819,278,166,13807,17442,31438,23723,3573,8167,48543,36057,5832,2900,481,508,4690,4334,29619,24134,2518,0,0,19981,8691,34,373,47,2439,584,0,1112
891,2270,892.0014961858898,99545,527,370,346,105,114626,67583,1.8304184037370033,272,178,13816,17331,31246,23369,3791,8645,48544,36058,6356,3151,476,506,4625,4330,29398,24418,2517,0,0,19746,8577,33,366,51,2662,636,0,1204
892,2270,893.1670116503691,99545,508,360,346,105,114690,67635,1.8315837058616706,259,165,13828,17224,31024,23021,4033,9123,48545,36059,6905,3415,473,504,4557,4324,29123,24739,2516,0,0,19534,8441,33,361,56,2871,696,0,1317
893,2270,894.106102487634,99544,530,357,346,106,114761,67676,1.8327272361970586,238,154,13834,17076,30754,22674,4296,9631,48546,36060,7478,3693,473,502,4485,4323,28867,25023,2514,0,0,19275,8315,33,352,62,3132,761,0,1427
894,2270,895.0532714916765,99543,511,344,346,107,114814,67717,1.8336899631315111,234,156,13844,16911,30498,22331,4565,10149,48547,36061,8073,3984,471,499,4426,4326,28600,25331,2509,0,0,19019,8165,33,348,66,3378,814,0,1558
895,2270,896.0085352223778,99543,496,325,346,107,114859,67747,1.8344434063670976,236,162,13838,16773,30230,21961,4852,10670,48548,36062,8689,4288,469,499,4365,4323,28318,25657,2506,0,0,18735,8037,33,346,67,3647,870,0,1671
896,2270,897.2137893424417,99543,490,337,346,107,114931,67801,1.835709191002883,228,146,13838,16643,29965,21563,5131,11202,48549,36063,9324,4604,468,498,4301,4319,28009,26012,2503,0,0,18461,7890,33,343,70,3903,929,0,1804
897,2270,898.1861911674072,99543,478,331,346,107,114991,67840,1.8367037360738576,222,137,13821,16479,29710,21174,5421,11770,48550,36064,9976,4933,468,495,4236,4315,27711,26356,2499,0,0,18152,7753,32,340,73,4204,985,0,1924
898,2270,899.1675135951258,99543,466,315,346,107,115042,67874,1.8375576384075223,224,124,13799,16306,29425,20787,5738,12359,48551,36065,10642,5274,468,493,4178,4311,27372,26744,2495,0,0,17857,7618,32,336,77,4484,1036,0,2042
899,2270,900.1586500398583,99543,463,292,346,107,115091,67896,1.8382708980038778,228,159,13885,16361,29361,20767,5715,12312,48551,36065,10642,5274,467,493,4169,4303,27388,26773,2496,0,0,17848,7603,32,335,77,4482,1035,0,2042
900,2270,900.1586500398583,99543,460,294,346,107,115105,67905,1.8385019539294576,230,161,13801,16092,29108,20401,6053,12943,48552,36066,11321,5626,467,493,4101,4298,27026,27146,2496,0,2,17576,7471,32,326,86,4751,1100,1,2171
901,2270,901.1603030146832,99543,452,278,346,107,115157,67931,1.8392855348944677,234,175,13784,15912,28791,19984,6391,13542,48553,36067,12010,5988,464,492,4026,4297,26708,27504,2490,2,10,17259,7334,32,318,93,5045,1167,2,2300
902,2270,902.1728688658228,99542,456,282,347,107,115228,67971,1.8404191195676196,225,180,13750,15711,28477,19571,6743,14147,48554,36068,12706,6360,464,492,3953,4291,26359,27892,2485,2,21,16957,7187,32,314,97,5322,1236,4,2434
903,2270,903.196428236957,99542,439,287,347,107,115283,68023,1.8414940427156377,234,175,13724,15518,28172,19160,7082,14751,48555,36069,13407,6742,461,489,3890,4293,26030,28260,2481,5,36,16614,7018,32,309,102,5643,1287,9,2583
904,2270,904.2311616137088,99542,421,295,347,107,115345,68068,1.8425689658636555,235,163,13718,15305,27845,18770,7432,15358,48556,36070,14110,7132,461,488,3826,4288,25665,28668,2474,5,41,16292,6864,32,303,107,5942,1345,13,2728
905,2270,905.0155212699905,99542,416,297,347,107,115393,68103,1.843402784754174,249,163,13636,15104,27550,18358,7800,15969,48557,36071,14813,7529,460,486,3755,4283,25302,29064,2472,6,43,15975,6743,32,299,111,6238,1413,15,2845
906,2270,906.0735197034418,99542,413,298,347,107,115462,68151,1.8445781680094835,248,158,13615,14905,27223,17973,8152,16557,48558,36072,15514,7933,457,482,3679,4282,24948,29466,2467,9,54,15663,6582,32,291,118,6522,1480,19,2991
907,2270,907.1441062581249,99541,411,292,348,107,115523,68198,1.8456816789061794,254,161,13587,14715,26890,17577,8508,17146,48559,36073,16210,8343,457,481,3601,4279,24578,29876,2461,9,66,15337,6457,32,285,122,6826,1551,25,3098
908,2270,908.2280231662162,99541,415,288,348,107,115595,68243,1.84685707396952,237,150,13533,14560,26583,17188,8882,17705,48560,36074,16899,8757,456,479,3529,4276,24218,30284,2458,10,86,15031,6305,32,277,130,7100,1615,28,3227
909,2270,909.0498744326194,99540,420,277,349,107,115643,68274,1.8476692786819369,234,155,13487,14342,26247,16829,9261,18288,48561,36075,17579,9175,453,478,3443,4273,23875,30659,2454,13,99,14720,6162,32,270,137,7392,1695,32,3353
910,2270,910.1604875481278,99539,432,262,350,107,115721,68308,1.8488130280593535,221,164,13460,14177,25907,16448,9628,18840,48562,36076,18248,9596,451,477,3360,4273,23536,31042,2450,15,105,14408,6019,32,264,143,7672,1770,39,3483
911,2270,911.0032477987497,99539,408,265,350,107,115756,68340,1.849486131064206,218,164,13407,13988,25599,16082,10016,19392,48563,36077,18905,10018,449,476,3283,4273,23204,31406,2443,17,114,14097,5892,32,258,149,7963,1843,41,3599
912,2270,912.1423497717271,99539,401,269,350,107,115812,68387,1.8505209013552477,224,158,13354,13837,25284,15713,10385,19914,48564,36078,19548,10441,447,474,3206,4272,22855,31794,2441,19,121,13784,5764,32,253,153,8248,1915,48,3713
913,2270,913.006441009579,99539,408,268,350,107,115868,68417,1.8513848843167,224,162,13288,13661,24956,15357,10772,20443,48565,36079,20176,10864,447,473,3137,4267,22517,32169,2439,19,127,13516,5625,32,248,158,8494,1977,53,3841
914,2270,914.1747059271346,99539,397,288,350,107,115924,68475,1.8525301640562994,247,153,13259,13504,24615,15011,11130,20935,48566,36080,20787,11286,445,470,3088,4271,22189,32532,2433,21,133,13221,5495,32,242,163,8763,2023,60,3958
915,2270,915.0619263068584,99539,402,277,350,107,115983,68508,1.8534544248987834,233,158,13196,13347,24315,14666,11502,21443,48567,36081,21381,11706,443,468,3025,4272,21843,32913,2426,23,143,12943,5368,32,238,167,9021,2079,65,4070
916,2270,916.260759175898,99539,401,273,350,107,116053,68548,1.8545595193843618,215,171,13162,13221,24003,14335,11867,21891,48568,36082,21957,12123,442,467,2979,4269,21528,33275,2423,24,147,12665,5247,32,233,172,9266,2118,73,4179
917,2270,917.1706974840008,99539,393,292,350,107,116092,68601,1.8554837802268458,239,148,13094,13043,23698,14059,12224,22349,48569,36083,22515,12536,442,467,2934,4265,21212,33616,2417,24,145,12408,5125,32,228,176,9509,2163,84,4292
918,2270,918.0923831142125,99538,400,293,351,107,116147,68645,1.8564970162149128,227,143,13062,12899,23388,13776,12570,22780,48570,36084,23054,12945,440,466,2882,4261,20919,33948,2413,26,149,12145,4997,32,225,179,9747,2209,94,4406
919,2270,919.0264000331273,99538,397,284,351,107,116207,68679,1.8574413791717737,222,142,13021,12809,23087,13469,12920,23187,48571,36085,23573,13349,437,465,2818,4257,20595,34316,2407,29,153,11890,4896,32,219,182,9980,2265,104,4493
920,2270,920.289988888737,99538,398,267,351,107,116276,68725,1.8585967168317628,236,122,13009,12738,22760,13201,13244,23563,48572,36086,24073,13747,436,464,2764,4251,20299,34663,2405,30,160,11604,4801,32,218,182,10239,2306,116,4568
921,2270,921.2497162392175,99538,389,270,351,107,116329,68764,1.859520986959754,228,117,12970,12669,22481,12918,13579,23917,48573,36087,24554,14139,435,464,2704,4250,20035,34962,2399,31,166,11355,4703,32,211,188,10468,2359,125,4651
922,2270,922.2215779572092,99537,383,257,351,108,116395,68798,1.8605443202025378,222,115,12944,12567,22203,12679,13895,24272,48574,36088,25015,14524,431,463,2647,4251,19731,35304,2393,35,178,11133,4599,32,208,191,10666,2409,132,4734
923,2270,923.2060943668774,99537,370,246,351,108,116439,68835,1.8613580879471956,227,104,12925,12509,21908,12431,14217,24600,48575,36089,25457,14901,430,463,2594,4247,19455,35617,2389,36,183,10907,4527,32,203,196,10868,2457,146,4787
924,2270,924.2040043477185,99537,373,240,351,108,116495,68865,1.862222088268684,229,98,12896,12419,21633,12206,14516,24927,48576,36090,25881,15271,426,458,2541,4247,19182,35919,2386,40,187,10706,4446,32,200,199,11052,2506,154,4856
925,2270,925.2145449202079,99536,385,226,351,109,116560,68892,1.8631650859990356,200,102,12881,12373,21365,11983,14816,25205,48577,36091,26286,15632,425,457,2493,4240,18924,36214,2383,41,191,10480,4377,32,198,201,11257,2548,165,4910
926,2270,926.2381250101956,99536,388,216,351,109,116614,68919,1.8639788619193056,202,97,12851,12324,21105,11774,15101,25478,48578,36092,26673,15985,425,457,2438,4240,18678,36496,2378,41,193,10282,4299,32,195,204,11429,2598,177,4974
927,2270,927.2744805624502,99536,378,200,351,109,116663,68943,1.8647122649091785,206,105,12823,12309,20866,11562,15374,25713,48579,36093,27043,16329,423,457,2398,4241,18433,36772,2372,43,197,10112,4210,31,194,205,11582,2631,188,5047
928,2270,928.3228284555478,99536,362,184,351,109,116718,68968,1.865515994213149,188,113,12794,12279,20658,11377,15645,25936,48580,36094,27396,16664,423,456,2356,4237,18197,37055,2368,43,196,9926,4132,31,188,211,11737,2666,200,5114
929,2270,929.0281015572884,99536,350,183,351,109,116741,68988,1.865947998714033,195,108,12741,12225,20433,11194,15928,26179,48581,36095,27732,16990,422,456,2320,4229,18006,37272,2367,44,201,9728,4065,31,183,216,11920,2700,204,5172
930,2270,930.0994302694802,99536,358,183,351,109,116803,69009,1.8667818678669024,180,121,12732,12193,20212,11010,16165,26382,48582,36096,28052,17307,421,454,2269,4231,17803,37502,2361,45,199,9570,3992,31,179,219,12064,2745,212,5239
931,2270,931.182872612621,99536,354,182,351,109,116853,69038,1.8675755505545732,189,115,12706,12170,19998,10844,16400,26578,48583,36097,28357,17615,418,453,2227,4226,17603,37729,2357,47,198,9401,3929,31,174,224,12219,2785,223,5292
932,2270,932.2779025041306,99536,339,191,351,109,116900,69072,1.8683893264748432,188,110,12713,12194,19782,10664,16625,26730,48584,36098,28647,17914,416,451,2183,4224,17386,37973,2353,48,203,9267,3875,31,170,227,12339,2825,230,5335
933,2270,933.0144463910627,99536,332,199,351,109,116932,69096,1.8689519369876226,201,105,12686,12186,19579,10500,16849,26899,48585,36099,28923,18204,416,451,2144,4223,17165,38210,2348,48,199,9150,3822,31,164,232,12449,2862,238,5384
934,2270,934.1328898332343,99536,332,209,351,109,116985,69130,1.8698259926056904,196,100,12710,12205,19368,10345,17041,27030,48586,36100,29185,18485,415,451,2110,4221,16969,38431,2342,49,200,8994,3775,31,163,233,12590,2894,244,5424
935,2270,935.2638785413122,99536,337,208,351,109,117040,69160,1.870679954991159,189,93,12735,12257,19165,10186,17221,27145,48587,36101,29434,18756,415,450,2078,4220,16770,38659,2339,49,199,8855,3730,31,159,237,12711,2920,250,5464
936,2270,936.024570898746,99535,321,204,352,109,117069,69183,1.8712211784799317,195,88,12720,12241,18988,10076,17422,27280,48588,36102,29671,19018,414,449,2055,4219,16600,38854,2334,50,199,8742,3673,31,156,240,12810,2939,256,5514
937,2270,937.1785854505077,99535,316,197,352,109,117124,69210,1.8720450092932135,184,85,12760,12251,18795,9961,17591,27395,48589,36103,29896,19272,413,448,2027,4219,16433,39053,2328,51,206,8612,3623,31,149,245,12923,2961,264,5549
938,2270,938.3446907885221,99534,327,196,353,109,117183,69233,1.872887656479193,172,94,12795,12251,18593,9842,17758,27506,48590,36104,30110,19517,413,447,1998,4218,16259,39247,2323,51,207,8511,3581,31,147,247,13015,2985,272,5582
939,2270,939.1291379035168,99533,327,193,353,110,117223,69250,1.8734791476193826,170,95,12791,12233,18416,9735,17941,27632,48591,36105,30313,19753,412,447,1978,4218,16108,39415,2320,52,211,8405,3530,30,144,250,13112,3000,274,5627
940,2270,940.319334362127,99533,347,187,353,110,117289,69276,1.8744034641777099,163,110,12861,12291,18208,9617,18066,27683,48592,36106,30506,19981,412,446,1954,4219,15965,39588,2315,52,213,8299,3491,30,143,250,13199,3019,288,5650
941,2270,941.1200904185466,99533,332,190,353,110,117325,69297,1.8749761385671084,156,110,12856,12297,18061,9525,18240,27766,48593,36107,30689,20201,410,446,1926,4212,15844,39740,2311,54,213,8192,3447,30,143,250,13294,3039,291,5691
942,2270,942.3262855346936,99533,331,187,353,110,117386,69329,1.8759105020445481,148,108,12892,12351,17911,9437,18363,27805,48594,36108,30863,20413,409,446,1898,4209,15718,39904,2306,55,218,8085,3407,30,143,249,13379,3060,299,5718
943,2270,943.1280887359379,99533,316,187,353,110,117412,69348,1.8763626134045994,157,106,12917,12370,17753,9346,18502,27879,48595,36109,31028,20617,409,446,1883,4203,15589,40063,2306,55,218,7997,3373,30,142,250,13447,3071,304,5747
944,2270,944.3202564716446,99533,310,192,353,110,117462,69379,1.877176413852692,160,101,12949,12444,17615,9242,18611,27909,48596,36110,31185,20813,406,445,1861,4197,15468,40214,2300,57,220,7909,3341,30,142,250,13523,3089,311,5770
945,2270,945.111037067056,99533,313,182,353,110,117491,69393,1.877608431374519,156,110,12973,12450,17463,9171,18740,27975,48597,36111,31334,21002,406,444,1831,4197,15357,40346,2296,57,221,7833,3315,30,138,254,13588,3114,317,5789
946,2270,946.2880442888097,99533,319,175,353,110,117549,69425,1.878512654094622,149,110,13014,12487,17328,9101,18835,28015,48598,36112,31475,21184,406,444,1811,4194,15259,40480,2293,57,227,7740,3281,30,137,255,13658,3127,324,5810
947,2270,947.0692819337117,99533,310,183,353,110,117583,69447,1.879075281564908,149,106,13022,12501,17224,9018,18940,28080,48599,36113,31609,21359,406,443,1789,4192,15171,40592,2289,57,221,7658,3248,30,136,256,13729,3145,332,5839
948,2270,948.2335942172763,99533,309,182,353,110,117632,69474,1.8798388474174395,146,111,13080,12559,17093,8961,19017,28075,48600,36114,31736,21527,406,441,1771,4190,15089,40695,2284,57,225,7587,3211,29,135,257,13792,3160,340,5864
949,2270,949.0071927121727,99533,304,171,353,110,117661,69486,1.8802507711010419,147,117,13080,12583,16981,8902,19133,28115,48601,36115,31857,21689,404,440,1751,4191,15001,40806,2279,59,223,7517,3183,29,134,258,13849,3175,354,5880
950,2270,950.1596512675515,99532,300,164,353,111,117706,69512,1.880983000442069,146,127,13162,12662,16852,8836,19185,28098,48602,36116,31972,21844,403,437,1739,4194,14900,40932,2272,60,225,7459,3156,29,133,259,13894,3181,362,5897
951,2270,951.3088094796123,99531,295,175,354,111,117746,69547,1.8817554329806794,145,120,13240,12732,16736,8772,19228,28088,48603,36117,32081,21993,401,435,1727,4193,14810,41046,2268,62,228,7391,3132,29,132,260,13948,3189,368,5912
952,2270,952.0733600049111,99530,285,172,354,112,117770,69563,1.8821762282728824,150,119,13271,12768,16628,8723,19310,28104,48604,36118,32185,22137,401,434,1706,4194,14726,41152,2265,62,227,7330,3112,29,131,261,13996,3204,377,5923
953,2270,953.2147755008963,99530,288,173,354,112,117814,69588,1.8828694865869586,163,128,13348,12859,16491,8653,19354,28073,48605,36119,32283,22275,399,434,1689,4190,14643,41260,2262,63,227,7283,3094,29,129,263,14027,3220,385,5933
954,2270,954.353231671725,99530,293,169,354,112,117870,69614,1.8836933587862956,154,136,13441,12965,16370,8596,19386,28020,48606,36120,32377,22408,398,433,1678,4186,14561,41368,2258,64,232,7230,3068,29,127,265,14066,3229,390,5948
955,2270,955.1111328766343,99530,290,183,354,112,117900,69645,1.8843062393248267,150,120,13484,13016,16264,8544,19456,28023,48607,36121,32466,22535,396,433,1662,4184,14493,41452,2255,66,231,7183,3046,29,125,267,14108,3240,400,5960
956,2270,956.2435594203806,99530,297,174,354,112,117948,69668,1.885019592082789,146,119,13530,13100,16174,8497,19497,27996,48608,36122,32551,22657,396,433,1644,4181,14424,41552,2253,66,238,7129,3025,29,125,267,14140,3254,403,5971
957,2270,957.3738150977322,99530,296,170,354,112,117990,69696,1.8857228976188083,132,114,13606,13180,16083,8458,19527,27964,48609,36123,32631,22774,396,433,1631,4181,14368,41638,2248,66,241,7077,3006,29,124,268,14174,3261,415,5974
958,2270,958.1264333640568,99530,288,176,354,112,118018,69715,1.8861951170501357,141,110,13638,13218,16005,8407,19572,27975,48610,36124,32708,22887,396,432,1622,4179,14307,41717,2246,66,242,7029,2979,29,124,268,14211,3268,421,5994
959,2270,959.2519409346761,99530,296,186,354,112,118065,69747,1.8869888475836432,144,97,13695,13300,15901,8367,19608,27936,48611,36125,32781,22995,395,431,1618,4176,14236,41803,2245,67,245,6994,2957,29,124,268,14237,3271,430,6004
960,2270,960.001033282092,99530,279,192,354,112,118086,69769,1.8874208781271977,141,93,13746,13348,15825,8329,19653,27924,48612,36126,32850,23099,394,430,1609,4174,14189,41877,2243,68,246,6945,2939,29,124,268,14270,3274,432,6019
961,2270,961.1218979802146,99530,274,194,354,112,118129,69806,1.8882246558826485,134,81,13829,13471,15742,8290,19665,27850,48613,36127,32916,23199,392,427,1599,4179,14131,41961,2238,69,249,6902,2924,29,124,267,14298,3278,443,6020
962,2270,962.2421864773273,99530,254,190,354,112,118158,69831,1.8887672058675775,135,85,13894,13564,15678,8256,19683,27791,48614,36128,32979,23295,391,426,1589,4175,14074,42047,2234,69,250,6868,2908,29,123,266,14316,3287,452,6026
963,2270,963.3620648025851,99529,263,181,354,113,118204,69856,1.8894995428468084,126,92,13983,13638,15606,8240,19666,27734,48615,36129,33039,23387,391,426,1572,4173,14022,42125,2228,69,253,6833,2897,29,122,267,14340,3296,457,6029
964,2270,964.1089974356553,99529,266,183,354,113,118230,69877,1.8899717670226768,129,90,14027,13701,15523,8210,19699,27701,48616,36130,33096,23476,391,425,1565,4172,13979,42185,2225,69,256,6789,2885,29,121,267,14374,3302,459,6036
965,2270,965.2276093221483,99529,265,182,354,113,118267,69905,1.8906248430105799,129,96,14121,13800,15433,8181,19696,27626,48617,36131,33150,23561,391,423,1560,4166,13920,42271,2224,69,262,6758,2868,29,121,267,14390,3304,465,6041
966,2270,966.3461853888509,99528,259,172,355,113,118304,69927,1.891236636926292,133,97,14212,13885,15356,8152,19683,27579,48618,36132,33202,23643,390,422,1554,4161,13895,42326,2222,69,265,6715,2854,29,121,266,14418,3304,471,6046
967,2270,967.0923696489301,99528,259,179,355,113,118327,69951,1.8917088658467969,146,89,14239,13943,15301,8125,19698,27549,48619,36133,33251,23722,390,422,1546,4155,13860,42381,2221,69,264,6682,2841,29,120,266,14440,3311,478,6053
968,2270,968.210531221491,99528,263,178,355,113,118373,69978,1.8924423277871554,157,94,14329,14027,15207,8090,19687,27496,48620,36134,33298,23797,390,422,1537,4153,13812,42451,2217,69,266,6648,2832,29,120,265,14466,3314,482,6055
969,2270,969.3292252971277,99528,258,178,355,113,118409,70006,1.8930853629129492,157,88,14413,14141,15150,8068,19665,27410,48621,36135,33343,23870,389,421,1526,4154,13768,42517,2214,70,269,6622,2817,29,120,265,14479,3319,489,6060
970,2270,970.0756482799729,99528,256,179,355,113,118439,70018,1.8935073547142514,157,96,14455,14193,15093,8028,19682,27389,48622,36136,33386,23940,389,420,1522,4154,13730,42572,2211,69,269,6599,2810,28,120,265,14494,3321,490,6065
971,2270,971.1948804272133,99528,251,172,355,113,118477,70040,1.894110200144683,150,92,14568,14296,15026,8011,19648,27314,48623,36137,33427,24007,388,419,1518,4153,13702,42628,2206,70,270,6573,2798,27,120,265,14503,3322,500,6066
972,2270,972.3158169669982,99527,235,176,355,114,118506,70063,1.894651702553076,160,93,14629,14398,14981,7986,19638,27231,48624,36138,33466,24071,386,419,1511,4152,13665,42686,2201,72,273,6543,2784,27,120,264,14522,3327,502,6073
973,2270,973.0634747842452,99527,243,163,355,114,118534,70074,1.8950435560199745,149,96,14683,14459,14915,7968,19653,27198,48625,36139,33503,24133,386,418,1505,4152,13625,42737,2200,72,276,6520,2775,27,120,261,14541,3331,512,6069
974,2270,974.1843125407275,99527,246,174,355,114,118577,70112,1.895857405528148,145,82,14775,14542,14845,7947,19632,27139,48626,36140,33539,24193,386,418,1499,4146,13595,42793,2198,72,277,6486,2768,27,120,259,14563,3334,522,6064
975,2270,975.3061207739564,99527,247,164,355,114,118609,70133,1.8963899243421383,145,78,14857,14638,14772,7931,19622,27073,48627,36141,33573,24250,383,417,1490,4146,13568,42846,2195,75,277,6465,2759,27,119,260,14571,3335,526,6068
976,2270,976.0544384756746,99527,244,163,355,114,118631,70149,1.8967717302842444,157,81,14907,14702,14727,7915,19608,27023,48628,36142,33606,24305,381,417,1484,4145,13533,42898,2192,76,277,6445,2751,27,118,261,14581,3338,529,6074
977,2270,977.1776139545017,99526,248,162,355,115,118671,70172,1.8974237887587164,158,78,14999,14801,14657,7900,19581,26942,48629,36143,33637,24358,381,416,1479,4143,13496,42952,2190,76,281,6427,2744,26,116,262,14590,3341,536,6070
978,2270,978.3022813589657,99526,259,155,355,115,118722,70193,1.898147217812431,158,81,15083,14908,14599,7878,19544,26861,48630,36144,33667,24409,381,415,1472,4141,13465,43005,2186,76,280,6411,2737,26,116,262,14595,3345,544,6069
979,2270,979.0531521016478,99526,260,154,355,115,118749,70207,1.8985591704680185,159,89,15130,14984,14556,7853,19538,26803,48631,36145,33695,24458,380,414,1467,4139,13442,43042,2185,77,281,6388,2734,26,116,262,14610,3348,548,6067
980,2270,980.1800681615834,99526,272,150,355,115,118795,70228,1.8992323613930029,159,85,15204,15086,14503,7837,19505,26725,48632,36146,33722,24505,380,414,1465,4138,13402,43095,2182,77,283,6370,2729,26,116,262,14622,3347,556,6062
981,2270,981.3088391976409,99526,273,144,355,115,118844,70248,1.8999256475694792,153,81,15285,15210,14470,7818,19462,26630,48633,36147,33748,24550,379,414,1461,4134,13376,43148,2179,78,286,6346,2715,26,116,262,14634,3343,561,6068
982,2270,982.0626963174747,99526,263,149,355,115,118864,70264,1.9002873620963365,158,86,15354,15282,14436,7791,19432,26575,48634,36148,33773,24594,379,414,1457,4131,13349,43191,2176,78,289,6328,2707,26,116,262,14644,3346,565,6068
983,2270,983.1955569023476,99526,266,142,355,115,118910,70283,1.900940457769829,154,95,15468,15400,14375,7763,19380,26483,48635,36149,33797,24636,377,413,1453,4134,13330,43236,2169,80,290,6307,2702,26,115,263,14649,3345,570,6067
984,2270,984.3313418529513,99526,267,158,355,115,118946,70319,1.9016638868235436,153,93,15580,15519,14318,7744,19325,26369,48636,36150,33820,24677,377,413,1451,4131,13308,43278,2168,80,292,6287,2694,26,115,261,14656,3346,574,6069
985,2270,985.0903908203422,99526,272,166,355,115,118976,70339,1.9021662681108453,153,100,15629,15591,14272,7730,19317,26296,48637,36151,33842,24716,374,412,1450,4132,13284,43309,2165,82,294,6272,2687,26,115,261,14668,3347,576,6072
986,2270,986.2297661861899,99526,277,176,355,115,119031,70369,1.9030203162992585,142,94,15714,15702,14245,7707,19265,26204,48638,36152,33863,24754,374,411,1449,4132,13262,43355,2160,82,294,6246,2682,26,115,261,14680,3345,581,6071
987,2270,987.3720146897205,99526,267,177,355,115,119070,70397,1.903693507224243,151,86,15813,15815,14202,7686,19210,26119,48639,36153,33883,24790,374,409,1443,4131,13238,43406,2156,82,297,6228,2674,26,115,261,14683,3346,585,6072
988,2270,988.1353456487175,99526,263,176,355,115,119095,70410,1.9040753170025924,154,85,15874,15863,14167,7676,19185,26083,48640,36154,33902,24825,374,407,1440,4132,13228,43432,2154,82,296,6209,2671,26,115,260,14697,3343,588,6072
989,2270,989.2825300236581,99526,254,170,355,115,119132,70434,1.9046882221731005,154,75,15980,15973,14129,7667,19126,25998,48641,36155,33921,24859,374,406,1435,4128,13213,43486,2150,82,301,6190,2662,26,115,260,14694,3340,591,6073
990,2270,990.0493643677543,99525,254,169,355,116,119158,70446,1.9050891735744788,159,77,16026,16041,14094,7651,19110,25944,48642,36156,33939,24891,371,406,1433,4126,13195,43517,2149,84,300,6181,2659,26,113,262,14697,3337,595,6074
991,2270,991.2013896483691,99525,266,168,355,116,119201,70470,1.9057623712635017,150,76,16136,16153,14040,7637,19051,25848,48643,36157,33956,24922,371,406,1430,4125,13169,43559,2147,84,303,6172,2652,26,112,262,14697,3337,601,6072
992,2270,992.3566800554471,99525,274,167,355,116,119249,70492,1.90646571213263,138,78,16246,16246,13996,7615,18989,25776,48644,36158,33972,24952,370,406,1426,4120,13151,43597,2146,84,305,6162,2644,26,111,263,14697,3338,606,6073
993,2270,993.1288712139735,99525,274,165,355,116,119280,70507,1.9069279075609142,131,77,16300,16306,13974,7606,18964,25728,48645,36159,33988,24981,370,406,1423,4114,13131,43639,2144,83,306,6154,2640,26,111,263,14693,3340,610,6072
994,2270,994.289547234556,99525,263,170,355,116,119320,70532,1.9075810097965336,130,83,16393,16403,13955,7586,18902,25640,48646,36160,34003,25009,370,406,1417,4109,13114,43675,2141,83,312,6145,2632,26,110,264,14698,3339,614,6070
995,2270,995.0654905573762,99525,263,160,355,116,119347,70542,1.9079527756845014,125,80,16458,16465,13913,7582,18884,25595,48647,36161,34018,25036,370,406,1413,4111,13094,43712,2137,83,313,6133,2631,26,110,264,14697,3341,618,6066
996,2270,996.2313155697485,99525,261,160,355,116,119384,70564,1.9085455915599097,127,78,16573,16570,13867,7568,18815,25506,48648,36162,34032,25062,370,406,1408,4113,13079,43743,2132,83,315,6120,2626,26,110,264,14701,3342,624,6063
997,2270,997.0107303953705,99525,254,164,355,116,119409,70580,1.9089575483546848,131,80,16629,16664,13842,7538,18787,25436,48649,36163,34045,25087,370,405,1404,4111,13068,43768,2131,82,319,6110,2620,26,110,264,14704,3344,627,6062
998,2270,998.1825445701138,99525,256,161,355,116,119455,70603,1.9096508414971112,121,76,16749,16779,13795,7517,18722,25349,48650,36164,34058,25111,370,403,1402,4108,13061,43800,2125,82,322,6101,2612,26,110,264,14704,3342,631,6062
999,2270,999.3584076079104,99525,245,157,355,116,119494,70626,1.910273800552625,115,82,16845,16872,13781,7507,18657,25264,48651,36165,34070,25135,368,403,1399,4105,13048,43838,2123,84,326,6089,2606,26,110,262,14704,3339,636,6059
1000,2270,1000.1447497353519,99525,243,145,355,116,119517,70638,1.910625470987189,119,77,16925,16961,13742,7504,18614,25195,48652,36166,34082,25158,367,403,1397,4100,13036,43866,2122,85,327,6081,2602,26,110,262,14706,3337,644,6054
1001,2270,1001.3277354297168,99525,233,152,355,116,119553,70667,1.9112785732228084,121,68,17015,17075,13718,7491,18556,25096,48653,36167,34094,25180,366,402,1396,4099,13035,43894,2117,86,328,6067,2598,26,110,262,14703,3335,649,6052
1002,2270,1002.1185829212499,99525,221,141,355,116,119572,70675,1.9115498618437579,129,72,17092,17154,13686,7483,18515,25032,48654,36168,34105,25201,365,401,1392,4097,13022,43926,2116,87,331,6059,2591,25,110,262,14700,3336,651,6054
1003,2270,1003.3081864795159,99525,217,132,355,116,119604,70691,1.9120321527254458,128,77,17183,17286,13657,7464,18458,24923,48655,36169,34116,25222,364,399,1389,4098,13006,43966,2112,87,333,6047,2588,25,110,262,14699,3333,653,6054
1004,2270,1004.103322009793,99525,229,128,355,116,119640,70704,1.9125244913338357,121,70,17256,17357,13613,7458,18424,24869,48656,36170,34126,25242,364,399,1388,4094,12998,43988,2111,87,333,6038,2587,25,110,262,14700,3333,657,6051
1005,2270,1005.29907043293,99525,215,129,355,116,119668,70733,1.9130972117558402,126,54,17373,17482,13577,7436,18352,24781,48657,36171,34136,25261,364,398,1388,4094,12986,44023,2108,87,336,6022,2582,25,110,261,14703,3329,665,6044
1006,2270,1006.0989878095692,99525,210,128,355,116,119693,70742,1.9134388344637026,126,51,17436,17558,13560,7421,18311,24724,48658,36172,34146,25280,364,398,1387,4090,12984,44041,2105,87,337,6009,2580,25,110,261,14709,3328,669,6041
1007,2270,1007.3022182670678,99525,219,125,355,116,119734,70763,1.9140617935192163,130,55,17537,17657,13514,7414,18243,24631,48659,36173,34155,25298,362,396,1383,4090,12975,44070,2103,88,337,5999,2577,25,109,261,14709,3328,676,6037
1008,2270,1008.1067248536423,99525,222,125,355,116,119762,70776,1.9144737503139915,131,52,17594,17719,13483,7408,18213,24578,48660,36174,34164,25315,360,395,1382,4087,12972,44093,2102,90,337,5988,2574,25,108,261,14709,3327,679,6036
1009,2270,1009.3162965816068,99525,220,120,355,116,119799,70791,1.9149962321024867,136,57,17696,17815,13448,7408,18143,24482,48661,36175,34173,25332,360,392,1380,4085,12974,44113,2099,90,336,5975,2571,25,108,261,14708,3329,686,6033
1010,2270,1010.1252063606424,99525,213,115,355,116,119822,70800,1.9153177593569455,133,61,17777,17883,13421,7400,18099,24423,48662,36176,34181,25348,360,390,1378,4084,12969,44137,2096,90,335,5972,2571,25,108,261,14699,3330,692,6028
1011,2270,1011.3423897230688,99525,215,119,355,116,119863,70822,1.915950766139161,117,63,17903,18005,13388,7384,18020,24311,48663,36177,34189,25364,359,390,1375,4087,12958,44165,2088,91,338,5963,2568,25,108,261,14698,3331,694,6026
1012,2270,1012.1568048825374,99525,216,118,355,116,119892,70831,1.9163325797538306,113,67,17961,18073,13365,7372,17988,24252,48664,36178,34197,25379,359,390,1374,4085,12950,44183,2084,91,338,5961,2565,25,107,262,14698,3330,699,6024
1013,2270,1013.3810403576832,99525,215,122,355,116,119928,70851,1.9168952524491334,110,68,18069,18177,13335,7353,17914,24162,48665,36179,34204,25394,359,390,1369,4081,12948,44205,2083,90,343,5957,2559,24,107,263,14694,3329,704,6020
1014,2270,1014.1945614296952,99525,220,121,355,116,119953,70860,1.9172368751569957,110,66,18153,18270,13284,7335,17876,24090,48666,36180,34211,25408,359,390,1367,4078,12940,44225,2083,90,342,5952,2556,24,107,263,14691,3330,707,6021
1015,2270,1015.0042770748267,99525,221,122,355,116,119973,70873,1.9175684501381562,114,66,18227,18352,13246,7325,17835,24017,48667,36181,34218,25422,359,389,1365,4075,12939,44240,2082,90,344,5947,2552,24,107,263,14691,3328,710,6020
1016,2270,1016.2125204150169,99525,224,118,355,116,120012,70894,1.9181713137402663,105,68,18326,18466,13221,7308,17767,23922,48668,36182,34225,25435,359,388,1363,4070,12933,44269,2081,90,348,5940,2547,24,107,263,14686,3326,717,6014
1017,2270,1017.0144972439708,99525,209,128,355,116,120025,70914,1.9185028887214268,105,60,18385,18552,13206,7277,17738,23865,48669,36183,34232,25448,357,387,1358,4070,12930,44284,2080,91,347,5933,2546,24,106,263,14687,3329,720,6013
1018,2270,1018.2123870639489,99525,204,126,355,116,120051,70931,1.9189349409696057,103,65,18494,18668,13179,7251,17663,23772,48670,36184,34238,25461,355,387,1357,4067,12922,44304,2077,93,350,5925,2542,24,106,263,14689,3330,726,6008
1019,2270,1019.0072451463548,99525,199,119,355,116,120071,70941,1.9192363727706607,109,63,18566,18738,13150,7249,17619,23713,48671,36185,34244,25473,355,387,1356,4065,12914,44331,2077,93,350,5916,2539,24,106,263,14685,3328,729,6007
1020,2270,1020.1937025873764,99525,192,112,355,116,120098,70953,1.919628234112032,105,64,18659,18870,13128,7228,17559,23608,48672,36186,34250,25485,355,387,1354,4062,12907,44352,2075,93,353,5909,2534,24,106,263,14684,3329,732,6006
1021,2270,1021.374199745711,99525,200,120,355,116,120132,70975,1.9201909068073348,90,57,18774,18983,13083,7207,17496,23515,48673,36187,34256,25496,355,387,1354,4058,12898,44376,2074,93,356,5903,2531,24,106,263,14680,3329,736,6002
1022,2270,1022.1574929818225,99525,195,128,355,116,120151,70993,1.9205626726953027,97,49,18835,19058,13057,7184,17459,23463,48674,36188,34262,25507,355,386,1351,4056,12894,44393,2074,93,356,5898,2530,24,106,263,14680,3327,741,5998
1023,2270,1023.3275153652459,99525,191,112,355,116,120176,71002,1.920904295403165,102,59,18947,19164,13021,7181,17382,23366,48675,36189,34267,25518,355,385,1348,4060,12876,44423,2068,93,357,5895,2529,24,106,263,14678,3326,747,5992
1024,2270,1024.1035588185782,99525,188,104,355,116,120195,71009,1.9211655362974127,101,66,19022,19249,12994,7172,17338,23291,48676,36190,34272,25528,355,385,1348,4056,12876,44438,2065,93,358,5886,2528,24,106,261,14682,3325,750,5989
1025,2270,1025.261878905658,99525,188,108,355,116,120224,71024,1.9216076362722934,112,69,19128,19374,12948,7148,17267,23183,48677,36191,34277,25538,355,385,1344,4053,12871,44457,2064,93,358,5880,2526,24,106,261,14678,3329,754,5987
1026,2270,1026.030455945841,99525,187,101,355,116,120246,71033,1.9219191158000501,107,69,19191,19452,12930,7144,17228,23116,48678,36192,34282,25548,355,384,1343,4050,12870,44474,2063,93,360,5875,2524,24,104,261,14675,3329,756,5985
1027,2270,1027.1787011579956,99525,183,108,355,116,120275,71050,1.9223813112283346,107,71,19280,19554,12892,7125,17181,23024,48679,36193,34287,25558,354,384,1341,4048,12873,44488,2061,93,360,5868,2524,24,104,261,14671,3329,757,5985
1028,2270,1028.3215662586847,99525,188,107,355,116,120303,71064,1.9228033157498117,109,74,19400,19656,12833,7115,17113,22930,48680,36194,34292,25567,353,384,1339,4046,12872,44506,2059,93,360,5861,2525,23,103,261,14673,3325,760,5982
1029,2270,1029.0795402609674,99525,188,112,355,116,120325,71081,1.923195177091183,108,72,19458,19707,12809,7111,17080,22880,48681,36195,34296,25576,353,383,1337,4043,12868,44524,2057,93,360,5857,2525,23,103,261,14676,3321,763,5978
1030,2270,1030.2115153820007,99525,180,112,355,116,120355,71104,1.9237277066063803,94,68,19547,19817,12798,7096,17024,22789,48682,36196,34300,25585,353,382,1333,4040,12867,44547,2055,93,360,5850,2524,23,103,261,14670,3322,769,5973
1031,2270,1031.3386663282356,99525,183,108,355,116,120384,71122,1.9241999497613664,90,66,19645,19935,12763,7085,16962,22688,48683,36197,34304,25594,353,382,1331,4036,12862,44568,2054,93,361,5845,2521,23,103,261,14668,3321,774,5969
1032,2270,1032.087078679936,99525,177,115,355,116,120401,71135,1.9245013815624215,89,63,19715,20005,12738,7068,16924,22631,48684,36198,34308,25602,353,382,1328,4034,12858,44580,2053,93,361,5841,2521,23,103,261,14669,3322,778,5965
1033,2270,1033.2051155957563,99525,175,109,355,116,120423,71150,1.9248731474503893,93,64,19812,20115,12695,7050,16868,22544,48685,36199,34312,25610,352,382,1324,4033,12858,44600,2052,94,362,5834,2517,23,103,260,14664,3321,782,5964
1034,2270,1034.317504637989,99525,188,116,355,116,120457,71173,1.9254458678723938,84,58,19912,20240,12666,7025,16793,22443,48686,36200,34316,25618,351,382,1323,4031,12854,44618,2051,95,363,5829,2515,23,103,260,14660,3321,788,5958
1035,2270,1035.0560035812855,99525,188,111,355,116,120476,71184,1.9257472996734488,80,63,19960,20294,12646,7026,16769,22388,48687,36201,34320,25626,350,382,1323,4028,12850,44636,2050,95,363,5821,2516,23,103,260,14661,3318,792,5954
1036,2270,1036.1602709856736,99525,178,109,355,116,120501,71202,1.9261793519216277,86,57,20034,20379,12627,7021,16718,22316,48688,36202,34324,25633,348,382,1322,4024,12843,44661,2049,97,364,5815,2512,23,103,260,14658,3316,795,5953
1037,2270,1037.260250942993,99525,168,108,355,116,120523,71216,1.9265410700828938,84,54,20115,20475,12610,7008,16666,22237,48689,36203,34328,25640,348,381,1320,4024,12836,44681,2047,97,365,5811,2510,23,103,260,14655,3316,799,5949
1038,2270,1038.35608232302,99525,178,108,355,116,120549,71238,1.9270233609645817,79,52,20216,20574,12564,6998,16606,22150,48690,36204,34331,25647,348,381,1318,4022,12839,44696,2045,97,368,5803,2507,23,103,260,14655,3312,803,5945
1039,2270,1039.0837984760442,99525,169,103,355,116,120563,71246,1.9272444109520221,84,56,20287,20632,12539,6995,16564,22096,48691,36205,34334,25654,348,379,1316,4020,12838,44712,2045,97,370,5798,2503,23,103,260,14653,3310,806,5944
1040,2270,1040.1704573180189,99525,159,101,355,116,120581,71260,1.9275659382064807,91,58,20381,20741,12507,6982,16505,22000,48692,36206,34337,25661,348,378,1317,4017,12834,44727,2043,97,370,5793,2503,23,103,260,14654,3308,813,5937
1041,2270,1041.2522186797319,99525,151,105,355,116,120603,71276,1.9279477518211505,88,53,20474,20869,12479,6959,16451,21896,48693,36207,34340,25667,348,378,1315,4017,12830,44742,2040,97,370,5788,2502,23,103,260,14654,3308,812,5938
1042,2270,1042.3292074206765,99525,166,104,355,116,120636,71289,1.9284099472494347,79,53,20558,20973,12443,6940,16397,21812,48694,36208,34343,25673,348,378,1315,4015,12832,44750,2037,97,371,5782,2501,23,103,260,14657,3306,816,5934
1043,2270,1043.044537340196,99525,164,102,355,116,120647,71299,1.9286209495101734,89,52,20618,21022,12413,6937,16359,21769,48695,36209,34346,25679,348,377,1313,4014,12830,44761,2037,97,372,5776,2499,23,103,259,14659,3306,820,5931
1044,2270,1044.1139960179623,99525,159,99,355,116,120668,71314,1.9289826676714394,89,53,20704,21112,12397,6929,16294,21689,48696,36210,34349,25685,348,377,1313,4010,12824,44785,2036,97,374,5768,2496,23,103,259,14656,3304,821,5931
1045,2270,1045.178955052532,99525,164,102,355,116,120690,71333,1.9293946244662146,98,48,20781,21206,12356,6918,16244,21608,48697,36211,34352,25691,347,377,1312,4007,12817,44801,2036,98,379,5766,2491,23,103,259,14653,3305,823,5928
1046,2270,1046.239714364378,99525,166,92,355,116,120714,71340,1.9297061039939714,94,59,20879,21286,12312,6910,16192,21535,48698,36212,34355,25697,347,377,1311,4007,12807,44823,2032,98,380,5765,2490,23,103,259,14647,3305,829,5922
1047,2270,1047.2956962054511,99525,172,96,355,116,120743,71358,1.9301783471489575,84,53,20960,21370,12292,6904,16135,21459,48699,36213,34358,25703,347,377,1311,4003,12803,44841,2032,98,381,5761,2488,23,103,259,14644,3303,834,5917
1048,2270,1048.3476188844297,99524,163,92,355,117,120766,71366,1.9305092239057915,92,60,21042,21452,12277,6890,16069,21387,48700,36214,34361,25708,347,377,1311,4001,12799,44860,2030,98,383,5758,2483,23,103,259,14637,3302,836,5917
1049,2270,1049.0466986617646,99524,165,86,355,117,120786,71372,1.9307704674249426,87,68,21111,21502,12270,6881,16010,21344,48701,36215,34364,25713,347,377,1311,3999,12793,44874,2028,98,384,5756,2481,23,103,258,14636,3302,839,5915
1050,2270,1050.09108825391,99523,151,93,356,117,120802,71396,1.9311917848135607,89,56,21200,21579,12242,6876,15960,21277,48702,36216,34367,25718,347,376,1307,3997,12784,44900,2027,98,385,5750,2480,23,103,257,14634,3301,843,5911
1051,2270,1051.131117554216,99523,147,92,356,117,120827,71409,1.9315736061011022,81,55,21283,21649,12228,6868,15903,21217,48703,36217,34369,25723,344,376,1305,4000,12782,44916,2024,99,386,5746,2479,23,103,257,14631,3298,848,5906
1052,2270,1052.1672051059081,99523,138,86,356,117,120846,71418,1.9318549481024487,76,57,21381,21744,12201,6859,15846,21135,48704,36218,34371,25728,344,376,1304,3998,12773,44938,2021,99,388,5744,2477,23,103,257,14629,3295,850,5904
1053,2270,1053.1989031036433,99523,143,86,356,117,120869,71434,1.9322468173186098,74,53,21452,21844,12173,6846,15800,21052,48705,36219,34373,25733,344,375,1303,3995,12772,44954,2021,99,390,5738,2474,23,103,257,14628,3292,852,5903
1054,2270,1054.2268795937248,99523,153,94,356,117,120901,71454,1.9327693096068246,70,45,21534,21923,12143,6839,15742,20980,48706,36220,34375,25738,344,375,1303,3994,12770,44966,2019,99,392,5733,2470,23,103,257,14629,3290,852,5904
1055,2270,1055.2512665523357,99523,154,86,356,117,120923,71466,1.933110939179888,69,47,21600,22011,12117,6841,15702,20896,48707,36221,34377,25743,344,375,1303,3993,12768,44984,2016,99,394,5728,2468,23,103,256,14625,3288,855,5901
1056,2270,1056.2724589670463,99523,135,76,356,117,120933,71472,1.9332717060378004,80,53,21681,22098,12099,6831,15647,20823,48708,36222,34379,25747,344,374,1302,3991,12770,45001,2014,99,397,5722,2465,23,103,256,14621,3285,858,5898
1057,2270,1057.2902489835978,99523,122,74,356,117,120951,71484,1.9335731438963857,81,55,21747,22170,12093,6819,15599,20763,48709,36223,34381,25751,344,372,1300,3987,12772,45020,2012,99,397,5720,2463,23,103,256,14615,3283,861,5896
1058,2270,1058.3047991171177,99522,137,75,357,117,120984,71496,1.9340447338276965,63,50,21816,22250,12072,6803,15553,20703,48710,36224,34383,25755,344,372,1299,3986,12773,45030,2009,99,398,5716,2462,23,103,256,14613,3282,862,5895
1059,2270,1059.316001708372,99522,137,81,357,117,121006,71508,1.934386366833464,54,45,21915,22342,12043,6790,15492,20623,48711,36225,34385,25759,344,370,1299,3986,12767,45046,2008,99,399,5714,2461,23,103,255,14610,3281,865,5892
1060,2270,1060.3230653368814,99522,131,77,357,117,121020,71518,1.9346275195434175,56,42,21994,22424,12016,6784,15444,20554,48712,36226,34387,25763,342,370,1298,3985,12767,45061,2006,101,400,5708,2460,23,103,255,14607,3279,869,5888
1061,2270,1061.3262457229396,99522,131,73,357,117,121034,71528,1.9348686722533712,61,40,22069,22520,11984,6770,15396,20478,48713,36227,34389,25767,342,370,1298,3983,12764,45074,2005,101,403,5704,2456,23,103,255,14605,3278,869,5889
1062,2270,1062.326188641327,99522,134,69,357,117,121054,71531,1.9350997769337432,52,50,22147,22606,11962,6748,15346,20408,48714,36228,34391,25771,342,370,1297,3980,12764,45082,2005,101,404,5701,2454,23,103,255,14604,3278,873,5886
1063,2270,1063.3226045200608,99522,134,74,357,117,121068,71543,1.9353610257028597,56,45,22238,22679,11914,6729,15299,20354,48715,36229,34393,25775,342,370,1296,3977,12760,45092,2004,100,407,5700,2451,23,103,255,14604,3278,877,5883
1064,2270,1064.3151150567508,99522,135,79,357,117,121084,71556,1.9356524185607202,52,48,22329,22765,11881,6717,15244,20272,48716,36230,34395,25779,341,370,1293,3975,12759,45105,2003,100,407,5697,2452,23,103,255,14601,3278,878,5882
1065,2270,1065.3033829423457,99522,133,81,357,117,121097,71567,1.9358935712706737,62,48,22403,22845,11847,6700,15196,20207,48717,36231,34397,25783,339,370,1293,3973,12757,45115,2002,101,409,5695,2449,23,103,254,14600,3277,879,5883
1066,2270,1066.28811771702,99522,144,91,357,117,121117,71584,1.9362653483651855,55,44,22497,22913,11808,6683,15137,20150,48718,36232,34399,25786,339,370,1293,3970,12761,45120,2001,101,410,5693,2446,23,103,254,14598,3276,880,5884
1067,2270,1067.2690725598181,99522,132,86,357,117,121130,71594,1.9364964530455577,61,40,22564,22997,11789,6679,15095,20079,48719,36233,34401,25789,339,370,1291,3970,12759,45136,1998,101,411,5688,2444,23,103,254,14595,3275,882,5883
1068,2270,1068.247074369465,99522,126,85,357,117,121142,71602,1.9366974136371857,68,41,22632,23077,11768,6664,15047,20014,48720,36234,34403,25792,338,370,1290,3970,12757,45146,1995,102,411,5685,2443,23,103,254,14595,3274,886,5880
1069,2270,1069.2220240972733,99522,119,90,357,117,121164,71613,1.937028998613372,60,39,22720,23176,11743,6644,14999,19932,48721,36235,34405,25795,337,370,1289,3966,12755,45158,1993,103,412,5683,2440,23,103,254,14595,3273,889,5879
1070,2270,1070.1934412062928,99522,120,90,357,117,121175,71624,1.9372500552641627,67,38,22796,23237,11715,6638,14943,19878,48722,36236,34407,25798,337,370,1289,3967,12749,45169,1990,103,413,5683,2438,23,103,254,14592,3273,892,5877
1071,2270,1071.1613737549997,99522,116,81,357,117,121195,71629,1.9375012560036977,65,40,22876,23317,11696,6631,14888,19812,48723,36237,34409,25801,336,369,1287,3966,12748,45182,1989,104,413,5680,2437,23,103,254,14588,3273,895,5875
1072,2270,1072.1259510028322,99522,105,80,357,117,121209,71641,1.937762504772814,61,37,22964,23385,11671,6627,14840,19752,48724,36238,34411,25804,336,368,1286,3966,12747,45197,1987,104,416,5677,2434,23,102,253,14586,3271,895,5874
1073,2270,1073.0872059395995,99522,110,86,357,117,121226,71655,1.9380739936898375,61,39,23033,23476,11643,6597,14794,19683,48725,36239,34413,25807,336,368,1286,3965,12745,45204,1987,104,416,5674,2433,23,102,253,14586,3270,900,5870
1074,2270,1074.045623886462,99522,112,83,357,117,121240,71666,1.9383251944293725,60,41,23082,23561,11627,6594,14760,19602,48726,36240,34414,25810,336,367,1287,3961,12746,45214,1987,104,418,5671,2431,23,102,253,14583,3269,902,5868
1075,2270,1075.001581510019,99522,109,85,357,117,121255,71678,1.9385964912280702,62,40,23160,23627,11597,6584,14713,19545,48727,36241,34415,25813,335,367,1287,3961,12741,45226,1986,104,420,5668,2430,23,102,253,14580,3269,906,5864
1076,2270,1076.271611260808,99522,113,94,357,117,121275,71692,1.9389381242338377,67,39,23259,23729,11555,6550,14647,19469,48728,36242,34416,25816,334,367,1286,3959,12738,45238,1986,105,420,5666,2429,23,102,253,14577,3268,907,5864
1077,2270,1077.2204243828592,99522,114,95,357,117,121292,71704,1.9392295170916982,60,37,23324,23815,11538,6537,14605,19397,48729,36243,34417,25819,334,367,1286,3954,12733,45256,1986,105,421,5664,2428,23,102,253,14574,3265,908,5863
1078,2270,1078.1664496302824,99522,107,95,357,117,121304,71715,1.9394606217720705,66,45,23402,23900,11512,6525,14554,19316,48730,36244,34418,25822,334,367,1285,3951,12735,45265,1983,105,421,5661,2428,23,102,253,14573,3265,909,5862
1079,2270,1079.109431187076,99522,114,94,357,117,121322,71727,1.9397620626595125,65,40,23465,23957,11485,6522,14512,19268,48731,36245,34419,25825,333,366,1282,3951,12738,45270,1980,106,422,5660,2426,23,102,253,14572,3266,913,5859
1080,2270,1080.04977654225,99522,117,94,357,117,121342,71738,1.940073551576536,56,38,23534,24020,11459,6513,14475,19216,48732,36246,34420,25828,333,366,1281,3948,12737,45280,1979,106,422,5661,2426,23,102,253,14567,3267,916,5855
1081,2270,1081.2992926856318,99522,113,88,357,117,121356,71746,1.9402946082273267,60,40,23641,24132,11415,6492,14412,19129,48733,36247,34421,25831,332,366,1279,3947,12738,45291,1975,106,424,5660,2425,23,102,253,14566,3264,917,5854
1082,2270,1082.232749208114,99522,112,85,357,117,121371,71755,1.9405357609372802,59,40,23715,24214,11395,6482,14360,19060,48734,36248,34422,25833,331,366,1278,3947,12741,45300,1972,107,424,5656,2425,23,102,253,14562,3264,919,5852
1083,2270,1083.1634540153646,99522,107,92,357,117,121385,71767,1.9407970097063967,57,34,23778,24284,11379,6469,14320,19002,48735,36249,34423,25835,331,365,1277,3946,12745,45305,1969,107,424,5653,2425,23,102,253,14562,3264,920,5851
1084,2270,1084.0916489372826,99522,99,89,357,117,121396,71774,1.9409778742388617,63,35,23854,24352,11355,6460,14270,18945,48736,36250,34424,25837,331,365,1276,3950,12737,45318,1965,107,425,5652,2424,23,102,253,14561,3262,923,5848
1085,2270,1085.0171068981247,99521,102,83,357,118,121410,71784,1.941238532571015,61,33,23907,24425,11327,6447,14244,18892,48737,36251,34425,25839,330,365,1275,3950,12740,45328,1962,107,426,5647,2423,23,102,253,14558,3261,925,5846
1086,2270,1086.2473258509772,99520,107,79,358,118,121430,71796,1.941579581993569,54,32,24014,24526,11292,6430,14173,18813,48738,36252,34426,25841,329,364,1275,3949,12741,45340,1962,107,428,5642,2422,23,102,253,14553,3259,926,5845
1087,2270,1087.1667560664332,99520,103,83,358,118,121443,71805,1.9418006430868167,53,36,24063,24610,11282,6405,14139,18746,48739,36253,34427,25843,328,364,1275,3952,12738,45348,1958,107,428,5638,2423,23,102,253,14553,3259,928,5843
1088,2270,1088.083936621522,99520,100,78,358,118,121456,71813,1.942011655948553,49,37,24132,24669,11262,6400,14097,18696,48740,36254,34428,25845,327,364,1275,3951,12736,45356,1956,108,428,5637,2422,23,102,253,14552,3258,932,5840
1089,2270,1089.30291649879,99520,95,70,358,118,121469,71825,1.9422628617363344,53,32,24222,24765,11231,6394,14039,18619,48741,36255,34429,25847,327,363,1274,3952,12735,45372,1955,108,428,5635,2421,23,102,251,14546,3255,935,5838
1090,2270,1090.2143251933699,99520,102,67,358,118,121483,71830,1.9424537781350482,54,36,24296,24822,11192,6382,13996,18573,48742,36256,34430,25849,327,363,1274,3950,12735,45377,1955,108,428,5633,2421,23,102,251,14546,3254,936,5837
1091,2270,1091.122885869844,99520,112,64,358,118,121497,71836,1.9426547427652734,48,38,24365,24886,11161,6372,13954,18520,48743,36257,34431,25851,327,362,1273,3951,12733,45382,1955,108,429,5631,2420,23,102,251,14546,3254,940,5833
1092,2270,1092.0289546812523,99520,110,63,358,118,121508,71845,1.9428557073954984,49,37,24422,24952,11144,6364,13915,18464,48744,36258,34432,25853,326,362,1273,3949,12732,45390,1955,108,432,5629,2418,23,102,251,14544,3253,942,5831
1093,2270,1093.233244217635,99520,115,65,358,118,121527,71853,1.9431270096463023,40,37,24538,25061,11096,6348,13851,18369,48745,36259,34433,25855,326,362,1271,3948,12735,45395,1953,108,432,5627,2418,23,101,252,14544,3252,944,5829
1094,2270,1094.133047154697,99520,110,63,358,118,121537,71859,1.9432877813504823,37,39,24602,25123,11076,6339,13815,18316,48746,36260,34434,25857,326,362,1270,3947,12735,45401,1953,108,433,5623,2417,23,101,251,14544,3253,949,5824
