,indexID,time,N,Inf_L,Inf_H,Dead_L,Dead_H,cum_cases_L,cum_cases_H,cum_sum_per_N,Exposed_L,Exposed_H,Sus_L,Sus_H,Rec_nat_L,Rec_nat_H,Rec_vax_L,Rec_vax_H,vaccinatedH,vaccinatedL,boostedH,boostedL,count_Naive,count_Delta,count_Delta_vaccine,count_two,count_three,count_four,count_Omicron,count_Omicron_star,count_Omicron_star_vaccine,count_Omicron_vaccine,count_Vaccine,count_WT,count_WT_vaccine,count_WT_vaccine_boost,count_Omicron_vaccine_boost,count_Delta_vaccine_boost,count_Omicron_star_vaccine_boost,count_Vaccine_boost
0,2546,1.1608318593864944,99996,8,5,0,0,9,6,0.0001500060002400096,17,20,49972,49972,1,1,0,0,0,0,0,0,99994,0,0,0,0,0,0,0,0,0,0,2,0,0,0,0,0,0
1,2546,2.0189740203532596,99996,12,7,0,0,15,9,0.00024000960038401536,12,18,49971,49971,3,2,0,0,0,0,0,0,99991,0,0,0,0,0,0,0,0,0,0,5,0,0,0,0,0,0
2,2546,3.019342527316484,99996,15,9,0,0,20,12,0.0003200128005120205,9,15,49969,49971,5,3,0,0,0,0,0,0,99988,0,0,0,0,0,0,0,0,0,0,8,0,0,0,0,0,0
3,2546,4.01200641645969,99996,15,11,0,0,22,14,0.00036001440057602306,8,14,49968,49970,7,3,0,0,0,0,0,0,99986,0,0,0,0,0,0,0,0,0,0,10,0,0,0,0,0,0
4,2546,5.100095638010733,99996,13,11,0,0,25,18,0.00043001720068802754,6,13,49967,49967,12,7,0,0,0,0,0,0,99977,0,0,0,0,0,0,0,0,0,0,19,0,0,0,0,0,0
5,2546,6.175266770597109,99996,12,11,0,0,26,20,0.00046001840073602946,7,12,49965,49966,14,9,0,0,0,0,0,0,99973,0,0,0,0,0,0,0,0,0,0,23,0,0,0,0,0,0
6,2546,7.011081750508233,99996,12,14,0,0,27,24,0.0005100204008160326,8,10,49963,49964,15,10,0,0,0,0,0,0,99971,0,0,0,0,0,0,0,0,0,0,25,0,0,0,0,0,0
7,2546,8.016306718380388,99996,12,12,0,0,29,26,0.0005500220008800352,8,8,49961,49964,17,14,0,0,0,0,0,0,99965,0,0,0,0,0,0,0,0,0,0,31,0,0,0,0,0,0
8,2546,9.027549611477813,99996,12,12,0,0,32,29,0.0006100244009760391,7,6,49959,49963,20,17,0,0,0,0,0,0,99959,0,0,0,0,0,0,0,0,0,0,37,0,0,0,0,0,0
9,2546,10.005885896408369,99996,14,14,0,0,35,32,0.0006700268010720429,4,4,49959,49962,21,18,0,0,0,0,0,0,99957,0,0,0,0,0,0,0,0,0,0,39,0,0,0,0,0,0
10,2546,11.254951850511954,99996,9,9,0,0,35,32,0.0006700268010720429,6,6,49957,49961,26,22,0,0,0,0,0,0,99947,0,0,0,0,0,0,0,0,0,0,49,0,0,0,0,0,0
11,2546,12.251124306990206,99996,6,6,0,0,35,32,0.0006700268010720429,7,8,49956,49959,29,25,0,0,0,0,0,0,99941,0,0,0,0,0,0,0,0,0,0,55,0,0,0,0,0,0
12,2546,13.321178693023137,99996,9,9,0,0,38,35,0.0007300292011680467,5,5,49955,49959,29,25,0,0,0,0,0,0,99941,0,0,0,0,0,0,0,0,0,0,55,0,0,0,0,0,0
13,2546,14.069701236509985,99996,9,10,0,0,39,37,0.0007600304012160486,7,5,49952,49957,30,26,0,0,0,0,0,0,99939,0,0,0,0,0,0,0,0,0,0,57,0,0,0,0,0,0
14,2546,15.046550810760914,99996,13,11,0,0,45,40,0.0008500340013600544,5,5,49948,49954,32,28,0,0,0,0,0,0,99935,0,0,0,0,0,0,0,0,0,0,61,0,0,0,0,0,0
15,2546,16.08170566838191,99996,11,11,0,0,47,42,0.000890035601424057,6,5,49945,49952,36,30,0,0,0,0,0,0,99929,0,0,0,0,0,0,0,0,0,0,67,0,0,0,0,0,0
16,2546,17.056587193513696,99996,11,10,0,0,49,44,0.0009300372014880595,5,3,49944,49952,38,33,0,0,0,0,0,0,99924,0,0,0,0,0,0,0,0,0,0,72,0,0,0,0,0,0
17,2546,18.103122386139827,99996,10,9,0,0,50,47,0.0009700388015520621,6,2,49943,49950,39,37,0,0,0,0,0,0,99918,0,0,0,0,0,0,0,0,0,0,78,0,0,0,0,0,0
18,2546,19.238717748772537,99996,9,6,0,0,50,47,0.0009700388015520621,6,3,49944,49949,39,40,0,0,0,0,0,0,99914,0,0,0,0,0,0,0,0,0,0,82,0,0,0,0,0,0
19,2546,20.16672135278787,99996,9,5,0,0,52,47,0.0009900396015840634,4,3,49944,49949,41,41,0,0,0,0,0,0,99911,0,0,0,0,0,0,0,0,0,0,85,0,0,0,0,0,0
20,2546,21.04912991628758,99996,8,5,0,0,53,47,0.001000040001600064,5,3,49942,49949,43,41,0,0,0,0,0,0,99909,0,0,0,0,0,0,0,0,0,0,87,0,0,0,0,0,0
21,2546,22.128718947439705,99996,8,6,0,0,54,48,0.0010200408016320653,5,2,49941,49949,44,41,0,0,0,0,0,0,99908,0,0,0,0,0,0,0,0,0,0,88,0,0,0,0,0,0
22,2546,23.062816034689614,99996,9,7,0,0,56,49,0.0010500420016800673,4,2,49940,49949,45,40,0,0,0,0,0,0,99907,0,0,0,0,0,0,0,0,0,0,89,0,0,0,0,0,0
23,2546,24.286300103643864,99996,12,5,0,0,59,49,0.001080043201728069,5,2,49936,49949,45,42,0,0,0,0,0,0,99905,0,0,0,0,0,0,0,0,0,0,91,0,0,0,0,0,0
24,2546,25.001718429038224,99996,14,4,0,0,62,49,0.001110044401776071,5,2,49933,49949,46,43,0,0,0,0,0,0,99903,0,0,0,0,0,0,0,0,0,0,93,0,0,0,0,0,0
25,2546,26.00077121654185,99996,16,4,0,0,64,49,0.0011300452018080723,5,4,49932,49947,45,43,0,0,0,0,0,0,99903,0,0,0,0,0,0,0,0,0,0,93,0,0,0,0,0,0
26,2546,27.144947693095418,99996,13,4,0,0,64,49,0.0011300452018080723,7,5,49930,49946,48,43,0,0,0,0,0,0,99900,0,0,0,0,0,0,0,0,0,0,96,0,0,0,0,0,0
27,2546,28.204641323828,99996,14,2,0,0,66,49,0.0011500460018400735,7,5,49928,49946,49,45,0,0,0,0,0,0,99897,0,0,0,0,0,0,0,0,0,0,99,0,0,0,0,0,0
28,2546,29.178756549492938,99996,12,3,0,0,68,50,0.0011800472018880755,6,7,49927,49943,53,45,0,0,0,0,0,0,99893,0,0,0,0,0,0,0,0,0,0,103,0,0,0,0,0,0
29,2546,30.03064906167496,99996,9,2,0,0,69,50,0.0011900476019040761,5,7,49927,49943,57,46,0,0,0,0,0,0,99888,0,0,0,0,0,0,0,0,0,0,108,0,0,0,0,0,0
30,2546,31.058486568431753,99996,8,5,0,0,70,54,0.0012400496019840794,5,5,49926,49941,59,47,0,0,0,0,0,0,99885,0,0,0,0,0,0,0,0,0,0,111,0,0,0,0,0,0
31,2546,32.25426572088301,99996,9,7,0,0,71,56,0.0012700508020320814,5,3,49925,49941,59,47,0,0,0,0,0,0,99885,0,0,0,0,0,0,0,0,0,0,111,0,0,0,0,0,0
32,2546,33.14923813628813,99996,8,9,0,0,71,58,0.0012900516020640826,7,1,49923,49941,60,47,0,0,0,0,0,0,99884,0,0,0,0,0,0,0,0,0,0,112,0,0,0,0,0,0
33,2546,34.32603937699505,99996,8,8,0,0,72,59,0.0013100524020960838,7,1,49922,49940,61,49,0,0,0,0,0,0,99881,0,0,0,0,0,0,0,0,0,0,115,0,0,0,0,0,0
34,2546,35.13457702787718,99996,9,8,0,0,73,59,0.0013200528021120844,6,1,49922,49941,61,48,0,0,0,0,0,0,99881,0,0,0,0,0,0,0,0,0,0,115,0,0,0,0,0,0
35,2546,36.016140831803874,99996,7,8,0,0,73,60,0.0013300532021280852,7,1,49921,49940,63,49,0,0,0,0,0,0,99878,0,0,0,0,0,0,0,0,0,0,118,0,0,0,0,0,0
36,2546,37.162255966038245,99996,8,6,0,0,76,61,0.0013700548021920876,5,2,49921,49938,64,52,0,0,0,0,0,0,99873,0,0,0,0,0,0,0,0,0,0,123,0,0,0,0,0,0
37,2546,38.00217923768154,99996,6,4,0,0,78,61,0.001390055602224089,3,3,49921,49937,68,54,0,0,0,0,0,0,99867,0,0,0,0,0,0,0,0,0,0,129,0,0,0,0,0,0
38,2546,39.252107482655866,99996,7,4,0,0,79,61,0.0014000560022400896,5,3,49918,49938,68,53,0,0,0,0,0,0,99867,0,0,0,0,0,0,0,0,0,0,129,0,0,0,0,0,0
39,2546,40.21231163391261,99996,8,3,0,0,81,61,0.0014200568022720908,5,3,49916,49938,69,54,0,0,0,0,0,0,99865,0,0,0,0,0,0,0,0,0,0,131,0,0,0,0,0,0
40,2546,41.001904888244425,99996,6,3,0,0,81,62,0.0014300572022880914,6,3,49915,49937,71,55,0,0,0,0,0,0,99862,0,0,0,0,0,0,0,0,0,0,134,0,0,0,0,0,0
41,2546,42.0367814466636,99996,8,2,0,0,83,64,0.001470058802352094,8,1,49911,49937,71,58,0,0,0,0,0,0,99859,0,0,0,0,0,0,0,0,0,0,137,0,0,0,0,0,0
42,2546,43.104514316083254,99996,10,2,0,0,86,64,0.001500060002400096,8,1,49908,49937,72,58,0,0,0,0,0,0,99858,0,0,0,0,0,0,0,0,0,0,138,0,0,0,0,0,0
43,2546,44.205074164521136,99996,11,2,0,0,88,64,0.0015200608024320973,7,2,49907,49936,73,58,0,0,0,0,0,0,99857,0,0,0,0,0,0,0,0,0,0,139,0,0,0,0,0,0
44,2546,45.12156166588599,99996,12,2,0,0,90,64,0.0015400616024640985,8,2,49904,49936,74,58,0,0,0,0,0,0,99856,0,0,0,0,0,0,0,0,0,0,140,0,0,0,0,0,0
45,2546,46.1914155759475,99996,16,1,0,0,95,64,0.0015900636025441017,5,3,49903,49936,74,58,0,0,0,0,0,0,99854,0,0,0,0,0,0,0,0,0,0,142,0,0,0,0,0,0
46,2546,47.041959882711744,99996,13,2,0,0,97,65,0.0016200648025921037,5,3,49902,49935,78,58,0,0,0,0,0,0,99849,0,0,0,0,0,0,0,0,0,0,147,0,0,0,0,0,0
47,2546,48.11948927058556,99996,12,3,0,0,97,66,0.0016300652026081043,6,2,49901,49935,79,58,0,0,0,0,0,0,99848,0,0,0,0,0,0,0,0,0,0,148,0,0,0,0,0,0
48,2546,49.325258122988615,99996,12,3,0,0,99,66,0.0016500660026401055,5,3,49900,49934,81,58,0,0,0,0,0,0,99846,0,0,0,0,0,0,0,0,0,0,150,0,0,0,0,0,0
49,2546,50.059718995986486,99996,12,4,0,0,100,67,0.001670066802672107,6,3,49899,49933,81,58,0,0,0,0,0,0,99845,0,0,0,0,0,0,0,0,0,0,151,0,0,0,0,0,0
50,2546,51.024681817444275,99996,13,4,0,0,102,67,0.0016900676027041082,4,4,49899,49932,82,58,0,0,0,0,0,0,99844,0,0,0,0,0,0,0,0,0,0,152,0,0,0,0,0,0
51,2546,52.30924797614006,99996,12,5,0,0,103,69,0.0017200688027521102,9,4,49893,49930,84,59,0,0,0,0,0,0,99841,0,0,0,0,0,0,0,0,0,0,155,0,0,0,0,0,0
52,2546,53.03882799405498,99996,10,5,0,0,103,69,0.0017200688027521102,9,5,49893,49929,86,59,0,0,0,0,0,0,99839,0,0,0,0,0,0,0,0,0,0,157,0,0,0,0,0,0
53,2546,54.06455072409926,99996,9,5,0,0,104,70,0.0017400696027841114,10,4,49891,49929,88,60,0,0,0,0,0,0,99836,0,0,0,0,0,0,0,0,0,0,160,0,0,0,0,0,0
54,2546,55.160435995340166,99996,10,5,0,0,107,70,0.0017700708028321132,10,4,49888,49929,90,60,0,0,0,0,0,0,99834,0,0,0,0,0,0,0,0,0,0,162,0,0,0,0,0,0
55,2546,56.131120142554416,99996,12,5,0,0,110,71,0.0018100724028961158,8,4,49887,49928,91,61,0,0,0,0,0,0,99832,0,0,0,0,0,0,0,0,0,0,164,0,0,0,0,0,0
56,2546,57.2126230333097,99996,14,7,0,0,113,73,0.001860074402976119,7,3,49886,49927,91,61,0,0,0,0,0,0,99831,0,0,0,0,0,0,0,0,0,0,165,0,0,0,0,0,0
57,2546,58.07228250223924,99996,14,8,0,0,115,74,0.001890075603024121,9,4,49882,49925,93,61,0,0,0,0,0,0,99829,0,0,0,0,0,0,0,0,0,0,167,0,0,0,0,0,0
58,2546,59.19223693914653,99996,14,9,0,0,116,75,0.0019100764030561222,9,3,49881,49925,94,61,0,0,0,0,0,0,99828,0,0,0,0,0,0,0,0,0,0,168,0,0,0,0,0,0
59,2546,60.04642086497735,99996,16,8,0,0,121,75,0.0019600784031361253,8,4,49877,49924,97,62,0,0,0,0,0,0,99824,0,0,0,0,0,0,0,0,0,0,172,0,0,0,0,0,0
60,2546,61.18397663485279,99996,14,6,0,0,123,76,0.0019900796031841273,7,3,49876,49924,101,65,0,0,0,0,0,0,99817,0,0,0,0,0,0,0,0,0,0,179,0,0,0,0,0,0
61,2546,62.1899736623354,99996,13,4,0,0,125,76,0.0020100804032161285,8,5,49873,49922,104,67,0,0,0,0,0,0,99812,0,0,0,0,0,0,0,0,0,0,184,0,0,0,0,0,0
62,2546,63.10827763674615,99996,15,4,0,0,128,76,0.0020400816032641305,6,6,49873,49921,104,67,0,0,0,0,0,0,99811,0,0,0,0,0,0,0,0,0,0,185,0,0,0,0,0,0
63,2546,64.21302631859966,99996,14,6,0,0,130,78,0.0020800832033281333,6,4,49871,49921,107,67,0,0,0,0,0,0,99808,0,0,0,0,0,0,0,0,0,0,188,0,0,0,0,0,0
64,2546,65.07162945371373,99996,12,4,0,0,131,78,0.0020900836033441337,6,5,49870,49921,110,68,0,0,0,0,0,0,99803,0,0,0,0,0,0,0,0,0,0,193,0,0,0,0,0,0
65,2546,66.06750691255093,99996,13,4,0,0,132,78,0.0021000840033601345,6,8,49869,49918,110,68,0,0,0,0,0,0,99803,0,0,0,0,0,0,0,0,0,0,193,0,0,0,0,0,0
66,2546,67.07129335652338,99996,10,6,0,0,132,80,0.0021200848033921357,12,7,49863,49917,113,68,0,0,0,0,0,0,99800,0,0,0,0,0,0,0,0,0,0,196,0,0,0,0,0,0
67,2546,68.02441053725121,99996,14,6,0,0,136,83,0.00219008760350414,12,5,49861,49917,111,70,0,0,0,0,0,0,99797,0,0,0,0,0,0,0,0,0,0,199,0,0,0,0,0,0
68,2546,69.14846705325971,99996,15,6,0,0,140,83,0.0022300892035681426,10,5,49860,49917,113,70,0,0,0,0,0,0,99794,0,0,0,0,0,0,0,0,0,0,202,0,0,0,0,0,0
69,2546,70.1783783575836,99996,13,5,0,0,142,83,0.0022500900036001442,11,6,49858,49916,116,71,0,0,0,0,0,0,99789,0,0,0,0,0,0,0,0,0,0,207,0,0,0,0,0,0
70,2546,71.07780257315044,99996,16,5,0,0,145,84,0.0022900916036641466,9,7,49858,49914,115,72,0,0,0,0,0,0,99788,0,0,0,0,0,0,0,0,0,0,208,0,0,0,0,0,0
71,2546,72.05180153297053,99996,15,5,0,0,146,85,0.002310092403696148,11,7,49855,49913,117,73,0,0,0,0,0,0,99785,0,0,0,0,0,0,0,0,0,0,211,0,0,0,0,0,0
72,2546,73.08522609610063,99996,15,8,0,0,148,89,0.002370094803792152,11,5,49854,49911,118,74,0,0,0,0,0,0,99782,0,0,0,0,0,0,0,0,0,0,214,0,0,0,0,0,0
73,2546,74.22386139630689,99996,19,7,0,0,153,91,0.0024400976039041563,10,4,49850,49910,119,77,0,0,0,0,0,0,99778,0,0,0,0,0,0,0,0,0,0,218,0,0,0,0,0,0
74,2546,75.1329255116534,99996,20,8,0,0,155,93,0.0024800992039681587,13,3,49846,49911,119,76,0,0,0,0,0,0,99776,0,0,0,0,0,0,0,0,0,0,220,0,0,0,0,0,0
75,2546,76.06059589519523,99996,19,8,0,0,157,94,0.0025101004040161607,13,3,49844,49910,122,77,0,0,0,0,0,0,99772,0,0,0,0,0,0,0,0,0,0,224,0,0,0,0,0,0
76,2546,77.069465998198,99996,16,10,0,0,157,96,0.002530101204048162,18,2,49840,49911,124,75,0,0,0,0,0,0,99769,0,0,0,0,0,0,0,0,0,0,227,0,0,0,0,0,0
77,2546,78.1280044234473,99996,18,11,0,0,161,97,0.002580103204128165,17,1,49837,49911,126,75,0,0,0,0,0,0,99767,0,0,0,0,0,0,0,0,0,0,229,0,0,0,0,0,0
78,2546,79.00958860898591,99996,19,11,0,0,163,99,0.0026201048041921676,17,1,49835,49909,127,77,0,0,0,0,0,0,99764,0,0,0,0,0,0,0,0,0,0,232,0,0,0,0,0,0
79,2546,80.23233627307704,99996,21,7,0,0,171,99,0.002700108004320173,13,4,49832,49906,132,81,0,0,0,0,0,0,99754,0,0,0,0,0,0,0,0,0,0,242,0,0,0,0,0,0
80,2546,81.04679962693808,99996,24,7,0,0,176,100,0.002760110404416177,11,3,49829,49906,134,82,0,0,0,0,0,0,99751,0,0,0,0,0,0,0,0,0,0,245,0,0,0,0,0,0
81,2546,82.07186046237426,99996,21,8,0,0,178,102,0.0028001120044801792,12,3,49826,49904,139,83,0,0,0,0,0,0,99745,0,0,0,0,0,0,0,0,0,0,251,0,0,0,0,0,0
82,2546,83.12911464168886,99996,20,8,0,0,180,102,0.0028201128045121805,19,5,49817,49903,142,82,0,0,0,0,0,0,99742,0,0,0,0,0,0,0,0,0,0,254,0,0,0,0,0,0
83,2546,84.16743049858765,99996,21,8,0,0,182,103,0.0028501140045601825,17,10,49817,49898,143,82,0,0,0,0,0,0,99740,0,0,0,0,0,0,0,0,0,0,256,0,0,0,0,0,0
84,2546,85.03598832790944,99996,19,9,0,0,183,104,0.0028701148045921837,16,10,49818,49897,145,82,0,0,0,0,0,0,99737,0,0,0,0,0,0,0,0,0,0,259,0,0,0,0,0,0
85,2546,86.06289278114414,99996,21,12,0,0,186,109,0.002950118004720189,18,5,49815,49897,144,84,0,0,0,0,0,0,99734,0,0,0,0,0,0,0,0,0,0,262,0,0,0,0,0,0
86,2546,87.02095695874262,99996,25,13,0,0,190,111,0.0030101204048161925,16,3,49815,49897,142,85,0,0,0,0,0,0,99733,0,0,0,0,0,0,0,0,0,0,263,0,0,0,0,0,0
87,2546,88.03422558680845,99996,29,14,0,0,195,112,0.0030701228049121966,14,5,49812,49894,143,85,0,0,0,0,0,0,99732,0,0,0,0,0,0,0,0,0,0,264,0,0,0,0,0,0
88,2546,89.06241709428481,99996,24,14,0,0,199,114,0.0031301252050082,13,6,49811,49893,150,85,0,0,0,0,0,0,99721,0,0,0,0,0,0,0,0,0,0,275,0,0,0,0,0,0
89,2546,90.00076792467858,99996,23,14,0,0,204,114,0.0031801272050882034,12,6,49810,49894,153,84,0,0,0,0,0,0,99715,0,0,0,0,0,0,0,0,0,0,281,0,0,0,0,0,0
90,2546,91.26706277143428,99996,24,10,0,0,207,115,0.0032201288051522062,13,7,49806,49892,155,89,0,0,0,0,0,0,99708,0,0,0,0,0,0,0,0,0,0,288,0,0,0,0,0,0
91,2546,92.05734799868652,99996,25,10,0,0,210,116,0.0032601304052162087,12,6,49804,49893,157,89,0,0,0,0,0,0,99705,0,0,0,0,0,0,0,0,0,0,291,0,0,0,0,0,0
92,2546,93.01702919137419,99996,23,10,0,0,211,118,0.0032901316052642107,17,8,49799,49890,159,90,0,0,0,0,0,0,99700,0,0,0,0,0,0,0,0,0,0,296,0,0,0,0,0,0
93,2546,94.0781140846998,99996,21,12,0,0,212,120,0.0033201328053122127,20,8,49795,49888,162,90,0,0,0,0,0,0,99697,0,0,0,0,0,0,0,0,0,0,299,0,0,0,0,0,0
94,2546,95.14124182036652,99996,25,13,0,0,218,121,0.003390135605424217,19,10,49791,49885,163,90,0,0,0,0,0,0,99695,0,0,0,0,0,0,0,0,0,0,301,0,0,0,0,0,0
95,2546,96.06457860277278,99996,23,11,0,0,219,122,0.0034101364054562183,19,13,49790,49881,166,93,0,0,0,0,0,0,99689,0,0,0,0,0,0,0,0,0,0,307,0,0,0,0,0,0
96,2546,97.12011210014371,99996,26,12,0,0,226,123,0.0034901396055842236,16,13,49789,49880,167,93,0,0,0,0,0,0,99685,0,0,0,0,0,0,0,0,0,0,311,0,0,0,0,0,0
97,2546,98.07753072455398,99995,26,13,0,1,227,126,0.0035301765088254413,17,11,49787,49880,168,93,0,0,0,0,0,0,99682,0,0,0,0,0,0,0,0,0,0,313,0,0,0,0,0,0
98,2546,99.08646728691326,99995,21,13,0,1,231,129,0.00360018000900045,17,9,49784,49879,176,96,0,0,0,0,0,0,99670,0,0,0,0,0,0,0,0,0,0,325,0,0,0,0,0,0
99,2546,100.19214609156931,99995,26,12,0,1,236,130,0.0036601830091504573,14,9,49783,49878,175,98,0,0,0,0,0,0,99668,0,0,0,0,0,0,0,0,0,0,327,0,0,0,0,0,0
100,2546,101.1731934455488,99995,28,15,0,1,240,135,0.0037501875093754688,14,9,49780,49875,176,98,0,0,0,0,0,0,99664,0,0,0,0,0,0,0,0,0,0,331,0,0,0,0,0,0
101,2546,102.02150581568932,99995,30,18,0,1,244,138,0.0038201910095504777,21,8,49769,49873,178,98,0,0,0,0,0,0,99662,0,0,0,0,0,0,0,0,0,0,333,0,0,0,0,0,0
102,2546,103.10759959036427,99995,36,15,0,1,253,139,0.00392019600980049,16,9,49767,49871,179,102,0,0,0,0,0,0,99655,0,0,0,0,0,0,0,0,0,0,340,0,0,0,0,0,0
103,2546,104.04588249163858,99995,35,15,0,1,255,140,0.003950197509875494,18,9,49763,49870,182,103,0,0,0,0,0,0,99651,0,0,0,0,0,0,0,0,0,0,344,0,0,0,0,0,0
104,2546,105.04464644861547,99995,35,15,0,1,260,143,0.004030201510075504,17,8,49760,49868,186,106,0,0,0,0,0,0,99643,0,0,0,0,0,0,0,0,0,0,352,0,0,0,0,0,0
105,2546,106.30073195278663,99995,34,16,0,1,265,146,0.004110205510275514,24,9,49748,49864,192,108,0,0,0,0,0,0,99635,0,0,0,0,0,0,0,0,0,0,360,0,0,0,0,0,0
106,2546,107.14734421268975,99994,37,19,1,1,270,149,0.004190251415084905,32,7,49735,49863,193,108,0,0,0,0,0,0,99633,0,0,0,0,0,0,0,0,0,0,361,0,0,0,0,0,0
107,2546,108.09733774589625,99994,46,13,1,1,284,151,0.00435026101566094,27,6,49726,49862,198,116,0,0,0,0,0,0,99620,0,0,0,0,0,0,0,0,0,0,374,0,0,0,0,0,0
108,2546,109.03191112538248,99994,52,14,1,1,293,154,0.004470268216092966,23,8,49721,49857,201,118,0,0,0,0,0,0,99615,0,0,0,0,0,0,0,0,0,0,379,0,0,0,0,0,0
109,2546,110.05062894147142,99994,53,15,1,1,300,157,0.0045702742164529875,21,7,49717,49856,206,119,0,0,0,0,0,0,99607,0,0,0,0,0,0,0,0,0,0,387,0,0,0,0,0,0
110,2546,111.30087092487175,99994,49,15,1,1,307,158,0.004650279016741005,20,7,49716,49855,212,120,0,0,0,0,0,0,99595,0,0,0,0,0,0,0,0,0,0,399,0,0,0,0,0,0
111,2546,112.21434403114382,99994,50,13,1,1,313,158,0.004710282616957017,20,10,49710,49852,217,122,0,0,0,0,0,0,99588,0,0,0,0,0,0,0,0,0,0,406,0,0,0,0,0,0
112,2546,113.02128323737942,99994,51,13,1,1,318,161,0.004790287417245034,19,7,49706,49852,221,125,0,0,0,0,0,0,99581,0,0,0,0,0,0,0,0,0,0,413,0,0,0,0,0,0
113,2546,114.22184664268947,99994,51,10,1,1,327,162,0.004890293417605056,23,12,49694,49846,229,129,0,0,0,0,0,0,99568,0,0,0,0,0,0,0,0,0,0,426,0,0,0,0,0,0
114,2546,115.10284638096229,99994,51,12,1,1,332,166,0.004980298817929075,25,8,49688,49846,233,131,0,0,0,0,0,0,99561,0,0,0,0,0,0,0,0,0,0,433,0,0,0,0,0,0
115,2546,116.07866146534178,99994,51,12,1,1,340,169,0.005090305418325099,25,5,49681,49846,240,134,0,0,0,0,0,0,99550,0,0,0,0,0,0,0,0,0,0,444,0,0,0,0,0,0
116,2546,117.03859760916986,99994,51,12,1,1,347,170,0.005170310218613117,28,9,49672,49841,246,135,0,0,0,0,0,0,99542,0,0,0,0,0,0,0,0,0,0,452,0,0,0,0,0,0
117,2546,118.00810625195307,99994,56,12,1,1,359,172,0.005310318619117147,28,10,49661,49838,252,137,0,0,0,0,0,0,99533,0,0,0,0,0,0,0,0,0,0,461,0,0,0,0,0,0
118,2546,119.06452144219763,99994,57,15,1,1,366,176,0.005420325219513171,26,8,49656,49837,258,137,0,0,0,0,0,0,99526,0,0,0,0,0,0,0,0,0,0,468,0,0,0,0,0,0
119,2546,120.03278055266334,99994,55,13,1,1,369,176,0.0054503270196211775,27,12,49653,49833,262,139,0,0,0,0,0,0,99519,0,0,0,0,0,0,0,0,0,0,475,0,0,0,0,0,0
120,2546,121.01661278478325,99994,51,15,1,1,373,181,0.005540332419945197,30,11,49647,49829,269,142,0,0,0,0,0,0,99508,0,0,0,0,0,0,0,0,0,0,486,0,0,0,0,0,0
121,2546,122.12288360558168,99994,50,17,1,1,381,185,0.005660339620377223,28,13,49642,49823,277,144,0,0,0,0,0,0,99497,0,0,0,0,0,0,0,0,0,0,497,0,0,0,0,0,0
122,2546,123.02691438306852,99994,54,17,1,1,391,187,0.005780346820809248,22,18,49638,49816,283,146,0,0,0,0,0,0,99489,0,0,0,0,0,0,0,0,0,0,505,0,0,0,0,0,0
123,2546,124.01304711312518,99994,53,21,1,1,399,191,0.005900354021241274,18,18,49635,49812,291,146,0,0,0,0,0,0,99480,0,0,0,0,0,0,0,0,0,0,514,0,0,0,0,0,0
124,2546,125.17755958638708,99994,46,21,1,1,404,199,0.006030361821709303,24,15,49625,49807,302,154,0,0,0,0,0,0,99460,0,0,0,0,0,0,0,0,0,0,534,0,0,0,0,0,0
125,2546,126.05449387762584,99994,49,26,1,1,408,205,0.006130367822069324,22,11,49623,49806,303,154,0,0,0,0,0,0,99458,0,0,0,0,0,0,0,0,0,0,536,0,0,0,0,0,0
126,2546,127.15950655860233,99994,52,24,1,1,421,210,0.006310378622717363,22,14,49613,49798,310,161,0,0,0,0,0,0,99441,0,0,0,0,0,0,0,0,0,0,553,0,0,0,0,0,0
127,2546,128.04548550288396,99994,50,26,1,1,426,213,0.00639038342300538,24,13,49607,49796,316,162,0,0,0,0,0,0,99433,0,0,0,0,0,0,0,0,0,0,561,0,0,0,0,0,0
128,2546,129.1886064242295,99994,52,24,1,1,435,215,0.006500390023401404,24,18,49598,49790,323,165,0,0,0,0,0,0,99422,0,0,0,0,0,0,0,0,0,0,572,0,0,0,0,0,0
129,2546,130.1475872980297,99994,47,25,1,1,437,219,0.006560393623617417,27,15,49595,49789,328,168,0,0,0,0,0,0,99412,0,0,0,0,0,0,0,0,0,0,582,0,0,0,0,0,0
130,2546,131.0772417498697,99994,41,20,1,1,443,221,0.006640398423905435,27,16,49589,49788,340,173,0,0,0,0,0,0,99393,0,0,0,0,0,0,0,0,0,0,601,0,0,0,0,0,0
131,2546,132.26833570313968,99994,41,21,1,1,448,225,0.006730403824229454,36,18,49575,49782,345,176,0,0,0,0,0,0,99385,0,0,0,0,0,0,0,0,0,0,609,0,0,0,0,0,0
132,2546,133.12403061585744,99994,41,22,1,1,458,228,0.0068604116246974815,28,17,49573,49780,355,178,0,0,0,0,0,0,99373,0,0,0,0,0,0,0,0,0,0,621,0,0,0,0,0,0
133,2546,134.04005931516636,99994,42,21,1,1,463,232,0.006950417025021501,33,14,49563,49779,359,183,0,0,0,0,0,0,99364,0,0,0,0,0,0,0,0,0,0,630,0,0,0,0,0,0
134,2546,135.20463647836237,99994,46,22,1,1,474,235,0.0070904254255255315,32,14,49553,49776,366,185,0,0,0,0,0,0,99355,0,0,0,0,0,0,0,0,0,0,639,0,0,0,0,0,0
135,2546,136.23106322848432,99994,52,22,1,1,490,237,0.00727043622617357,26,17,49545,49771,374,187,0,0,0,0,0,0,99343,0,0,0,0,0,0,0,0,0,0,651,0,0,0,0,0,0
136,2546,137.13145565300835,99994,52,23,1,1,495,239,0.007340440426425585,30,15,49536,49771,379,188,0,0,0,0,0,0,99337,0,0,0,0,0,0,0,0,0,0,657,0,0,0,0,0,0
137,2546,138.10409189067676,99994,50,27,1,1,500,245,0.007450447026821609,30,15,49532,49766,385,189,0,0,0,0,0,0,99328,0,0,0,0,0,0,0,0,0,0,666,0,0,0,0,0,0
138,2546,139.24246624515663,99994,50,30,1,1,507,251,0.007580454827289637,34,14,49522,49761,391,192,0,0,0,0,0,0,99318,0,0,0,0,0,0,0,0,0,0,676,0,0,0,0,0,0
139,2546,140.2390238692643,99994,47,29,1,1,512,252,0.00764045842750565,34,15,49518,49759,398,194,0,0,0,0,0,0,99308,0,0,0,0,0,0,0,0,0,0,686,0,0,0,0,0,0
140,2546,141.28035139824954,99994,53,30,1,1,524,256,0.007800468028081685,34,16,49506,49755,404,196,0,0,0,0,0,0,99299,0,0,0,0,0,0,0,0,0,0,695,0,0,0,0,0,0
141,2546,142.2299182732856,99994,59,31,1,1,533,260,0.007930475828549713,30,15,49502,49752,406,199,0,0,0,0,0,0,99293,0,0,0,0,0,0,0,0,0,0,701,0,0,0,0,0,0
142,2546,143.00320657415645,99994,56,31,1,1,536,262,0.007980478828729723,27,19,49503,49746,411,201,0,0,0,0,0,0,99285,0,0,0,0,0,0,0,0,0,0,709,0,0,0,0,0,0
143,2546,144.08973869619032,99993,50,32,2,1,541,270,0.008110567739741783,31,15,49495,49742,420,208,0,0,0,0,0,0,99267,0,0,0,0,0,0,0,0,0,0,726,0,0,0,0,0,0
144,2546,145.0671359374953,99993,53,31,2,1,549,272,0.008210574740231817,29,15,49489,49740,425,211,0,0,0,0,0,0,99259,0,0,0,0,0,0,0,0,0,0,734,0,0,0,0,0,0
145,2546,146.1431963930324,99993,46,32,2,1,552,276,0.00828057964057484,31,14,49486,49738,433,213,0,0,0,0,0,0,99246,0,0,0,0,0,0,0,0,0,0,747,0,0,0,0,0,0
146,2546,147.15845103603783,99993,49,29,2,1,560,279,0.008390587341113878,33,18,49479,49731,435,219,0,0,0,0,0,0,99235,0,0,0,0,0,0,0,0,0,0,758,0,0,0,0,0,0
147,2546,148.033166237748,99993,46,28,2,1,567,282,0.008490594341603912,41,18,49466,49729,443,222,0,0,0,0,0,0,99221,0,0,0,0,0,0,0,0,0,0,772,0,0,0,0,0,0
148,2546,149.02809919356514,99993,47,29,2,1,572,285,0.00857059994199594,46,19,49457,49725,446,224,0,0,0,0,0,0,99215,0,0,0,0,0,0,0,0,0,0,778,0,0,0,0,0,0
149,2546,150.05430479992395,99993,55,35,2,1,583,292,0.008750612542878,46,13,49447,49724,448,225,0,0,0,0,0,0,99211,0,0,0,0,0,0,0,0,0,0,782,0,0,0,0,0,0
150,2546,151.09883859067398,99993,64,32,2,1,598,296,0.008940625843809067,38,17,49441,49716,453,232,0,0,0,0,0,0,99198,0,0,0,0,0,0,0,0,0,0,795,0,0,0,0,0,0
151,2546,152.16457205302714,99993,70,34,2,1,612,301,0.009130639144740132,38,21,49428,49708,460,234,0,0,0,0,0,0,99187,0,0,0,0,0,0,0,0,0,0,806,0,0,0,0,0,0
152,2546,153.02135062719213,99993,73,34,2,1,621,306,0.00927064894542618,38,22,49420,49704,465,237,0,0,0,0,0,0,99177,0,0,1,0,0,0,0,0,0,0,815,0,0,0,0,0,0
153,2546,154.0196018151401,99993,74,31,2,1,631,311,0.00942065944616123,39,28,49412,49693,471,245,0,0,0,0,0,0,99160,0,0,1,0,0,0,0,0,0,0,832,0,0,0,0,0,0
154,2546,155.01796561991074,99993,78,30,2,1,642,315,0.009570669946896282,35,26,49407,49691,476,250,0,0,0,0,0,0,99148,0,0,1,0,0,0,0,0,0,0,844,0,0,0,0,0,0
155,2546,156.01645955243043,99992,86,29,3,1,656,318,0.009740779262340987,31,32,49398,49683,480,253,0,0,0,0,0,0,99138,0,0,1,0,0,0,0,0,0,0,853,0,0,0,0,0,0
156,2546,157.01505435991373,99992,86,40,3,1,666,331,0.009970797663813105,33,25,49386,49678,490,254,0,0,0,0,0,0,99126,0,0,1,0,0,0,0,0,0,0,865,0,0,0,0,0,0
157,2546,158.01385753851082,99992,83,40,3,1,675,335,0.010100808064645172,41,26,49371,49673,500,258,0,0,0,0,0,0,99110,0,0,1,0,0,0,0,0,0,0,881,0,0,0,0,0,0
158,2546,159.01289451019562,99992,84,45,3,1,690,343,0.01033082646611729,40,18,49357,49674,514,260,0,0,0,0,0,0,99093,0,0,1,0,0,0,0,0,0,0,898,0,0,0,0,0,0
159,2546,160.223149442136,99992,79,46,3,1,700,348,0.010480838467077366,42,17,49348,49670,526,264,0,0,0,0,0,0,99074,0,0,1,0,0,0,0,0,0,0,917,0,0,0,0,0,0
160,2546,161.05929559766338,99992,84,47,3,1,714,356,0.01070085606848548,43,21,49336,49659,532,270,0,0,0,0,0,0,99059,0,0,2,0,0,0,0,0,0,0,931,0,0,0,0,0,0
161,2546,162.0590048178432,99992,81,48,3,1,721,362,0.010830866469317545,43,23,49331,49652,540,274,0,0,0,0,0,0,99044,0,0,2,0,0,0,0,0,0,0,946,0,0,0,0,0,0
162,2546,163.05881988673733,99992,82,48,3,1,733,369,0.011020881670533642,43,28,49320,49642,550,279,0,0,0,0,0,0,99026,0,0,2,0,0,0,0,0,0,0,964,0,0,0,0,0,0
163,2546,164.05885043829124,99992,79,46,3,1,744,373,0.01117089367149372,48,32,49307,49635,561,284,0,0,0,0,0,0,99006,0,0,2,0,0,0,0,0,0,0,984,0,0,0,0,0,0
164,2546,165.05909134133577,99992,81,45,3,1,760,381,0.011410912873029842,49,33,49292,49627,573,292,0,0,0,0,0,0,98983,0,0,2,0,0,0,0,0,0,0,1007,0,0,0,0,0,0
165,2546,166.05960734469423,99992,81,47,3,1,773,389,0.01162092967437395,51,30,49278,49622,585,298,0,0,0,0,0,0,98964,0,0,2,0,0,0,0,0,0,0,1026,0,0,0,0,0,0
166,2546,167.06039833840882,99991,74,47,4,1,780,394,0.011741056695102559,62,31,49263,49618,595,301,0,0,0,0,0,0,98945,0,0,2,0,0,0,0,0,0,0,1044,0,0,0,0,0,0
167,2546,168.06144740123685,99991,83,43,4,1,800,397,0.011971077396965728,52,30,49255,49617,604,307,0,0,0,0,0,0,98927,0,0,2,0,0,0,0,0,0,0,1062,0,0,0,0,0,0
168,2546,169.06272016048374,99991,76,48,4,1,813,405,0.01218109629866688,56,26,49240,49617,622,306,0,0,0,0,0,0,98904,0,0,2,0,0,0,0,0,0,0,1085,0,0,0,0,0,0
169,2546,170.0642916920688,99991,76,51,4,1,824,410,0.012341110699962996,57,25,49229,49614,632,307,0,0,0,0,0,0,98891,0,0,2,0,0,0,0,0,0,0,1098,0,0,0,0,0,0
170,2546,171.06605115480787,99991,74,48,4,1,833,415,0.012481123301097099,62,26,49215,49610,643,313,0,0,0,0,0,0,98872,0,0,2,0,0,0,0,0,0,0,1117,0,0,0,0,0,0
171,2546,172.0680637157505,99991,75,52,4,1,851,424,0.012751147603284295,62,24,49200,49604,657,317,0,0,0,0,0,0,98850,0,0,2,0,0,0,0,0,0,0,1139,0,0,0,0,0,0
172,2546,173.0703909093415,99991,82,50,4,1,867,430,0.012971167405066457,59,26,49190,49596,663,325,0,0,0,0,0,0,98833,0,0,2,0,0,0,0,0,0,0,1156,0,0,0,0,0,0
173,2546,174.07288388521795,99991,89,48,4,1,887,435,0.013221189907091637,61,27,49172,49592,672,330,0,0,0,0,0,0,98813,0,0,2,0,0,0,0,0,0,0,1176,0,0,0,0,0,0
174,2546,175.07564389896706,99991,83,53,4,1,902,445,0.01347121240911682,65,32,49156,49578,690,334,0,0,0,0,0,0,98787,0,0,2,0,0,0,0,0,0,0,1202,0,0,0,0,0,0
175,2546,176.0787208011722,99991,88,57,4,1,915,456,0.013711234011060995,67,27,49142,49573,697,340,0,0,0,0,0,0,98772,0,0,2,0,0,0,0,0,0,0,1217,0,0,0,0,0,0
176,2546,177.08198626477386,99991,93,54,4,1,933,463,0.013961256513086178,67,32,49126,49563,708,348,0,0,0,0,0,0,98749,0,0,2,0,0,0,0,0,0,0,1240,0,0,0,0,0,0
177,2546,178.08556710753726,99991,95,57,4,1,949,473,0.014221279915192368,70,33,49108,49553,721,354,0,0,0,0,0,0,98728,0,0,2,0,0,0,0,0,0,0,1261,0,0,0,0,0,0
178,2546,179.08943873049694,99991,96,58,4,1,969,484,0.014531307817703593,67,30,49093,49550,738,359,0,0,0,0,0,0,98699,0,0,2,0,0,0,0,0,0,0,1290,0,0,0,0,0,0
179,2546,180.0936661143772,99991,103,53,4,1,989,490,0.014791331219809783,71,31,49073,49543,747,370,0,0,0,0,0,0,98676,0,0,3,0,0,0,0,0,0,0,1312,0,0,0,0,0,0
180,2546,181.09816787842058,99991,108,47,4,1,1007,497,0.015041353721834965,70,34,49057,49535,759,381,0,0,0,0,0,0,98650,0,0,3,0,0,0,0,0,0,0,1338,0,0,0,0,0,0
181,2546,182.10297840564772,99991,118,46,4,1,1034,506,0.015401386124751228,58,32,49044,49528,774,391,0,0,0,0,0,0,98624,0,0,4,0,0,0,0,0,0,0,1363,0,0,0,0,0,0
182,2546,183.1081065433707,99991,115,48,4,1,1046,512,0.01558140232620936,59,38,49034,49517,786,394,0,0,0,0,0,0,98605,0,0,4,0,0,0,0,0,0,0,1382,0,0,0,0,0,0
183,2546,184.1134123589041,99990,102,50,5,1,1055,524,0.01579157915791579,67,33,49018,49511,806,403,0,0,0,0,0,0,98573,0,0,4,0,0,0,0,0,0,0,1413,0,0,0,0,0,0
184,2546,185.11909120739764,99990,98,51,5,1,1070,534,0.016041604160416043,76,29,48996,49506,823,411,0,0,0,0,0,0,98547,0,0,6,0,0,0,0,0,0,0,1437,0,0,0,0,0,0
185,2546,186.12516368517345,99990,97,60,5,1,1086,547,0.01633163316331633,70,27,48988,49495,838,415,0,0,0,0,0,0,98526,0,0,6,0,0,0,0,0,0,0,1458,0,0,0,0,0,0
186,2546,187.13146283553897,99990,109,53,5,1,1106,548,0.01654165416541654,65,34,48974,49489,845,421,0,0,0,0,0,0,98510,0,0,6,0,0,0,0,0,0,0,1474,0,0,0,0,0,0
187,2546,188.137965132307,99990,100,62,5,1,1118,561,0.016791679167916792,73,35,48958,49476,862,424,0,0,0,0,0,0,98486,0,0,7,0,0,0,0,0,0,0,1497,0,0,0,0,0,0
188,2546,189.14479026505367,99990,111,56,5,1,1140,570,0.017101710171017102,71,37,48940,49465,871,439,0,0,0,0,0,0,98460,0,0,7,0,0,0,0,0,0,0,1523,0,0,0,0,0,0
189,2546,190.15190005975202,99989,112,59,6,1,1160,577,0.01737191091020012,70,38,48921,49459,889,441,0,0,0,0,0,0,98437,0,0,7,0,0,0,0,0,0,0,1545,0,0,0,0,0,0
190,2546,191.15934242978526,99989,107,58,6,1,1168,586,0.017541929612257347,77,38,48909,49456,899,445,0,0,0,0,0,0,98414,0,0,7,0,0,0,0,0,0,0,1568,0,0,0,0,0,0
191,2546,192.1670326550024,99989,101,56,6,1,1187,595,0.01782196041564572,74,39,48897,49446,920,456,0,0,0,0,0,0,98378,0,0,7,0,0,0,0,0,0,0,1604,0,0,0,0,0,0
192,2546,193.17506033781336,99989,109,55,6,1,1207,607,0.018141995619518146,70,38,48882,49437,931,467,0,0,0,0,0,0,98353,0,0,7,0,0,0,0,0,0,0,1629,0,0,0,0,0,0
193,2546,194.1833787613189,99989,107,55,6,1,1225,615,0.018402024222664494,73,37,48868,49431,944,474,0,0,0,0,0,0,98325,0,0,7,0,0,0,0,0,0,0,1657,0,0,0,0,0,0
194,2546,195.1919482094879,99989,108,56,6,1,1246,625,0.018712058326415905,65,38,48858,49420,961,483,0,0,0,0,0,0,98296,0,0,7,0,0,0,0,0,0,0,1686,0,0,0,0,0,0
195,2546,196.20079966551677,99989,102,63,6,1,1257,638,0.018952084729320227,73,29,48841,49416,976,489,0,0,0,0,0,0,98274,0,0,8,0,0,0,0,0,0,0,1707,0,0,0,0,0,0
196,2546,197.2100147062583,99989,101,62,6,1,1272,648,0.019202112232345556,78,25,48822,49410,991,500,0,0,0,0,0,0,98247,0,0,8,0,0,0,0,0,0,0,1734,0,0,0,0,0,0
197,2546,198.2195751430276,99989,108,56,6,1,1295,654,0.019492144135854945,70,29,48812,49401,1002,511,0,0,0,0,0,0,98219,0,0,8,0,0,0,0,0,0,0,1762,0,0,0,0,0,0
198,2546,199.22940373919153,99989,119,56,6,1,1319,662,0.01981217933972737,73,28,48787,49395,1013,518,0,0,0,0,0,0,98198,0,0,8,0,0,0,0,0,0,0,1783,0,0,0,0,0,0
199,2546,200.2395924179554,99989,125,54,6,1,1342,666,0.02008220904299473,68,37,48772,49384,1027,522,0,0,0,0,0,0,98175,0,0,8,0,0,0,0,0,0,0,1806,0,0,0,0,0,0
200,2546,201.25004684379132,99989,130,60,6,1,1361,676,0.020372240946504114,61,34,48765,49381,1036,522,0,0,0,0,0,0,98157,0,0,8,0,0,0,0,0,0,0,1824,0,0,0,0,0,0
201,2546,202.26066201279374,99989,122,56,6,1,1376,680,0.02056226184880337,69,38,48744,49374,1057,529,0,0,0,0,0,0,98126,0,0,8,0,0,0,0,0,0,0,1855,0,0,0,0,0,0
202,2546,203.27168410077903,99989,122,65,6,1,1389,695,0.02084229265219174,74,37,48732,49360,1064,535,0,0,0,0,0,0,98107,0,0,8,0,0,0,0,0,0,0,1874,0,0,0,0,0,0
203,2546,204.2829237893343,99987,121,64,8,1,1403,706,0.021092742056467342,83,31,48711,49358,1075,544,0,0,0,0,0,0,98080,0,0,8,0,0,0,0,0,0,0,1899,0,0,0,0,0,0
204,2546,205.29443630449552,99987,128,58,8,1,1426,711,0.021372778461199955,77,39,48698,49347,1087,553,0,0,0,0,0,0,98053,0,0,8,0,0,0,0,0,0,0,1926,0,0,0,0,0,0
205,2546,206.30623568003585,99987,139,53,8,1,1449,719,0.021682818766439637,76,38,48684,49341,1091,565,0,0,0,0,0,0,98028,0,0,8,0,0,0,0,0,0,0,1951,0,0,0,0,0,0
206,2546,207.31826194007846,99987,132,57,8,1,1464,731,0.02195285387100323,76,39,48673,49330,1109,571,0,0,0,0,0,0,97999,0,0,9,0,0,0,0,0,0,0,1979,0,0,0,0,0,0
207,2546,208.33057463872873,99987,129,56,8,1,1480,740,0.02220288637522878,97,42,48642,49322,1122,577,0,0,0,0,0,0,97970,0,0,9,0,0,0,0,0,0,0,2008,0,0,0,0,0,0
208,2546,209.0056837305495,99987,131,55,8,1,1492,747,0.022392911078440197,99,42,48630,49315,1130,585,0,0,0,0,0,0,97952,0,0,9,0,0,0,0,0,0,0,2026,0,0,0,0,0,0
209,2546,210.01865954043194,99986,130,62,8,2,1511,760,0.022713179845178327,104,40,48610,49306,1146,588,0,0,0,0,0,0,97926,0,0,9,0,0,0,0,0,0,0,2051,0,0,0,0,0,0
210,2546,211.03200266597347,99986,138,57,8,2,1542,766,0.02308323165243134,96,47,48589,49294,1167,598,0,0,0,0,0,0,97893,0,0,10,0,0,0,0,0,0,0,2083,0,0,0,0,0,0
211,2546,212.04569740277682,99986,142,54,8,2,1565,774,0.02339327505850819,87,50,48581,49285,1180,607,0,0,0,0,0,0,97864,0,0,11,0,0,0,0,0,0,0,2111,0,0,0,0,0,0
212,2546,213.05964751488395,99985,142,56,9,2,1579,784,0.023633545031754764,87,47,48573,49279,1187,614,0,0,0,0,0,0,97842,0,0,11,0,0,0,0,0,0,0,2132,0,0,0,0,0,0
213,2546,214.07377309591774,99985,148,58,9,2,1598,793,0.023913587038055708,92,44,48554,49274,1195,620,0,0,0,0,0,0,97823,0,0,12,0,0,0,0,0,0,0,2150,0,0,0,0,0,0
214,2546,215.0881591072683,99985,158,63,9,2,1621,807,0.024283642546381958,93,44,48533,49264,1205,625,0,0,0,0,0,0,97802,0,0,13,0,0,0,0,0,0,0,2170,0,0,0,0,0,0
215,2546,216.1028413734186,99985,159,64,9,2,1650,817,0.024673701055158273,90,53,48513,49249,1227,630,0,0,0,0,0,0,97765,0,0,13,0,0,0,0,0,0,0,2207,0,0,0,0,0,0
216,2546,217.11788306803103,99985,162,73,9,2,1671,837,0.025083762564384656,89,46,48501,49237,1237,640,0,0,0,0,0,0,97736,0,0,13,0,0,0,0,0,0,0,2236,0,0,0,0,0,0
217,2546,218.13321560298152,99985,156,71,9,2,1690,848,0.02538380757113567,106,46,48469,49229,1258,650,0,0,0,0,0,0,97698,0,0,13,0,0,0,0,0,0,0,2274,0,0,0,0,0,0
218,2546,219.14906435216773,99985,159,77,9,2,1721,862,0.02583387508126219,94,44,48453,49220,1283,655,0,0,0,0,0,0,97662,0,0,13,0,0,0,0,0,0,0,2310,0,0,0,0,0,0
219,2546,220.16535351407765,99985,152,77,9,2,1745,873,0.02618392758913837,98,43,48433,49211,1306,665,0,0,0,0,0,0,97620,0,0,13,0,0,0,0,0,0,0,2352,0,0,0,0,0,0
220,2546,221.1821108573213,99985,151,72,9,2,1766,882,0.026483972595889384,106,46,48406,49202,1326,676,0,0,0,0,0,0,97584,0,0,13,0,0,0,0,0,0,0,2388,0,0,0,0,0,0
221,2546,222.1993177878785,99985,151,76,9,2,1791,897,0.026884032604890733,102,39,48393,49197,1343,684,0,0,0,0,0,0,97548,0,0,13,0,0,0,0,0,0,0,2424,0,0,0,0,0,0
222,2546,223.21690071293736,99985,153,65,9,2,1814,902,0.02716407461119168,101,41,48375,49193,1360,697,0,0,0,0,0,0,97511,0,0,13,0,0,0,0,0,0,0,2461,0,0,0,0,0,0
223,2546,224.23489396227842,99985,156,57,9,2,1839,907,0.027464119617942692,111,46,48345,49185,1377,708,0,0,0,0,0,0,97476,0,0,13,0,0,0,0,0,0,0,2496,0,0,0,0,0,0
224,2546,225.25336806004745,99985,161,62,9,2,1866,917,0.02783417512626894,111,43,48322,49180,1395,711,0,0,0,0,0,0,97451,0,0,15,0,0,0,0,0,0,0,2519,0,0,0,0,0,0
225,2546,226.27226546104657,99985,166,69,9,2,1893,929,0.028224233635045257,101,41,48308,49173,1414,713,0,0,0,0,0,0,97424,0,0,15,0,0,0,0,0,0,0,2546,0,0,0,0,0,0
226,2546,227.29150670492274,99985,166,63,9,2,1921,936,0.02857428614292144,94,48,48289,49161,1440,724,0,0,0,0,0,0,97384,0,0,16,0,0,0,0,0,0,0,2585,0,0,0,0,0,0
227,2546,228.31119399194364,99985,166,69,9,2,1949,949,0.028984347652147822,96,46,48265,49154,1462,727,0,0,0,0,0,0,97350,0,0,17,0,0,0,0,0,0,0,2618,0,0,0,0,0,0
228,2546,229.33139808939907,99984,168,69,10,2,1979,957,0.029364698351736277,94,54,48240,49140,1486,733,0,0,0,0,0,0,97314,0,0,17,0,0,0,0,0,0,0,2653,0,0,0,0,0,0
229,2546,230.01179486279568,99984,169,67,10,2,1994,961,0.029554728756601055,96,60,48227,49131,1496,738,0,0,0,0,0,0,97294,0,0,17,0,0,0,0,0,0,0,2673,0,0,0,0,0,0
230,2546,231.0326713566528,99983,174,72,10,3,2024,975,0.029995099166858365,94,58,48201,49120,1519,745,0,0,0,0,0,0,97260,0,0,17,0,0,0,0,0,0,0,2706,0,0,0,0,0,0
231,2546,232.05403110506762,99983,171,69,10,3,2044,984,0.030285148475240792,105,62,48175,49109,1537,755,0,0,0,0,0,0,97225,0,0,17,0,0,0,0,0,0,0,2741,0,0,0,0,0,0
232,2546,233.0758500522237,99983,171,76,10,3,2067,998,0.030655211385935608,103,57,48158,49103,1556,759,0,0,0,0,0,0,97195,0,0,17,0,0,0,0,0,0,0,2771,0,0,0,0,0,0
233,2546,234.0980795213376,99983,170,84,10,3,2092,1017,0.03109528619865377,115,52,48127,49092,1576,767,0,0,0,0,0,0,97159,0,0,18,0,0,0,0,0,0,0,2806,0,0,0,0,0,0
234,2546,235.120798950774,99983,174,88,10,3,2127,1034,0.03161537461368433,103,55,48110,49075,1601,777,0,0,0,0,0,0,97117,0,0,20,0,0,0,0,0,0,0,2846,0,0,0,0,0,0
235,2546,236.14394209704886,99983,163,84,10,3,2150,1046,0.03196543412380105,108,57,48089,49061,1628,793,0,0,0,0,0,0,97070,0,0,23,0,0,0,0,0,0,0,2890,0,0,0,0,0,0
236,2546,237.16760521625403,99983,179,89,10,3,2182,1060,0.032425512337097305,109,54,48060,49054,1640,798,0,0,0,0,0,0,97045,0,0,23,0,0,0,0,0,0,0,2915,0,0,0,0,0,0
237,2546,238.19168767354125,99983,170,90,10,3,2206,1075,0.032815578648370224,111,47,48038,49051,1669,807,0,0,0,0,0,0,96999,0,0,24,0,0,0,0,0,0,0,2960,0,0,0,0,0,0
238,2546,239.21635063408357,99983,176,89,10,3,2226,1086,0.033125631357330744,129,52,48004,49038,1679,816,0,0,0,0,0,0,96974,0,0,25,0,0,0,0,0,0,0,2984,0,0,0,0,0,0
239,2546,240.24151481384845,99983,179,78,10,3,2258,1094,0.033525699368892714,130,53,47976,49031,1703,833,0,0,0,0,0,0,96927,0,0,26,0,0,0,0,0,0,0,3030,0,0,0,0,0,0
240,2546,241.26722884697148,99983,185,81,10,3,2287,1110,0.03397577588189992,126,60,47956,49011,1721,843,0,0,0,0,0,0,96891,0,0,26,0,0,0,0,0,0,0,3066,0,0,0,0,0,0
241,2546,242.29334898789108,99983,193,76,10,3,2322,1122,0.03444585579548523,121,58,47935,49003,1739,858,0,0,0,0,0,0,96848,0,0,27,0,0,0,0,0,0,0,3108,0,0,0,0,0,0
242,2546,243.3199476462791,99983,198,87,10,3,2355,1142,0.034975945910804836,131,46,47899,48995,1760,867,0,0,0,0,0,0,96811,0,0,27,0,0,0,0,0,0,0,3145,0,0,0,0,0,0
243,2546,244.0046293135662,99982,196,84,11,3,2378,1151,0.03529635334360185,137,52,47874,48983,1780,876,0,0,0,0,0,0,96774,0,0,27,0,0,0,0,0,0,0,3181,0,0,0,0,0,0
244,2546,245.032232971634,99982,199,85,11,3,2411,1167,0.03578644155948071,127,48,47856,48974,1805,888,0,0,0,0,0,0,96729,0,0,27,0,0,0,0,0,0,0,3226,0,0,0,0,0,0
245,2546,246.06032107205294,99982,201,85,11,3,2436,1182,0.03618651357244304,128,48,47834,48962,1824,900,0,0,0,0,0,0,96693,0,0,29,0,0,0,0,0,0,0,3260,0,0,0,0,0,0
246,2546,247.0888559695052,99981,211,83,12,3,2468,1192,0.036606955321511085,125,47,47812,48957,1838,908,0,0,0,0,0,0,96659,0,0,29,0,0,0,0,0,0,0,3293,0,0,0,0,0,0
247,2546,248.11776453689768,99981,219,81,12,3,2505,1204,0.03709704843920345,114,45,47794,48950,1859,919,0,0,0,0,0,0,96617,0,0,30,0,0,0,0,0,0,0,3334,0,0,0,0,0,0
248,2546,249.1471505914456,99980,210,77,13,3,2537,1212,0.03749749949989998,116,54,47766,48935,1893,929,0,0,0,0,0,0,96564,0,0,30,0,0,0,0,0,0,0,3386,0,0,0,0,0,0
249,2546,250.177127730173,99980,210,82,13,3,2564,1229,0.0379375875175035,121,53,47741,48920,1913,940,0,0,0,0,0,0,96526,0,0,31,0,0,0,0,0,0,0,3423,0,0,0,0,0,0
250,2546,251.20760999090766,99980,203,94,13,3,2593,1252,0.038457691538307665,130,43,47712,48913,1940,945,0,0,0,0,0,0,96479,0,0,31,0,0,0,0,0,0,0,3470,0,0,0,0,0,0
251,2546,252.23866574132617,99979,202,88,14,3,2622,1258,0.0388081497114394,126,50,47695,48905,1961,952,0,0,0,0,0,0,96437,0,0,31,0,0,0,0,0,0,0,3511,0,0,0,0,0,0
252,2546,253.27013469402354,99979,206,88,14,3,2647,1272,0.039198231628642013,133,61,47673,48883,1972,963,0,0,0,0,0,0,96402,0,0,31,0,0,0,0,0,0,0,3546,0,0,0,0,0,0
253,2546,254.30194386729966,99979,201,93,14,3,2687,1288,0.0397583492533432,119,61,47657,48873,2007,968,0,0,0,0,0,0,96347,0,0,32,0,0,0,0,0,0,0,3600,0,0,0,0,0,0
254,2546,255.33426626732745,99979,200,84,14,3,2721,1300,0.04021844587363346,116,64,47629,48861,2039,986,0,0,0,0,0,0,96292,0,0,33,0,0,0,0,0,0,0,3654,0,0,0,0,0,0
255,2546,256.0228756589355,99978,197,91,15,3,2735,1309,0.0404488987577267,125,62,47611,48856,2050,986,0,0,0,0,0,0,96275,0,0,35,0,0,0,0,0,0,0,3668,0,0,0,0,0,0
256,2546,257.05617566850435,99978,198,84,15,3,2771,1321,0.040929004380963814,118,62,47590,48846,2077,1003,0,0,0,0,0,0,96221,0,0,35,0,0,0,0,0,0,0,3722,0,0,0,0,0,0
257,2546,258.0900262699661,99978,215,87,15,3,2809,1336,0.041459121006621455,112,58,47562,48842,2094,1008,0,0,0,0,0,0,96188,0,0,35,0,0,0,0,0,0,0,3755,0,0,0,0,0,0
258,2546,259.12439095672227,99978,202,88,15,3,2828,1349,0.041779191422112866,126,57,47540,48835,2115,1015,0,0,0,0,0,0,96144,0,0,35,0,0,0,0,0,0,0,3799,0,0,0,0,0,0
259,2546,260.1591903498152,99977,219,89,16,3,2865,1365,0.04230973123818478,120,51,47519,48827,2124,1028,0,0,0,0,0,0,96109,0,0,35,0,0,0,0,0,0,0,3833,0,0,0,0,0,0
260,2546,261.1943705242234,99977,221,86,16,3,2896,1376,0.042729827860407896,125,53,47487,48820,2149,1036,0,0,0,0,0,0,96067,0,0,36,0,0,0,0,0,0,0,3874,0,0,0,0,0,0
261,2546,262.23016707793346,99977,214,83,16,3,2925,1391,0.043169929083689246,129,51,47458,48811,2181,1050,0,0,0,0,0,0,96015,0,0,38,0,0,0,0,0,0,0,3924,0,0,0,0,0,0
262,2546,263.2666435223808,99976,211,91,17,3,2958,1410,0.043690485716571976,135,48,47434,48801,2201,1055,0,0,0,0,0,0,95969,0,0,39,0,0,0,0,0,0,0,3968,0,0,0,0,0,0
263,2546,264.30363375185993,99976,216,95,17,3,2994,1427,0.04422061294710731,139,48,47399,48787,2227,1065,0,0,0,0,0,0,95925,0,0,39,0,0,0,0,0,0,0,4012,0,0,0,0,0,0
264,2546,265.3411920552871,99976,213,96,17,3,3032,1444,0.04477074497879491,135,46,47376,48776,2257,1077,0,0,0,0,0,0,95872,0,0,43,0,0,0,0,0,0,0,4061,0,0,0,0,0,0
265,2546,266.03324883592904,99976,230,94,17,3,3065,1450,0.045160838601264304,122,54,47361,48763,2268,1084,0,0,0,0,0,0,95848,0,0,43,0,0,0,0,0,0,0,4085,0,0,0,0,0,0
266,2546,267.07167258087105,99976,220,101,17,3,3093,1467,0.04561094662719053,121,58,47343,48745,2297,1091,0,0,0,0,0,0,95802,0,0,45,0,0,0,0,0,0,0,4129,0,0,0,0,0,0
267,2546,268.110573119638,99976,220,94,17,3,3126,1482,0.04609106185484516,121,58,47315,48735,2325,1108,0,0,0,0,0,0,95749,0,0,47,0,0,0,0,0,0,0,4180,0,0,0,0,0,0
268,2546,269.1501140764039,99976,228,97,17,3,3167,1504,0.046721213091141876,114,52,47291,48724,2348,1122,0,0,0,0,0,0,95698,0,0,48,0,0,0,0,0,0,0,4230,0,0,0,0,0,0
269,2546,270.1901897261645,99976,231,95,17,3,3210,1515,0.04726134272225334,107,58,47268,48711,2375,1131,0,0,0,0,0,0,95647,0,0,50,0,0,0,0,0,0,0,4279,0,0,0,0,0,0
270,2546,271.2307947808059,99976,227,95,17,3,3233,1523,0.04757141714011363,119,67,47236,48700,2399,1133,0,0,0,0,0,0,95612,0,0,50,0,0,0,0,0,0,0,4314,0,0,0,0,0,0
271,2546,272.27194892238765,99974,225,97,19,3,3264,1542,0.04807249884970092,121,60,47214,48697,2419,1141,0,0,0,0,0,0,95562,0,0,50,0,0,0,0,0,0,0,4362,0,0,0,0,0,0
272,2546,273.31356965998316,99974,223,96,19,3,3293,1556,0.04850261067877648,140,65,47178,48683,2438,1151,0,0,0,0,0,0,95516,0,0,50,0,0,0,0,0,0,0,4408,0,0,0,0,0,0
273,2546,274.008316557995,99974,232,96,19,3,3320,1570,0.04891271730649969,133,60,47164,48679,2450,1160,0,0,0,0,0,0,95485,0,0,51,0,0,0,0,0,0,0,4438,0,0,0,0,0,0
274,2546,275.0508307001381,99973,239,101,19,4,3361,1585,0.04947335780660778,134,60,47136,48670,2470,1163,0,0,0,0,0,0,95442,0,0,52,0,0,0,0,0,0,0,4479,0,0,0,0,0,0
275,2546,276.09387300950556,99973,229,95,19,4,3392,1600,0.04993348204015084,131,62,47113,48657,2506,1180,0,0,0,0,0,0,95382,0,0,54,0,0,0,0,0,0,0,4537,0,0,0,0,0,0
276,2546,277.137588369211,99973,226,103,19,4,3426,1621,0.05048363058025667,144,53,47079,48652,2530,1186,0,0,0,0,0,0,95334,0,0,56,0,0,0,0,0,0,0,4583,0,0,0,0,0,0
277,2546,278.18195008918934,99973,240,99,19,4,3473,1630,0.0510437818210917,137,62,47051,48637,2551,1196,0,0,0,0,0,0,95288,0,0,56,0,0,0,0,0,0,0,4629,0,0,0,0,0,0
278,2546,279.22679664386953,99973,231,106,19,4,3501,1649,0.05151390875536395,136,64,47033,48623,2579,1201,0,0,0,0,0,0,95243,0,0,60,0,0,0,0,0,0,0,4670,0,0,0,0,0,0
279,2546,280.2721785923257,99973,222,108,19,4,3533,1665,0.0519940383903654,142,76,47004,48599,2611,1211,0,0,0,0,0,0,95189,0,0,61,0,0,0,0,0,0,0,4723,0,0,0,0,0,0
280,2546,281.31816290472443,99973,219,109,19,4,3568,1689,0.052584197733388016,141,69,46984,48589,2635,1227,0,0,0,0,0,0,95128,0,0,61,0,0,0,0,0,0,0,4784,0,0,0,0,0,0
281,2546,282.0157904723681,99973,231,111,19,4,3600,1705,0.053064327368389466,133,69,46968,48574,2647,1240,0,0,0,0,0,0,95094,0,0,61,0,0,0,0,0,0,0,4818,0,0,0,0,0,0
282,2546,283.06262761008486,99973,214,121,19,4,3624,1724,0.05349444349974493,140,68,46954,48561,2671,1244,0,0,0,0,0,0,95048,0,0,65,0,0,0,0,0,0,0,4860,0,0,0,0,0,0
283,2546,284.1097956748691,99972,217,128,19,5,3661,1747,0.054095146641059494,130,57,46935,48551,2697,1257,0,0,0,0,0,0,94999,0,0,66,0,0,0,0,0,0,0,4907,0,0,0,0,0,0
284,2546,285.1574576220399,99972,221,139,19,5,3692,1768,0.054615292281838916,140,58,46902,48532,2716,1264,0,0,0,0,0,0,94962,0,0,66,0,0,0,0,0,0,0,4944,0,0,0,0,0,0
285,2546,286.2056388797251,99972,218,131,19,5,3722,1783,0.05506541831712879,145,58,46881,48524,2735,1280,0,0,0,0,0,0,94908,0,0,68,0,0,0,0,0,0,0,4996,0,0,0,0,0,0
286,2546,287.2543326859971,99972,225,124,19,5,3771,1796,0.05568559196575041,128,64,46859,48506,2767,1299,0,0,0,0,0,0,94849,0,0,71,0,0,0,0,0,0,0,5052,0,0,0,0,0,0
287,2546,288.3036502366498,99971,229,121,20,5,3805,1810,0.05616628822358484,135,62,46831,48500,2783,1310,0,0,0,0,0,0,94804,0,0,73,0,0,0,0,0,0,0,5094,0,0,0,0,0,0
288,2546,289.0035102972171,99971,233,112,20,5,3830,1823,0.05654639845555211,132,66,46813,48489,2800,1326,0,0,0,0,0,0,94762,0,0,74,0,0,0,0,0,0,0,5135,0,0,0,0,0,0
289,2546,290.0537381421837,99971,232,114,20,5,3862,1838,0.05701653479509058,136,63,46794,48483,2816,1333,0,0,0,0,0,0,94717,0,0,75,0,0,0,0,0,0,0,5179,0,0,0,0,0,0
290,2546,291.1044089261158,99971,245,115,20,5,3901,1857,0.05759670304388272,139,62,46761,48467,2833,1349,0,0,0,0,0,0,94673,0,0,75,0,0,0,0,0,0,0,5223,0,0,0,0,0,0
291,2546,292.15561335587284,99970,249,125,21,5,3935,1880,0.05816745023507052,147,57,46728,48455,2853,1356,0,0,0,0,0,0,94631,0,0,76,0,0,0,0,0,0,0,5263,0,0,0,0,0,0
292,2546,293.2073796232482,99970,242,112,21,5,3960,1889,0.058507552265679705,158,65,46706,48441,2871,1375,0,0,0,0,0,0,94578,0,0,77,0,0,0,0,0,0,0,5315,0,0,0,0,0,0
293,2546,294.25965943711776,99970,236,105,21,5,3998,1901,0.05900770231069321,154,73,46682,48426,2905,1389,0,0,0,0,0,0,94517,0,0,79,0,0,0,0,0,0,0,5374,0,0,0,0,0,0
294,2546,295.3125431996589,99970,233,102,21,5,4035,1920,0.05956787036110833,142,68,46665,48414,2937,1409,0,0,0,0,0,0,94457,0,0,81,0,0,0,0,0,0,0,5432,0,0,0,0,0,0
295,2546,296.0148297848341,99970,227,98,21,5,4050,1928,0.05979793938181455,152,67,46644,48409,2954,1419,0,0,0,0,0,0,94425,0,0,82,0,0,0,0,0,0,0,5463,0,0,0,0,0,0
296,2546,297.0688064229198,99970,235,91,21,5,4095,1943,0.06039811943583075,140,74,46617,48390,2985,1438,0,0,0,0,0,0,94371,0,0,87,0,0,0,0,0,0,0,5512,0,0,0,0,0,0
297,2546,298.1233450507245,99970,236,95,21,5,4134,1963,0.060988296488946686,126,66,46606,48380,3009,1452,0,0,0,0,0,0,94322,0,0,92,0,0,0,0,0,0,0,5556,0,0,0,0,0,0
298,2546,299.17838998556135,99970,231,101,21,5,4167,1981,0.06149844953486046,132,70,46581,48373,3033,1449,0,0,0,0,0,0,94273,0,0,93,0,0,0,0,0,0,0,5604,0,0,0,0,0,0
299,2546,300.2339579418658,99970,219,102,21,5,4204,1995,0.06200860258077423,122,73,46565,48362,3071,1456,0,0,0,0,0,0,94213,0,0,95,0,0,0,0,0,0,0,5662,0,0,0,0,0,0
300,2546,301.2900538389688,99970,215,110,21,5,4232,2018,0.062518755626688,126,61,46543,48357,3093,1465,0,0,0,0,0,0,94168,0,0,97,0,0,0,0,0,0,0,5705,0,0,0,0,0,0
301,2546,302.34671558711625,99970,229,108,21,5,4271,2033,0.0630589176753026,127,64,46514,48346,3107,1475,0,0,0,0,0,0,94129,0,0,100,0,0,0,0,0,0,0,5741,0,0,0,0,0,0
302,2546,303.05143834454157,99970,219,114,21,5,4286,2049,0.06336901070321097,134,57,46503,48343,3121,1479,0,0,0,0,0,0,94095,0,0,101,0,0,0,0,0,0,0,5774,0,0,0,0,0,0
303,2546,304.1088294774605,99970,222,116,21,5,4320,2063,0.06384915474642393,143,60,46476,48332,3136,1485,0,0,0,0,0,0,94053,0,0,102,0,0,0,0,0,0,0,5815,0,0,0,0,0,0
304,2546,305.1666774383956,99970,217,120,21,5,4348,2080,0.06429928978693608,147,60,46459,48319,3154,1494,0,0,0,0,0,0,94008,0,0,103,0,0,0,0,0,0,0,5859,0,0,0,0,0,0
305,2546,306.2249143268773,99970,223,123,21,5,4381,2101,0.06483945183555066,148,63,46438,48301,3168,1506,0,0,0,0,0,0,93965,0,0,105,0,0,0,0,0,0,0,5900,0,0,0,0,0,0
306,2546,307.28354223629424,99970,220,121,21,5,4409,2121,0.06531959587876363,154,61,46418,48287,3185,1524,0,0,0,0,0,0,93913,0,0,106,0,0,0,0,0,0,0,5951,0,0,0,0,0,0
307,2546,308.34267422860626,99970,232,126,21,5,4448,2140,0.06589976993097929,158,62,46382,48270,3205,1535,0,0,0,0,0,0,93873,0,0,107,0,0,0,0,0,0,0,5990,0,0,0,0,0,0
308,2546,309.04905369836877,99970,242,125,21,5,4482,2151,0.06634990497149144,151,62,46358,48264,3226,1542,0,0,0,0,0,0,93837,0,0,107,0,0,0,0,0,0,0,6026,0,0,0,0,0,0
309,2546,310.10920713838476,99970,244,118,21,5,4522,2167,0.06691007302190657,137,64,46347,48251,3249,1560,0,0,0,0,0,0,93778,0,0,109,0,0,0,0,0,0,0,6083,0,0,0,0,0,0
310,2546,311.16978479923586,99970,239,122,21,5,4556,2185,0.06743022906872062,131,63,46334,48244,3273,1564,0,0,0,0,0,0,93727,0,0,111,0,0,0,0,0,0,0,6132,0,0,0,0,0,0
311,2546,312.2308625750342,99970,237,125,21,5,4594,2200,0.06796038811643493,139,75,46301,48229,3300,1564,0,0,0,0,0,0,93677,0,0,113,0,0,0,0,0,0,0,6180,0,0,0,0,0,0
312,2546,313.29253557198695,99969,236,112,22,5,4626,2213,0.06841120747431703,136,73,46282,48224,3322,1584,0,0,0,0,0,0,93621,0,0,116,0,0,0,0,0,0,0,6232,0,0,0,0,0,0
313,2546,314.0006107560351,99969,233,108,22,5,4654,2222,0.06878132220988506,128,74,46268,48218,3347,1593,0,0,0,0,0,0,93581,0,0,120,0,0,0,0,0,0,0,6268,0,0,0,0,0,0
314,2546,315.0632425374585,99969,225,109,22,5,4688,2241,0.06931148656083386,142,78,46237,48205,3372,1601,0,0,0,0,0,0,93524,0,0,123,0,0,0,0,0,0,0,6322,0,0,0,0,0,0
315,2546,316.12651174877726,99969,226,105,22,5,4727,2256,0.06985165401274394,134,79,46217,48191,3399,1618,0,0,0,0,0,0,93470,0,0,126,0,0,0,0,0,0,0,6373,0,0,0,0,0,0
316,2546,317.19036109917687,99969,218,102,22,5,4763,2276,0.07041182766657664,129,81,46196,48177,3433,1633,0,0,0,0,0,0,93405,0,0,128,0,0,0,0,0,0,0,6436,0,0,0,0,0,0
317,2546,318.254797719021,99968,218,102,22,6,4798,2296,0.07096270806658131,130,80,46173,48165,3455,1645,0,0,0,0,0,0,93351,0,0,129,0,0,0,0,0,0,0,6488,0,0,0,0,0,0
318,2546,319.31976487938607,99968,216,111,22,6,4827,2314,0.07143285851472471,132,75,46157,48160,3471,1646,0,0,0,0,0,0,93312,0,0,130,0,0,0,0,0,0,0,6526,0,0,0,0,0,0
319,2546,320.02995783228556,99967,220,118,23,6,4852,2330,0.07184370842377985,134,74,46137,48148,3483,1651,1,1,1,1,0,0,93280,0,0,130,0,0,0,0,0,0,2,6555,0,0,0,0,0,0
320,2546,321.0449517828972,99967,216,122,23,6,4883,2352,0.0723738833815159,143,64,46105,48138,3509,1666,2,2,2,2,0,0,93233,0,0,137,0,0,0,0,0,0,3,6593,1,0,0,0,0,0
321,2546,322.07970761064814,99967,222,119,23,6,4914,2363,0.07279402202726899,139,63,46086,48132,3525,1675,3,3,3,3,0,0,93193,0,0,138,0,0,0,0,0,0,5,6630,1,0,0,0,0,0
322,2546,323.1465418511594,99967,224,110,23,6,4955,2377,0.07334420358718377,127,66,46073,48119,3547,1693,4,4,4,4,0,0,93133,0,0,142,0,0,0,0,0,0,7,6684,1,0,0,0,0,0
323,2546,324.0250980516695,99967,221,107,23,6,4987,2397,0.07386437524383047,126,70,46053,48099,3570,1711,5,5,5,5,0,0,93077,0,0,146,0,0,0,0,0,0,9,6734,1,0,0,0,0,0
324,2546,325.0114371206294,99967,223,111,23,6,5009,2409,0.07420448748086869,124,72,46040,48089,3582,1714,6,6,6,6,0,0,93050,0,0,149,0,0,0,0,0,0,11,6756,1,0,0,0,0,0
325,2546,326.0600997066517,99966,225,115,24,6,5043,2431,0.07476542024288257,116,70,46026,48072,3600,1728,7,7,7,7,0,0,93001,0,0,152,0,0,0,0,0,0,13,6799,1,0,0,0,0,0
326,2546,327.04706450828894,99966,217,118,24,6,5074,2454,0.07530560390532781,122,61,46003,48064,3624,1741,8,8,8,8,0,0,92943,0,0,153,1,0,0,0,0,0,15,6853,1,0,0,0,0,0
327,2546,328.06228176039883,99966,215,119,24,6,5092,2470,0.07564571954464518,136,69,45984,48048,3630,1747,9,9,9,9,0,0,92908,0,0,155,1,0,0,0,0,0,17,6884,1,0,0,0,0,0
328,2546,329.08478844086557,99966,216,122,24,6,5124,2489,0.07615589300362123,127,67,45975,48038,3646,1755,10,10,10,10,0,0,92860,0,0,156,1,0,0,0,0,0,19,6929,1,0,0,0,0,0
329,2546,330.02172670533406,99966,218,114,24,6,5157,2502,0.07661604945681531,128,65,45955,48033,3662,1769,11,11,11,11,0,0,92808,0,0,158,1,0,0,0,0,0,21,6977,1,0,0,0,0,0
330,2546,331.02032110529444,99966,224,109,24,6,5190,2521,0.07713622631694776,123,58,45945,48024,3670,1789,12,12,12,12,0,0,92758,0,0,161,1,0,0,0,0,0,23,7022,1,0,0,0,0,0
331,2546,332.1132292402051,99965,226,105,25,6,5227,2533,0.07762716950932827,120,63,45924,48016,3690,1795,13,13,13,13,0,0,92707,0,0,163,1,0,0,0,0,0,25,7068,1,0,0,0,0,0
332,2546,333.02367622227143,99965,239,112,25,6,5262,2552,0.07816735857550143,113,60,45910,48002,3697,1804,14,14,14,14,0,0,92672,0,0,164,1,0,0,0,0,0,27,7100,1,0,0,0,0,0
333,2546,334.1001828318487,99965,244,114,25,6,5303,2567,0.07872755464412544,114,66,45882,47987,3718,1810,15,15,15,15,0,0,92624,0,0,165,2,0,0,0,0,0,29,7144,1,0,0,0,0,0
334,2546,335.0698453870357,99964,244,116,26,6,5335,2584,0.07921851866672001,113,67,45859,47973,3740,1820,16,16,16,16,0,0,92575,0,0,165,2,0,0,0,0,0,31,7190,1,0,0,0,0,0
335,2546,336.0993847380283,99964,240,111,26,6,5366,2601,0.07969869152895043,112,69,45843,47964,3760,1831,17,17,17,17,0,0,92516,0,0,165,2,0,0,0,0,0,33,7247,1,0,0,0,0,0
336,2546,337.01947747044187,99964,231,108,26,6,5391,2614,0.08007882837821616,121,78,45817,47945,3785,1843,18,18,18,18,0,0,92469,0,0,170,2,0,0,0,0,0,35,7287,1,0,0,0,0,0
337,2546,338.0321178638343,99964,233,105,26,6,5427,2630,0.08059901564563243,108,80,45801,47930,3811,1858,19,19,19,19,0,0,92417,0,0,173,2,0,0,0,0,0,37,7334,1,0,0,0,0,0
338,2546,339.0836105792085,99964,231,99,26,6,5457,2638,0.08097915249489816,110,91,45782,47919,3829,1863,20,20,20,20,0,0,92370,0,0,174,2,0,0,0,0,0,39,7378,1,0,0,0,0,0
339,2546,340.0112692815997,99963,221,102,27,6,5480,2657,0.08140011804367615,119,91,45760,47907,3851,1872,20,20,21,21,0,0,92326,0,0,181,2,0,0,0,0,0,41,7412,1,0,0,0,0,0
340,2546,341.0167704245943,99963,205,103,27,6,5501,2679,0.08183027720256494,132,86,45739,47899,3874,1883,21,21,22,22,0,0,92268,0,0,183,2,0,0,0,0,0,43,7466,1,0,0,0,0,0
341,2546,342.17819066632615,99963,190,117,27,6,5540,2711,0.08254053999979992,132,75,45717,47881,3910,1897,22,22,23,23,0,0,92197,0,0,186,2,0,0,0,0,0,45,7532,1,0,0,0,0,0
342,2546,343.2539941674504,99962,193,109,27,7,5573,2727,0.0830315519897561,127,74,45699,47868,3929,1917,23,23,24,24,0,0,92144,0,0,189,2,0,0,0,0,0,47,7579,1,0,0,0,0,0
343,2546,344.33023452982366,99962,183,105,27,7,5603,2745,0.08351173445909446,120,75,45689,47855,3955,1932,24,24,25,25,0,0,92083,0,0,192,2,0,0,0,0,0,49,7635,1,0,0,0,0,0
344,2546,345.0480249333394,99961,181,99,28,7,5620,2752,0.08375266353878012,122,78,45678,47851,3963,1938,26,25,26,27,0,0,92048,0,0,192,2,0,0,0,0,0,52,7666,1,0,0,0,0,0
345,2546,346.1250927684662,99961,187,117,28,7,5656,2781,0.08440291713768369,119,64,45655,47843,3982,1940,27,27,28,29,0,0,92005,0,0,194,2,0,0,0,0,0,56,7703,1,0,0,0,0,0
346,2546,347.2025358879219,99960,196,118,29,7,5692,2799,0.08494397759103642,109,62,45642,47832,3993,1950,29,29,30,31,0,0,91959,0,0,195,2,0,0,0,0,0,59,7743,2,0,0,0,0,0
347,2546,348.28032901648635,99959,193,115,30,7,5723,2818,0.08544503246330996,107,62,45629,47817,4008,1966,31,31,32,33,0,0,91903,0,0,198,2,0,0,0,0,0,62,7791,3,0,0,0,0,0
348,2546,349.35844430230605,99959,183,110,30,7,5746,2829,0.0857851719204874,111,64,45618,47806,4023,1978,33,33,34,35,0,0,91853,0,0,200,2,0,0,0,0,0,65,7835,4,0,0,0,0,0
349,2546,350.07740240883675,99958,179,108,31,7,5761,2839,0.08603613517677425,117,65,45603,47796,4032,1986,36,36,37,38,0,0,91819,0,0,202,2,0,0,0,0,0,70,7860,5,0,0,0,0,0
350,2546,351.1562811309651,99958,184,110,31,7,5797,2856,0.08656635787030553,114,56,45580,47789,4051,1997,38,39,40,41,0,0,91770,0,0,204,2,0,0,0,0,0,75,7901,6,0,0,0,0,0
351,2546,352.2356654427239,99958,184,104,31,7,5827,2865,0.08695652173913043,118,65,45560,47779,4064,2001,41,42,43,44,0,0,91720,0,0,205,2,0,0,0,0,0,81,7944,6,0,0,0,0,0
352,2546,353.3153862109279,99958,200,108,31,7,5867,2880,0.0875067528361912,110,63,45549,47772,4063,2002,45,46,47,48,0,0,91680,0,0,208,2,0,0,0,0,0,89,7973,6,0,0,0,0,0
353,2546,354.035307255081,99958,199,109,31,7,5891,2888,0.08782688729266291,105,70,45543,47758,4071,2004,49,50,51,52,0,0,91640,0,0,208,2,0,0,0,0,0,97,8005,6,0,0,0,0,0
354,2546,355.11538827214486,99958,211,118,31,7,5928,2908,0.08839712679325316,103,68,45516,47744,4083,2007,54,54,56,57,0,0,91597,0,0,210,2,0,0,0,0,0,106,8036,7,0,0,0,0,0
355,2546,356.1959406875266,99958,211,114,31,7,5955,2927,0.08885732007443126,113,67,45489,47725,4095,2026,59,59,61,62,0,0,91539,0,0,211,2,0,0,0,0,0,115,8083,8,0,0,0,0,0
356,2546,357.277051140153,99958,212,115,31,7,5990,2941,0.08934752596090358,108,74,45470,47705,4113,2032,64,65,67,67,0,0,91486,0,0,215,2,0,0,0,0,0,125,8121,9,0,0,0,0,0
357,2546,358.35864988646597,99958,218,113,31,7,6024,2959,0.08986774445267012,104,69,45455,47690,4120,2048,70,71,73,73,0,0,91431,0,0,219,2,0,0,0,0,0,136,8160,10,0,0,0,0,0
358,2546,359.0799364846213,99958,207,115,31,7,6044,2972,0.09019788311090658,117,64,45422,47678,4144,2056,77,78,80,80,0,0,91377,0,0,220,2,0,0,0,0,0,149,8199,11,0,0,0,0,0
359,2546,360.16263047242376,99958,209,103,31,7,6075,2985,0.0906380679885552,109,67,45407,47657,4158,2078,84,86,88,87,0,0,91313,0,0,221,2,0,0,0,0,0,160,8247,15,0,0,0,0,0
360,2546,361.2459052493959,99958,211,106,31,7,6110,3002,0.09115828648032173,107,65,45382,47642,4175,2083,92,95,97,95,0,0,91255,0,0,224,2,0,0,0,0,0,174,8285,18,0,0,0,0,0
361,2546,362.32972638705354,99958,209,117,31,7,6140,3026,0.09169851337561775,109,59,45354,47620,4195,2090,100,105,107,104,0,0,91195,0,0,227,2,0,0,0,0,0,192,8323,19,0,0,0,0,0
362,2546,363.05256700549154,99958,201,115,31,7,6157,3040,0.09200864363032474,116,50,45329,47608,4212,2103,109,115,118,113,0,0,91135,0,0,228,2,0,0,0,0,0,212,8362,19,0,0,0,0,0
363,2546,364.13751836792187,99958,205,113,31,7,6183,3053,0.09239880749914964,122,54,45309,47584,4213,2113,118,127,130,123,0,0,91078,0,0,229,2,0,0,0,0,0,233,8396,20,0,0,0,0,0
364,2546,365.22291321161197,99958,212,115,31,7,6217,3071,0.09291902599091618,114,57,45284,47565,4228,2116,129,138,143,134,0,0,91015,0,0,229,2,0,0,0,0,0,253,8435,24,0,0,0,0,0
365,2546,366.3089738272998,99958,217,116,31,7,6255,3088,0.09346925708797695,112,63,45249,47536,4249,2125,140,151,157,146,0,0,90941,0,0,229,2,0,0,0,0,0,278,8483,25,0,0,0,0,0
366,2546,367.0334173798317,99958,218,114,31,7,6272,3096,0.09371936213209547,127,70,45217,47509,4253,2133,152,165,172,159,0,0,90892,0,0,230,2,0,0,0,0,0,302,8503,29,0,0,0,0,0
367,2546,368.12075536786875,99957,235,113,32,7,6318,3114,0.09436057504727033,113,72,45188,47479,4264,2146,166,181,189,173,0,0,90820,0,0,231,4,0,0,0,0,0,331,8540,31,0,0,0,0,0
368,2546,369.2087744032936,99957,224,115,32,7,6343,3129,0.09476074712126215,126,73,45158,47457,4278,2148,180,198,207,188,0,0,90744,0,0,234,4,0,0,0,0,0,361,8580,34,0,0,0,0,0
369,2546,370.29742231495936,99956,225,123,33,7,6377,3149,0.0953019328504542,125,69,45127,47430,4292,2153,196,216,227,205,0,0,90672,0,0,241,4,0,0,0,0,0,395,8607,37,0,0,0,0,0
370,2546,371.0235801465198,99956,230,113,33,7,6409,3158,0.09571211332986514,118,66,45101,47410,4303,2166,213,236,249,223,0,0,90594,0,0,243,4,0,0,0,0,0,429,8643,43,0,0,0,0,0
371,2546,372.11367598102237,99955,221,100,34,7,6444,3171,0.09619328697914062,117,65,45073,47389,4322,2177,231,260,273,242,0,0,90491,0,0,248,4,0,0,0,0,0,467,8697,48,0,0,0,0,0
372,2546,373.20460068188913,99955,218,102,34,7,6477,3184,0.09665349407233255,119,67,45045,47356,4331,2181,251,285,299,263,0,0,90405,0,0,250,5,0,0,0,0,0,510,8733,52,0,0,0,0,0
373,2546,374.29622315115853,99955,219,104,34,7,6509,3205,0.09718373267970587,130,64,45001,47321,4342,2189,272,313,327,285,0,0,90312,0,0,253,5,0,0,0,0,0,556,8773,56,0,0,0,0,0
374,2546,375.0244683433597,99954,232,97,35,7,6535,3213,0.09752486143626068,129,63,44966,47293,4340,2197,296,341,357,309,0,0,90236,0,0,254,5,0,0,0,0,0,605,8793,61,0,0,0,0,0
375,2546,376.11771202524585,99954,238,103,35,7,6573,3227,0.09804510074634332,132,60,44927,47256,4346,2198,320,374,390,334,0,0,90141,0,0,256,5,0,0,0,0,0,662,8828,62,0,0,0,0,0
376,2546,377.21182597864026,99954,242,108,35,7,6610,3246,0.09860535846489385,126,65,44895,47210,4357,2202,343,406,425,361,0,0,90041,0,0,257,5,0,0,0,0,0,716,8865,70,0,0,0,0,0
377,2546,378.30664611473895,99954,239,110,35,7,6645,3262,0.09911559317285952,129,66,44845,47165,4379,2207,371,443,463,390,0,0,89927,0,0,258,5,0,0,0,0,0,779,8911,74,0,0,0,0,0
378,2546,379.03719994678295,99954,232,118,35,7,6667,3276,0.09947575884907058,137,67,44807,47119,4388,2205,399,482,504,421,0,0,89829,0,0,260,5,0,0,0,0,0,844,8935,81,0,0,0,0,0
379,2546,380.13411947088724,99954,237,116,35,7,6709,3295,0.10008603957820597,130,61,44757,47076,4408,2215,431,523,548,454,0,0,89703,0,0,260,6,0,0,0,0,0,913,8984,88,0,0,0,0,0
380,2546,381.2322311955806,99954,236,116,35,7,6741,3312,0.10057626508193769,128,64,44720,47019,4414,2223,465,569,595,489,0,0,89580,0,0,262,6,0,0,0,0,0,988,9023,95,0,0,0,0,0
381,2546,382.33132925555657,99954,242,115,35,7,6774,3326,0.10104648138143546,136,66,44662,46967,4424,2224,499,619,646,526,0,0,89458,0,0,263,6,0,0,0,0,0,1069,9056,102,0,0,0,0,0
382,2546,383.06472820219403,99954,246,113,35,7,6799,3339,0.10142665626188047,135,65,44618,46911,4427,2232,537,670,700,566,0,0,89338,0,0,266,6,0,0,0,0,0,1156,9079,109,0,0,0,0,0
383,2546,384.16614105377056,99954,238,112,35,7,6837,3356,0.10197690937831402,132,68,44567,46846,4447,2242,579,723,758,608,0,0,89187,0,0,270,7,0,0,0,0,0,1248,9126,116,0,0,0,0,0
384,2546,385.2688165343594,99954,234,112,35,7,6867,3379,0.10250715329051363,131,65,44514,46770,4463,2259,621,785,820,653,0,0,89032,0,0,273,7,0,0,0,0,0,1349,9171,122,0,0,0,0,0
385,2546,386.0047033228959,99953,230,109,35,8,6888,3390,0.10282832931477795,129,61,44463,46714,4474,2257,667,849,886,700,0,0,88897,0,0,274,7,0,0,0,0,0,1446,9191,138,0,0,0,0,0
386,2546,387.11012895513704,99953,225,100,35,8,6924,3399,0.1032785409142297,128,65,44403,46650,4491,2256,716,919,957,750,0,0,88736,0,0,276,8,0,0,0,0,0,1551,9229,153,0,0,0,0,0
387,2546,388.21710785458623,99953,226,96,35,8,6961,3415,0.10380879013136174,123,67,44345,46571,4504,2265,765,991,1032,803,0,0,88566,0,0,279,8,0,0,0,0,0,1668,9268,164,0,0,0,0,0
388,2546,389.32561951400237,99953,220,90,35,8,6994,3427,0.10425900173081348,123,77,44278,46482,4523,2274,819,1067,1112,859,0,0,88393,0,0,285,8,0,0,0,0,0,1790,9299,178,0,0,0,0,0
389,2546,390.06562310403154,99952,216,93,36,8,7019,3438,0.10462021770449816,120,85,44216,46391,4533,2271,877,1150,1197,918,0,0,88229,0,0,286,9,0,0,0,0,0,1919,9317,192,0,0,0,0,0
390,2546,391.17739198345834,99952,209,92,36,8,7040,3459,0.10504041940131263,127,68,44157,46314,4533,2276,936,1240,1287,980,0,0,88046,0,0,290,9,0,0,0,0,0,2056,9344,207,0,0,0,0,0
391,2546,392.29078046661215,99952,211,100,36,8,7077,3478,0.1056006883303986,118,64,44094,46221,4542,2277,997,1328,1382,1045,0,0,87859,0,0,296,9,0,0,0,0,0,2203,9365,220,0,0,0,0,0
392,2546,393.033906345098,99952,207,101,36,8,7093,3488,0.10586081319033136,127,67,44019,46119,4545,2274,1064,1429,1483,1114,0,0,87681,0,0,297,9,0,0,0,0,0,2353,9372,240,0,0,0,0,0
393,2546,394.15068185832274,99952,211,100,36,8,7121,3505,0.10631102929406115,134,68,43931,46015,4550,2276,1136,1531,1590,1186,0,0,87477,0,0,299,9,0,0,0,0,0,2517,9395,255,0,0,0,0,0
394,2546,395.2695179066444,99952,193,114,36,8,7145,3534,0.10684128381623179,142,59,43843,45902,4577,2276,1207,1639,1703,1262,0,0,87256,0,0,304,10,0,0,0,0,0,2687,9422,273,0,0,0,0,0
395,2546,396.01670892195847,99952,189,111,36,8,7170,3548,0.10723147110613095,138,56,43769,45784,4582,2283,1284,1756,1822,1341,0,0,87035,0,0,308,10,0,0,0,0,0,2866,9441,292,0,0,0,0,0
396,2546,397.13986331424087,99951,190,106,37,8,7206,3560,0.1077127792618383,139,59,43681,45673,4589,2279,1362,1873,1948,1424,0,0,86807,0,0,308,11,0,0,0,0,0,3044,9459,322,0,0,0,0,0
397,2546,398.26527641217666,99951,197,106,37,8,7245,3579,0.10829306360116457,135,56,43590,45556,4597,2276,1442,1996,2080,1511,0,0,86564,0,0,311,13,0,0,0,0,0,3241,9480,342,0,0,0,0,0
398,2546,399.01686441402796,99951,207,107,37,8,7274,3586,0.10865324008764295,127,62,43504,45419,4594,2272,1529,2130,2219,1602,0,0,86329,0,0,311,13,0,0,0,0,0,3451,9485,362,0,0,0,0,0
399,2546,400.1467701472099,99950,224,107,38,8,7319,3608,0.10932466233116558,117,55,43402,45289,4600,2278,1617,2261,2365,1697,0,0,86063,0,0,315,13,0,0,0,0,0,3671,9505,383,0,0,0,0,0
400,2546,401.27904782516794,99950,204,107,38,8,7349,3627,0.10981490745372686,118,47,43313,45146,4616,2287,1709,2403,2519,1796,0,0,85768,0,0,319,15,0,0,0,0,0,3904,9542,402,0,0,0,0,0
401,2546,402.03538130359857,99950,200,101,38,8,7378,3634,0.11017508754377188,111,49,43221,44994,4619,2288,1809,2558,2680,1900,0,0,85489,0,0,322,15,0,0,0,0,0,4140,9553,431,0,0,0,0,0
402,2546,403.1729172164302,99950,217,100,38,8,7417,3646,0.11068534267133567,99,60,43130,44833,4603,2282,1911,2715,2849,2008,0,0,85219,0,0,327,16,0,0,0,0,0,4381,9541,466,0,0,0,0,0
403,2546,404.3128353970964,99950,207,103,38,8,7447,3669,0.11121560780390195,98,48,43025,44668,4616,2290,2014,2881,3026,2120,0,0,84902,0,0,332,16,0,0,0,0,0,4643,9564,493,0,0,0,0,0
404,2546,405.07433162038933,99950,206,102,38,8,7464,3680,0.11149574787393697,103,48,42907,44489,4617,2290,2127,3061,3211,2237,0,0,84598,0,0,333,17,0,0,0,0,0,4919,9565,518,0,0,0,0,0
405,2546,406.22009404622423,99950,210,98,38,8,7491,3694,0.11190595297648824,110,44,42796,44316,4605,2291,2239,3241,3404,2359,0,0,84280,0,0,337,17,0,0,0,0,0,5200,9564,552,0,0,0,0,0
406,2546,407.3686939864527,99950,209,98,38,8,7523,3706,0.11234617308654327,104,49,42684,44124,4607,2288,2356,3431,3606,2485,0,0,83929,0,0,338,17,0,0,0,0,0,5507,9586,573,0,0,0,0,0
407,2546,408.1361016015471,99950,209,105,38,8,7547,3725,0.11277638819409705,100,37,42563,43928,4607,2287,2481,3633,3817,2616,0,0,83587,0,0,337,20,0,0,0,0,0,5815,9587,604,0,0,0,0,0
408,2546,409.29111309412167,99950,209,96,38,8,7576,3736,0.11317658829414708,106,36,42442,43738,4595,2284,2608,3836,4036,2752,0,0,83231,0,0,339,20,0,0,0,0,0,6124,9586,650,0,0,0,0,0
409,2546,410.0629663307564,99950,211,101,38,8,7595,3746,0.11346673336668334,109,37,42301,43529,4597,2272,2742,4051,4264,2893,0,0,82871,0,0,337,22,0,0,0,0,0,6462,9579,679,0,0,0,0,0
410,2546,411.224935731117,99948,203,99,40,8,7621,3762,0.11388922239564574,111,40,42170,43314,4599,2272,2875,4265,4501,3039,0,0,82477,0,0,341,23,0,0,0,0,0,6809,9584,714,0,0,0,0,0
411,2546,412.00164658044497,99948,206,100,40,8,7647,3770,0.11422939928762957,105,41,42029,43089,4599,2265,3019,4495,4747,3190,0,0,82084,0,0,340,24,0,0,0,0,0,7172,9581,747,0,0,0,0,0
412,2546,413.17116572104146,99947,201,87,41,8,7673,3780,0.11459073308853693,110,50,41882,42848,4601,2268,3163,4737,5003,3346,0,0,81666,0,0,344,25,0,0,0,0,0,7541,9582,789,0,0,0,0,0
413,2546,414.344791813519,99947,190,81,41,8,7699,3793,0.11498093989814602,117,54,41743,42610,4604,2264,3303,4981,5268,3507,0,0,81238,0,0,351,26,0,0,0,0,0,7921,9577,834,0,0,0,0,0
414,2546,415.1294166330416,99947,185,87,41,8,7722,3805,0.11533112549651316,107,50,41602,42368,4600,2242,3463,5243,5542,3673,0,0,80814,0,0,351,28,0,0,0,0,0,8313,9561,880,0,0,0,0,0
415,2546,416.3110545677042,99947,179,82,41,8,7745,3818,0.11569131639769077,103,52,41478,42101,4582,2241,3615,5514,5826,3845,0,0,80363,0,0,357,29,0,0,0,0,0,8724,9550,924,0,0,0,0,0
416,2546,417.10087832589215,99947,177,81,41,8,7768,3825,0.11599147548200546,100,56,41320,41826,4576,2236,3784,5791,6119,4022,0,0,79897,0,0,358,30,0,0,0,0,0,9159,9545,958,0,0,0,0,0
417,2546,418.2907562309458,99947,170,88,41,8,7792,3845,0.116431708805667,95,53,41184,41555,4562,2222,3946,6072,6422,4204,0,0,79422,0,0,361,30,0,0,0,0,0,9593,9532,1009,0,0,0,0,0
418,2546,419.08630359243466,99947,165,87,41,8,7810,3852,0.11668184137592924,93,55,41020,41262,4552,2216,4127,6370,6734,4391,0,0,78949,0,0,362,31,0,0,0,0,0,10037,9505,1063,0,0,0,0,0
419,2546,420.2850932841019,99947,158,76,41,8,7834,3862,0.11702202167148588,133,79,40833,40946,4539,2215,4294,6674,7056,4584,0,0,78441,6,1,362,34,0,0,0,0,0,10496,9492,1115,0,0,0,0,0
420,2546,421.2697033772785,99947,164,86,41,8,7864,3884,0.11754229741763135,141,73,40657,40643,4522,2203,4473,6985,7387,4782,0,0,77930,39,3,360,37,0,0,0,0,0,10972,9443,1163,0,0,0,0,0
421,2546,422.2583639341053,99947,178,90,41,8,7899,3903,0.11808258376939779,150,74,40472,40335,4504,2192,4653,7299,7727,4985,0,0,77413,71,5,358,40,0,0,0,0,0,11455,9386,1219,0,0,0,0,0
422,2546,423.2512276673673,99947,191,107,41,8,7938,3926,0.11870291254364813,164,71,40272,40022,4492,2172,4838,7618,8077,5193,0,0,76893,95,7,363,41,0,0,0,0,0,11949,9319,1280,0,0,0,0,0
423,2546,424.24869189575463,99947,200,113,41,8,7980,3944,0.11930323071227751,181,80,40056,39697,4491,2148,5029,7952,8436,5406,0,0,76354,132,8,368,43,0,0,0,0,0,12450,9244,1348,0,0,0,0,0
424,2546,425.2510333826873,99947,213,130,41,8,8020,3968,0.11994357009214884,190,84,39855,39362,4475,2131,5224,8283,8804,5625,0,0,75801,156,16,366,47,0,0,0,0,0,12971,9188,1402,0,0,0,0,0
425,2546,426.2579857922856,99947,241,133,41,8,8078,3988,0.12072398371136703,190,96,39645,39016,4465,2115,5416,8630,9180,5849,0,0,75220,199,18,366,49,0,0,0,0,0,13507,9126,1462,0,0,0,0,0
426,2546,427.26987014567027,99947,250,131,41,8,8124,4006,0.12136432309123836,205,109,39436,38659,4457,2106,5609,8985,9565,6078,0,0,74632,244,24,370,51,0,0,0,0,0,14044,9051,1531,0,0,0,0,0
427,2546,428.2869144924775,99946,264,139,42,8,8186,4033,0.12225601824985492,198,117,39209,38292,4471,2094,5814,9348,9958,6311,0,0,74013,292,33,377,53,0,0,0,0,0,14605,8988,1585,0,0,0,0,0
428,2546,429.30947231909374,99945,282,158,43,8,8240,4074,0.12320776427034869,208,109,38976,37918,4460,2080,6029,9725,10360,6549,0,0,73394,340,41,374,57,0,0,0,0,0,15167,8922,1650,0,0,0,0,0
429,2546,430.3377940232715,99945,316,164,43,8,8305,4101,0.12412827054880184,213,129,38731,37531,4447,2070,6248,10096,10770,6792,0,0,72773,376,49,382,56,1,0,0,0,0,15744,8847,1717,0,0,0,0,0
430,2546,431.0265898953019,99945,345,174,43,8,8359,4129,0.12494872179698835,209,123,38496,37147,4428,2062,6477,10484,11187,7040,0,0,72138,413,51,382,60,1,0,0,0,0,16340,8780,1780,0,0,0,0,0
431,2546,432.06681242950754,99945,347,179,43,8,8419,4157,0.12582920606333484,253,135,38225,36754,4441,2056,6689,10866,11612,7292,0,0,71474,472,69,381,64,1,0,0,0,0,16927,8708,1849,0,0,0,0,0
432,2546,433.1137790746606,99945,352,193,43,8,8483,4193,0.1268297563660013,297,144,37962,36366,4436,2041,6908,11246,12044,7549,0,0,70794,539,79,381,67,1,0,0,0,0,17530,8631,1923,0,0,0,0,0
433,2546,434.1673210954502,99944,385,197,43,9,8575,4231,0.128131753782118,313,145,37694,35963,4440,2047,7123,11637,12482,7810,0,0,70092,605,99,384,69,2,0,0,0,0,18145,8565,1983,0,0,0,0,0
434,2546,435.2277127494932,99944,429,193,43,9,8667,4274,0.1294825102057152,333,150,37412,35541,4439,2069,7342,12036,12927,8075,0,0,69372,672,121,385,73,2,0,0,0,0,18775,8507,2037,0,0,0,0,0
435,2546,436.2952762837714,99944,444,217,43,9,8761,4320,0.1308832946450012,328,153,37129,35135,4488,2059,7566,12425,13378,8344,0,0,68632,755,132,390,75,2,0,0,0,0,19421,8439,2098,0,0,0,0,0
436,2546,437.0112554614665,99944,441,221,43,9,8810,4349,0.13166373168974627,362,148,36842,34716,4497,2058,7813,12846,13835,8617,0,0,67918,807,148,392,79,2,0,0,0,0,20065,8368,2165,0,0,0,0,0
437,2546,438.0944928627967,99944,454,223,43,9,8902,4383,0.13292443768510365,370,171,36552,34284,4525,2058,8054,13253,14297,8894,0,0,67174,886,170,395,85,2,0,0,0,0,20707,8291,2234,0,0,0,0,0
438,2546,439.1859808030462,99944,467,234,43,9,8988,4434,0.13429520531497638,389,175,36261,33867,4549,2058,8289,13655,14764,9174,0,0,66428,968,189,401,91,2,0,0,0,0,21352,8202,2311,0,0,0,0,0
439,2546,440.2858202461165,99944,495,242,43,9,9110,4493,0.13610621948291043,414,180,35946,33440,4581,2071,8519,14056,15235,9458,0,0,65645,1070,218,407,98,2,0,0,0,0,22004,8121,2379,0,0,0,0,0
440,2546,441.02398229233756,99944,497,253,43,9,9162,4527,0.13696670135275754,444,184,35674,32996,4578,2058,8762,14498,15710,9745,0,0,64927,1114,237,411,104,2,0,0,0,0,22659,8029,2461,0,0,0,0,0
441,2546,442.14070759327745,99944,537,277,43,9,9290,4583,0.13880773233010485,437,197,35364,32571,4607,2037,9010,14907,16189,10035,0,0,64157,1199,260,412,115,2,0,0,0,0,23321,7944,2534,0,0,0,0,0
442,2546,443.2664642498034,99944,556,302,43,9,9407,4645,0.1405987352917634,453,199,35052,32122,4645,2044,9249,15322,16671,10328,0,0,63377,1280,299,417,124,2,0,0,0,0,23980,7863,2602,0,0,0,0,0
443,2546,444.02218419322065,99944,571,316,43,9,9491,4684,0.14182942447770752,469,218,34751,31660,4655,2034,9509,15761,17156,10623,0,0,62614,1329,337,424,124,2,0,0,0,0,24656,7790,2668,0,0,0,0,0
444,2546,445.16656643130875,99944,593,335,43,9,9637,4756,0.14401064596173857,456,228,34442,31220,4709,2047,9755,16159,17643,10921,0,0,61811,1435,383,437,134,2,0,0,0,0,25305,7689,2748,0,0,0,0,0
445,2546,446.3208048333622,99943,616,343,43,10,9757,4824,0.1458931591006874,483,236,34116,30770,4738,2070,10002,16569,18132,11221,0,0,60995,1540,418,444,142,2,0,0,0,0,25979,7603,2820,0,0,0,0,0
446,2546,447.09601518093854,99942,649,357,44,10,9855,4875,0.14738548358047668,488,248,33819,30303,4746,2075,10252,17005,18623,11523,0,0,60220,1602,448,443,150,2,0,0,0,0,26659,7524,2894,0,0,0,0,0
447,2546,448.2699824457395,99942,685,380,44,10,10006,4961,0.14975685897820737,510,267,33502,29846,4785,2091,10472,17404,19115,11827,0,0,59405,1710,497,452,158,3,0,0,0,0,27316,7425,2976,0,0,0,0,0
448,2546,449.05828562843857,99942,691,397,44,10,10091,5010,0.15109763662924497,544,277,33178,29396,4808,2081,10733,17837,19608,12133,0,0,58631,1759,544,461,163,3,0,0,0,0,27993,7342,3046,0,0,0,0,0
449,2546,450.25315210297083,99942,740,423,44,10,10258,5109,0.15375918032458827,569,277,32820,28940,4871,2104,10954,18244,20101,12440,0,0,57778,1884,595,467,170,3,0,0,0,0,28669,7263,3113,0,0,0,0,0
450,2546,451.0562745730403,99942,781,430,44,10,10382,5171,0.15562025975065538,557,269,32496,28509,4909,2116,11211,18664,20593,12749,0,0,56984,1960,633,476,182,3,0,0,0,0,29346,7171,3187,0,0,0,0,0
451,2546,452.2747466600022,99942,821,437,44,10,10557,5249,0.1581517280022413,595,303,32109,28044,4992,2166,11437,19038,21085,13059,0,0,56111,2089,680,495,192,3,0,0,0,0,30042,7094,3236,0,0,0,0,0
452,2546,453.0944683318168,99942,848,456,44,10,10687,5318,0.1601428828720658,623,294,31767,27608,5032,2172,11684,19458,21576,13369,0,0,55318,2178,734,499,197,4,0,0,0,0,30692,6994,3326,0,0,0,0,0
453,2546,454.33843373024496,99941,887,471,45,10,10875,5413,0.16297615593199988,635,316,31428,27165,5103,2198,11900,19838,22065,13680,0,0,54453,2313,803,507,210,4,0,0,0,0,31350,6914,3387,0,0,0,0,0
454,2546,455.17473535660133,99940,909,477,45,11,11000,5477,0.1648689213528117,643,333,31116,26734,5136,2218,12149,20225,22552,13992,0,0,53653,2387,869,514,219,5,0,0,0,0,32008,6833,3452,0,0,0,0,0
455,2546,456.0190066880481,99940,952,475,45,11,11149,5540,0.16699019411646987,640,352,30794,26304,5176,2243,12391,20613,23037,14304,0,0,52837,2481,924,520,231,5,0,0,0,0,32671,6752,3519,0,0,0,0,0
456,2546,457.30005457182847,99939,989,496,45,12,11383,5650,0.17043396471847827,641,367,30437,25879,5296,2289,12590,20955,23520,14616,0,0,51940,2653,1010,537,237,6,0,0,0,0,33307,6665,3584,0,0,0,0,0
457,2546,458.1618146068728,99939,997,514,45,12,11511,5732,0.17253524650036522,659,365,30125,25477,5345,2294,12827,21336,24000,14928,0,0,51141,2743,1083,546,247,6,0,0,0,0,33941,6573,3659,0,0,0,0,0
458,2546,459.03258178481735,99937,991,510,47,12,11642,5798,0.17450994126299568,701,372,29784,25060,5407,2322,13068,21722,24476,15239,0,0,50330,2840,1157,560,260,6,0,0,0,0,34573,6483,3728,0,0,0,0,0
459,2546,460.35529864439326,99936,1027,527,47,13,11859,5918,0.17788384566122317,727,376,29440,24685,5492,2366,13265,22031,24949,15550,0,0,49492,2965,1271,587,268,6,0,0,0,0,35163,6383,3801,0,0,0,0,0
460,2546,461.24514858984594,99936,1059,545,47,13,12025,6016,0.18052553634325968,739,358,29102,24282,5548,2405,13503,22395,25418,15860,0,0,48700,3051,1370,606,274,7,0,0,0,0,35769,6290,3869,0,0,0,0,0
461,2546,462.14460627146656,99936,1103,577,47,13,12202,6108,0.1832172590457893,746,337,28773,23916,5597,2411,13732,22744,25883,16169,0,0,47941,3133,1455,619,283,7,0,0,0,0,36357,6180,3961,0,0,0,0,0
462,2546,463.0540484215088,99935,1111,589,48,13,12374,6189,0.1857507379796868,751,355,28437,23530,5691,2427,13960,23084,26343,16477,0,0,47140,3241,1553,624,298,7,0,0,0,0,36947,6099,4026,0,0,0,0,0
463,2546,464.43612107201227,99934,1153,614,49,13,12647,6328,0.1898753177096884,768,355,28046,23161,5831,2480,14151,23375,26799,16784,0,0,46286,3411,1682,644,313,8,0,0,0,0,37496,5996,4098,0,0,0,0,0
464,2546,465.3676706206815,99932,1174,598,51,13,12834,6407,0.19254092783092502,811,381,27707,22757,5906,2536,14349,23713,27250,17089,0,0,45482,3527,1792,653,328,9,0,0,0,0,38065,5917,4159,0,0,0,0,0
465,2546,466.3100881596409,99932,1194,590,51,13,13020,6486,0.19519273105711885,842,398,27390,22377,5980,2574,14541,24046,27695,17393,0,0,44710,3627,1908,664,344,9,0,0,0,0,38613,5827,4230,0,0,0,0,0
466,2546,467.2628103640137,99932,1228,610,51,13,13221,6587,0.19821478605451706,870,379,27044,22012,6058,2610,14747,24374,28135,17695,0,0,43945,3711,2029,683,357,9,0,0,0,0,39164,5746,4288,0,0,0,0,0
467,2546,468.2267986185594,99930,1261,628,53,13,13432,6683,0.2012909036325428,869,377,26738,21661,6149,2641,14928,24678,28569,17995,0,0,43174,3816,2139,692,378,9,0,0,0,0,39714,5665,4343,0,0,0,0,0
468,2546,469.2016371159629,99928,1296,640,54,14,13649,6791,0.20454727403730685,850,374,26429,21304,6248,2682,15121,24984,28998,18293,0,0,42416,3924,2261,704,398,11,0,0,0,0,40231,5573,4410,0,0,0,0,0
469,2546,470.18737166029854,99928,1338,637,54,14,13872,6889,0.20775958690256985,840,390,26145,20970,6329,2731,15292,25256,29421,18589,0,0,41639,4040,2392,709,418,11,0,0,0,0,40756,5505,4458,0,0,0,0,0
470,2546,471.18362579112124,99927,1338,634,55,14,14080,6983,0.2107838722267255,852,401,25834,20615,6444,2772,15475,25562,29838,18883,0,0,40880,4145,2555,720,436,12,0,0,0,0,41242,5435,4502,0,0,0,0,0
471,2546,472.19147095577944,99926,1385,641,56,14,14302,7084,0.2140183735964614,869,410,25502,20294,6531,2805,15655,25834,30248,19174,0,0,40169,4232,2682,746,456,13,0,0,0,0,41733,5330,4565,0,0,0,0,0
472,2546,473.2114851566682,99926,1400,669,56,14,14514,7193,0.21723075075555912,905,426,25195,19970,6619,2829,15823,26090,30652,19463,0,0,39472,4295,2837,772,478,13,0,0,0,0,42201,5244,4614,0,0,0,0,0
473,2546,474.24332861773325,99926,1426,706,56,14,14746,7316,0.22078337970097872,913,432,24884,19634,6722,2866,15997,26346,31050,19749,0,0,38755,4404,2970,790,499,14,0,0,0,0,42666,5151,4677,0,0,0,0,0
474,2546,475.28774308639595,99926,1449,724,56,14,14994,7432,0.22442607529571884,906,432,24573,19356,6845,2908,16169,26564,31441,20033,0,0,38016,4532,3112,803,527,15,0,0,0,0,43125,5074,4722,0,0,0,0,0
475,2546,476.3448223895481,99926,1494,750,56,14,15257,7564,0.22837900046034065,894,417,24283,19039,6950,2966,16321,26812,31826,20314,0,0,37312,4628,3282,816,558,16,0,0,0,0,43553,5001,4760,0,0,0,0,0
476,2546,477.4142886186542,99925,1500,757,57,14,15486,7679,0.23182386790092568,927,422,23984,18769,7067,3013,16463,27023,32204,20592,0,0,36607,4734,3456,835,580,16,0,0,0,0,43968,4925,4804,0,0,0,0,0
477,2546,478.49610691669227,99925,1496,752,57,14,15741,7785,0.2354365774330748,892,443,23735,18484,7224,3073,16594,27232,32575,20867,0,0,35877,4883,3627,843,610,16,0,0,0,0,44368,4850,4851,0,0,0,0,0
478,2546,479.0405913552083,99923,1485,765,59,14,15864,7848,0.23730272309678452,891,450,23507,18199,7261,3066,16795,27504,32940,21139,0,0,35292,4901,3759,851,628,17,0,0,0,0,44796,4772,4907,0,0,0,0,0
479,2546,480.14533055579955,99922,1516,765,59,15,16105,7976,0.24099797842317008,895,452,23265,17949,7339,3143,16924,27674,33298,21408,0,0,34637,4986,3955,866,650,20,0,0,0,0,45155,4701,4952,0,0,0,0,0
480,2546,481.26125419180596,99922,1522,763,59,15,16341,8099,0.24459078080903104,914,475,23004,17698,7446,3204,17053,27843,33649,21673,0,0,33978,5082,4145,881,683,20,0,0,0,0,45510,4630,4993,0,0,0,0,0
481,2546,482.38965697140003,99922,1535,798,59,15,16628,8237,0.24884409839674945,878,486,22757,17462,7606,3239,17163,27998,33993,21935,0,0,33296,5201,4333,914,697,21,0,0,0,0,45865,4553,5042,0,0,0,0,0
482,2546,483.5297854774643,99922,1553,798,59,15,16882,8374,0.2527571505774504,887,486,22505,17228,7737,3309,17257,28162,34331,22194,0,0,32650,5298,4540,926,729,22,0,0,0,0,46186,4491,5080,0,0,0,0,0
483,2546,484.10328671650285,99922,1558,797,59,15,17022,8443,0.254848782049999,859,471,22283,16971,7790,3328,17449,28416,34662,22449,0,0,32110,5312,4685,928,756,22,0,0,0,0,46555,4424,5130,0,0,0,0,0
484,2546,485.267508969347,99921,1572,818,60,15,17289,8578,0.2588745108635822,863,464,22046,16794,7911,3375,17546,28532,34986,22701,0,0,31493,5400,4888,949,787,25,0,0,0,0,46863,4356,5160,0,0,0,0,0
485,2546,486.4444768923873,99921,1564,798,60,15,17541,8705,0.2626675073307913,880,476,21808,16578,8055,3461,17631,28670,35304,22949,0,0,30839,5529,5091,971,814,26,0,0,0,0,47163,4291,5197,0,0,0,0,0
486,2546,487.03619865695947,99920,1530,789,61,15,17663,8771,0.2645516413130504,890,469,21608,16350,8123,3486,17786,28889,35615,23194,0,0,30298,5568,5247,976,833,28,0,0,0,0,47501,4231,5238,0,0,0,0,0
487,2546,488.2372695503859,99918,1511,807,62,16,17909,8924,0.26855021117316197,883,458,21421,16186,8258,3538,17863,28993,35919,23435,0,0,29718,5656,5487,985,875,28,0,0,0,0,47735,4165,5269,0,0,0,0,0
488,2546,489.4502001035995,99918,1499,827,62,16,18165,9082,0.2726936087591825,891,446,21222,15976,8399,3624,17925,29109,36217,23673,0,0,29141,5749,5716,1017,904,30,0,0,0,0,47971,4081,5309,0,0,0,0,0
489,2546,490.0594680915176,99918,1517,832,62,16,18304,9151,0.27477531575892233,873,439,21046,15776,8415,3629,18085,29306,36508,23907,0,0,28682,5751,5861,1023,923,32,0,0,0,0,48272,4009,5365,0,0,0,0,0
490,2546,491.2936878190289,99918,1487,835,62,16,18571,9294,0.2788786805180248,857,425,20852,15630,8585,3707,18155,29385,36793,24138,0,0,28116,5835,6110,1048,964,36,0,0,0,0,48479,3946,5384,0,0,0,0,0
491,2546,492.53962363965053,99915,1491,809,64,17,18850,9435,0.28309062703297805,831,426,20671,15460,8727,3822,18214,29464,37072,24365,0,0,27555,5931,6364,1071,1000,38,0,0,0,0,48663,3878,5415,0,0,0,0,0
492,2546,493.16566065188607,99915,1483,810,64,17,18976,9516,0.28516238802982535,849,412,20484,15267,8777,3850,18341,29642,37344,24589,0,0,27097,5948,6522,1075,1023,40,0,0,0,0,48938,3819,5453,0,0,0,0,0
493,2546,494.43444878165536,99915,1465,797,64,17,19235,9647,0.2890657058499725,869,405,20309,15133,8913,3926,18378,29720,37610,24809,0,0,26569,6032,6778,1084,1065,42,0,0,0,0,49101,3767,5477,0,0,0,0,0
494,2546,495.072179638833,99915,1465,794,64,17,19372,9716,0.29112745833958864,852,405,20132,14959,8963,3943,18522,29880,37870,25025,0,0,26138,6034,6938,1094,1084,43,0,0,0,0,49355,3709,5520,0,0,0,0,0
495,2546,496.36364892306045,99915,1459,788,64,17,19651,9848,0.29524095481158985,818,414,19996,14834,9107,4020,18554,29925,38124,25238,0,0,25628,6114,7188,1111,1127,45,0,0,0,0,49511,3650,5541,0,0,0,0,0
496,2546,497.0122673036018,99915,1471,772,64,17,19790,9919,0.2973427413301306,804,394,19816,14688,9159,4053,18684,30074,38372,25447,0,0,25185,6138,7315,1129,1149,47,0,0,0,0,49784,3594,5574,0,0,0,0,0
497,2546,498.3249901422148,99915,1441,776,64,17,20034,10060,0.301196016614122,803,372,19673,14596,9306,4122,18711,30115,38614,25653,0,0,24707,6197,7560,1163,1188,48,0,0,0,0,49927,3530,5595,0,0,0,0,0
498,2546,499.6491862043791,99910,1432,754,69,17,20294,10180,0.3050145130617556,794,382,19511,14493,9448,4210,18744,30142,38851,25855,0,0,24224,6268,7803,1177,1221,52,0,0,0,0,50060,3479,5626,0,0,0,0,0
499,2546,500.31419834940044,99910,1428,744,69,17,20425,10250,0.3070263236913222,778,371,19365,14351,9502,4247,18856,30268,39082,26054,0,0,23827,6262,7960,1186,1247,55,0,0,0,0,50287,3439,5647,0,0,0,0,0
500,2546,501.65981376608664,99906,1379,681,72,18,20670,10355,0.3105419093948311,767,381,19235,14291,9658,4337,18887,30290,39308,26249,0,0,23365,6339,8227,1210,1296,58,0,0,0,0,50372,3372,5667,0,0,0,0,0
501,2546,502.33568462415417,99905,1358,700,73,18,20801,10434,0.31264701466393074,757,361,19104,14167,9714,4353,18992,30399,39528,26441,0,0,22990,6351,8385,1208,1320,61,0,0,0,0,50563,3325,5702,0,0,0,0,0
502,2546,503.0163674128833,99905,1355,684,73,18,20932,10485,0.31446874530804264,743,359,18973,14058,9759,4366,19095,30513,39743,26629,0,0,22629,6347,8540,1209,1350,62,0,0,0,0,50757,3285,5726,0,0,0,0,0
503,2546,504.38805037480785,99905,1349,684,73,18,21186,10608,0.318242330213703,732,358,18853,14017,9880,4414,19111,30507,39953,26814,0,0,22222,6401,8780,1233,1384,66,0,0,0,0,50849,3218,5752,0,0,0,0,0
504,2546,505.07697906311677,99905,1370,701,73,18,21322,10685,0.320374355637856,735,333,18713,13923,9903,4421,19204,30602,40157,26995,0,0,21893,6391,8922,1228,1413,67,0,0,0,0,51033,3173,5785,0,0,0,0,0
505,2546,506.4448219121245,99902,1332,693,75,19,21563,10812,0.3240675862345098,694,326,18644,13880,10049,4489,19204,30591,40356,27173,0,0,21467,6474,9142,1244,1460,71,0,0,0,0,51119,3120,5805,0,0,0,0,0
506,2546,507.1305594915937,99902,1331,672,75,19,21686,10863,0.3258092931072451,678,323,18536,13776,10088,4519,19290,30689,40551,27348,0,0,21137,6460,9298,1251,1485,72,0,0,0,0,51288,3086,5825,0,0,0,0,0
507,2546,508.49336488725163,99901,1332,673,75,20,21924,10990,0.3294661715097947,649,284,18469,13756,10194,4585,19279,30680,40741,27519,0,0,20777,6486,9533,1274,1532,73,0,0,0,0,51357,3036,5833,0,0,0,0,0
508,2546,509.17639860769947,99901,1325,654,75,20,22045,11037,0.33114783635799444,642,285,18343,13675,10239,4606,19374,30758,40926,27687,0,0,20462,6478,9683,1277,1559,75,0,0,0,0,51512,3003,5852,0,0,0,0,0
509,2546,510.5346592500953,99899,1296,635,77,20,22271,11139,0.3344377821599816,640,289,18273,13650,10364,4664,19348,30740,41106,27852,0,0,20089,6529,9894,1303,1598,79,0,0,0,0,51583,2951,5873,0,0,0,0,0
510,2546,511.2158246525798,99898,1262,615,78,20,22367,11183,0.3358425594105988,659,298,18184,13572,10400,4689,19415,30804,41282,28014,0,0,19796,6521,10043,1312,1622,79,0,0,0,0,51717,2903,5905,0,0,0,0,0
511,2546,512.571175023236,99897,1250,602,79,20,22589,11277,0.3390091794548385,648,307,18122,13586,10492,4726,19407,30757,41453,28172,0,0,19473,6542,10249,1319,1684,80,0,0,0,0,51774,2864,5912,0,0,0,0,0
512,2546,513.2506001918739,99897,1255,599,79,20,22702,11331,0.3406809013283682,625,311,18057,13511,10510,4745,19472,30812,41620,28327,0,0,19191,6525,10385,1321,1708,81,0,0,0,0,51921,2837,5928,0,0,0,0,0
513,2546,514.6025883641759,99897,1233,606,79,20,22911,11446,0.34392424196922833,606,301,18014,13542,10599,4781,19467,30748,41783,28479,0,0,18885,6548,10606,1331,1750,86,0,0,0,0,51950,2795,5946,0,0,0,0,0
514,2546,515.2802530531575,99896,1222,609,80,20,23017,11497,0.34549931929206373,593,302,17936,13473,10640,4786,19527,30808,41942,28628,0,0,18610,6535,10737,1337,1766,90,0,0,0,0,52091,2767,5963,0,0,0,0,0
515,2546,516.6291642182282,99893,1209,605,82,21,23236,11599,0.3487231337531158,579,276,17879,13495,10736,4838,19513,30763,42097,28774,0,0,18315,6556,10940,1344,1824,93,0,0,0,0,52122,2729,5970,0,0,0,0,0
516,2546,517.305397413941,99892,1199,588,83,21,23341,11640,0.35018820325952027,552,282,17818,13425,10757,4855,19589,30827,42248,28917,0,0,18063,6544,11076,1350,1845,94,0,0,0,0,52232,2690,5998,0,0,0,0,0
517,2546,518.6516201634141,99891,1144,565,84,21,23512,11732,0.3528245787908821,558,253,17774,13440,10854,4908,19584,30811,42395,29057,0,0,17777,6560,11278,1364,1897,97,0,0,0,0,52256,2651,6011,0,0,0,0,0
518,2546,519.326208273455,99891,1143,562,84,21,23616,11782,0.3543662592225526,549,236,17724,13397,10863,4922,19635,30860,42538,29195,0,0,17539,6546,11408,1362,1924,98,0,0,0,0,52364,2623,6027,0,0,0,0,0
519,2546,520.6700044318951,99888,1110,537,87,21,23806,11856,0.3570198622457152,525,244,17725,13431,10949,4970,19602,30795,42678,29330,0,0,17247,6581,11614,1372,1959,100,0,0,0,0,52386,2591,6038,0,0,0,0,0
520,2546,521.3445086533449,99888,1071,540,87,21,23887,11896,0.35823121896524107,516,248,17684,13382,10996,4969,19644,30838,42814,29462,0,0,17011,6579,11725,1371,1983,105,0,0,0,0,52498,2562,6054,0,0,0,0,0
521,2546,522.0172093123838,99888,1073,527,87,21,23982,11942,0.35964279993592824,497,246,17663,13347,10993,4993,19685,30864,42947,29591,0,0,16818,6528,11884,1371,2005,106,0,0,0,0,52565,2542,6069,0,0,0,0,0
522,2546,523.3592021591671,99887,1024,494,88,21,24161,12008,0.3620991720644328,485,255,17648,13378,11109,5039,19644,30811,43076,29718,0,0,16559,6537,12096,1394,2040,112,0,0,0,0,52568,2512,6069,0,0,0,0,0
523,2546,524.0328062553648,99887,1004,487,88,21,24244,12047,0.36332055222401316,466,252,17604,13335,11140,5048,19696,30855,43202,29842,0,0,16351,6515,12216,1397,2065,115,0,0,0,0,52663,2487,6078,0,0,0,0,0
524,2546,525.3760541851858,99887,963,488,88,21,24392,12141,0.3657432899176069,461,227,17581,13390,11213,5086,19692,30786,43325,29964,0,0,16107,6530,12376,1415,2108,118,0,0,0,0,52694,2451,6088,0,0,0,0,0
525,2546,526.0492291400486,99887,935,463,88,21,24457,12183,0.36681450038543556,478,228,17544,13362,11226,5109,19727,30815,43445,30083,0,0,15910,6508,12515,1417,2129,121,0,0,0,0,52759,2430,6098,0,0,0,0,0
526,2546,527.3911733867367,99886,914,461,89,21,24610,12279,0.36931101455659454,466,184,17537,13424,11282,5162,19710,30746,43562,30200,0,0,15674,6515,12702,1430,2164,121,0,0,0,0,52773,2410,6097,0,0,0,0,0
527,2546,528.0639607474409,99886,889,447,89,21,24680,12308,0.3703021444446669,473,180,17506,13404,11284,5165,19757,30781,43676,30314,0,0,15495,6495,12817,1426,2191,123,0,0,0,0,52840,2386,6113,0,0,0,0,0
528,2546,529.4054677778046,99884,853,416,91,21,24834,12362,0.37239197469064117,443,196,17491,13458,11373,5184,19747,30723,43787,30426,0,0,15292,6492,12979,1444,2231,131,0,0,0,0,52843,2348,6124,0,0,0,0,0
529,2546,530.0778539922238,99883,833,410,92,21,24906,12394,0.3734369211978014,441,189,17458,13416,11387,5197,19787,30765,43895,30535,0,0,15108,6475,13073,1446,2257,133,0,0,0,0,52932,2327,6132,0,0,0,0,0
530,2546,531.4185972425443,99882,836,414,93,21,25054,12473,0.37571334174325705,424,161,17469,13463,11434,5233,19742,30706,44000,30642,0,0,14905,6484,13204,1452,2293,136,0,0,0,0,52966,2300,6142,0,0,0,0,0
531,2546,532.0912859737099,99882,836,408,93,21,25126,12498,0.3766844876954807,408,159,17462,13436,11430,5233,19769,30741,44102,30747,0,0,14746,6461,13298,1454,2310,138,0,0,0,0,53046,2274,6155,0,0,0,0,0
532,2546,533.433487849799,99881,809,380,94,21,25259,12548,0.3785204393227941,391,172,17475,13503,11475,5262,19754,30660,44202,30850,0,0,14564,6455,13463,1463,2342,142,0,0,0,0,53038,2250,6164,0,0,0,0,0
533,2546,534.1065926953132,99881,784,371,94,21,25315,12577,0.3793714520279132,400,166,17454,13501,11480,5268,19786,30671,44299,30951,0,0,14403,6440,13556,1459,2371,144,0,0,0,0,53109,2232,6167,0,0,0,0,0
534,2546,535.4489162534982,99879,772,352,95,22,25446,12623,0.3811511929434616,387,162,17454,13554,11525,5285,19765,30623,44394,31049,0,0,14220,6447,13687,1465,2399,150,0,0,0,0,53131,2207,6173,0,0,0,0,0
535,2546,536.1214860553152,99879,774,338,95,22,25520,12651,0.38217242863865275,361,170,17441,13536,11535,5293,19792,30639,44486,31145,0,0,14085,6422,13794,1458,2418,153,0,0,0,0,53170,2186,6193,0,0,0,0,0
536,2546,537.4641346434739,99879,731,318,95,22,25625,12694,0.38365422160814583,346,159,17466,13633,11591,5303,19769,30563,44576,31239,0,0,13914,6427,13919,1463,2457,154,0,0,0,0,53181,2158,6206,0,0,0,0,0
537,2546,538.1370526725083,99878,708,302,96,22,25684,12716,0.38446905224373734,327,160,17466,13652,11603,5306,19798,30556,44664,31331,0,0,13780,6401,14018,1463,2472,162,0,0,0,0,53227,2137,6218,0,0,0,0,0
538,2546,539.4810264541165,99878,677,314,96,22,25793,12774,0.38614109213240155,302,150,17519,13726,11645,5308,19759,30478,44750,31421,0,0,13634,6387,14153,1464,2503,165,0,0,0,0,53227,2118,6227,0,0,0,0,0
539,2546,540.1548019823068,99878,668,298,96,22,25841,12795,0.386831934960652,300,151,17498,13734,11638,5318,19798,30475,44833,31510,0,0,13495,6368,14249,1463,2515,165,0,0,0,0,53283,2105,6235,0,0,0,0,0
540,2546,541.5004191310668,99878,648,293,96,22,25944,12842,0.3883337671959791,291,144,17533,13815,11646,5318,19784,30406,44914,31597,0,0,13361,6351,14360,1470,2551,167,0,0,0,0,53291,2080,6247,0,0,0,0,0
541,2546,542.174707259477,99878,630,278,96,22,25989,12863,0.38899457337952303,299,145,17516,13820,11659,5325,19798,30408,44993,31682,0,0,13241,6332,14434,1472,2574,169,0,0,0,0,53341,2053,6262,0,0,0,0,0
542,2546,543.5202755080718,99878,580,269,96,22,26080,12912,0.39039628346582833,284,128,17579,13925,11696,5340,19763,30314,45070,31765,0,0,13091,6326,14572,1484,2601,169,0,0,0,0,53334,2034,6267,0,0,0,0,0
543,2546,544.1952324364896,99878,582,256,96,22,26135,12933,0.391157211798394,261,123,17580,13945,11687,5344,19792,30308,45145,31846,0,0,12988,6291,14656,1484,2624,169,0,0,0,0,53373,2016,6277,0,0,0,0,0
544,2546,545.5432359668724,99877,577,241,97,22,26223,12963,0.39234258137509137,258,130,17631,14030,11686,5336,19749,30239,45218,31926,0,0,12860,6279,14754,1481,2656,169,0,0,0,0,53394,2004,6280,0,0,0,0,0
545,2546,546.219086815403,99877,580,242,97,22,26266,12987,0.3930134064899827,244,125,17639,14039,11670,5341,19768,30229,45290,32004,0,0,12754,6251,14816,1480,2673,171,0,0,0,0,53456,1991,6285,0,0,0,0,0
546,2546,547.5688587129838,99876,568,234,97,23,26361,13028,0.39437902999719654,223,128,17731,14128,11662,5349,19717,30136,45360,32080,0,0,12630,6246,14922,1475,2704,175,0,0,0,0,53462,1975,6287,0,0,0,0,0
547,2546,548.2456207049763,99876,543,228,97,23,26400,13049,0.3949797749209019,216,125,17751,14147,11666,5351,19725,30124,45428,32155,0,0,12530,6231,14994,1471,2728,178,0,0,0,0,53496,1952,6296,0,0,0,0,0
548,2546,549.5988314662798,99876,503,237,97,23,26473,13097,0.3961912771837078,215,111,17817,14229,11687,5358,19679,30040,45494,32228,0,0,12414,6221,15099,1471,2759,180,0,0,0,0,53497,1937,6298,0,0,0,0,0
549,2546,550.2775086169169,99876,480,237,97,23,26498,13116,0.39663182346109177,225,106,17844,14239,11668,5350,19684,30043,45559,32299,0,0,12313,6201,15162,1463,2776,183,0,0,0,0,53546,1930,6302,0,0,0,0,0
550,2546,551.6344861333843,99876,471,226,97,23,26594,13157,0.3980035243702191,179,91,17933,14319,11680,5369,19638,29970,45622,32369,0,0,12195,6199,15255,1466,2812,185,0,0,0,0,53552,1912,6300,0,0,0,0,0
551,2546,552.3147953160994,99876,459,216,97,23,26630,13174,0.39853418238615884,182,83,17941,14357,11669,5361,19650,29958,45683,32438,0,0,12087,6182,15325,1468,2820,186,0,0,0,0,53598,1904,6306,0,0,0,0,0
552,2546,553.6755977987415,99874,408,196,98,24,26682,13200,0.39932314716542844,206,87,18008,14437,11678,5368,19600,29886,45743,32505,0,0,11983,6171,15419,1470,2852,188,0,0,0,0,53594,1887,6310,0,0,0,0,0
553,2546,554.3578134560372,99873,396,192,99,24,26708,13216,0.39974767955303236,209,84,18037,14449,11657,5372,19600,29877,45801,32571,0,0,11893,6152,15477,1464,2864,191,0,0,0,0,53639,1877,6316,0,0,0,0,0
554,2546,555.040090303732,99873,386,191,99,24,26742,13230,0.4002282899282088,200,82,18065,14482,11645,5366,19603,29853,45858,32635,0,0,11808,6126,15534,1462,2882,191,0,0,0,0,53681,1869,6320,0,0,0,0,0
555,2546,556.4048686959003,99872,376,181,100,24,26811,13256,0.40118351489907084,174,75,18159,14607,11632,5362,19557,29749,45914,32698,0,0,11714,6112,15617,1465,2894,199,0,0,0,0,53689,1856,6326,0,0,0,0,0
556,2546,557.089384150996,99872,360,180,100,24,26837,13274,0.40162407882089074,171,65,18170,14625,11620,5363,19577,29741,45968,32760,0,0,11621,6107,15664,1460,2907,201,0,0,0,0,53733,1843,6336,0,0,0,0,0
557,2546,558.457529851467,99872,355,161,100,24,26901,13289,0.40241509131688563,153,72,18232,14732,11619,5363,19539,29646,46021,32820,0,0,11533,6088,15754,1465,2919,203,0,0,0,0,53739,1832,6339,0,0,0,0,0
558,2546,559.1429965148301,99872,343,167,100,24,26928,13304,0.40283562960589553,148,70,18264,14759,11606,5351,19537,29627,46073,32879,0,0,11454,6071,15800,1463,2931,204,0,0,0,0,53783,1819,6347,0,0,0,0,0
559,2546,560.5139010378762,99872,322,152,100,24,26976,13334,0.4036166292854854,143,62,18330,14884,11599,5346,19504,29530,46123,32937,0,0,11372,6056,15887,1460,2954,206,0,0,0,0,53778,1808,6351,0,0,0,0,0
560,2546,561.2012593097983,99872,318,142,100,24,27003,13341,0.40395706504325535,137,63,18351,14920,11584,5338,19508,29511,46172,32994,0,0,11304,6035,15938,1453,2971,206,0,0,0,0,53808,1798,6359,0,0,0,0,0
561,2546,562.5752016659375,99872,316,143,100,24,27057,13364,0.40472805190644023,122,59,18446,15030,11562,5322,19452,29420,46220,33049,0,0,11219,6022,15999,1457,2984,207,0,0,0,0,53834,1789,6361,0,0,0,0,0
562,2546,563.2640182180165,99872,313,141,100,24,27082,13370,0.4050384492149952,122,65,18476,15078,11534,5308,19453,29382,46267,33103,0,0,11154,5994,16046,1452,2997,208,0,0,0,0,53874,1785,6362,0,0,0,0,0
563,2546,564.642114699147,99872,281,144,100,24,27118,13398,0.4056792694649151,134,56,18540,15201,11536,5300,19407,29273,46313,33156,0,0,11071,5992,16112,1452,3012,210,0,0,0,0,53882,1772,6369,0,0,0,0,0
564,2546,565.3325620006242,99872,281,144,100,24,27141,13405,0.40597965395706503,128,63,18558,15225,11516,5288,19415,29254,46358,33208,0,0,11001,5970,16155,1447,3019,211,0,0,0,0,53928,1770,6371,0,0,0,0,0
565,2546,566.0234109002608,99872,280,142,100,24,27167,13418,0.40637015379686,123,62,18586,15254,11491,5280,19418,29236,46402,33259,0,0,10936,5948,16203,1446,3027,213,0,0,0,0,53962,1763,6374,0,0,0,0,0
566,2546,567.4045233592537,99872,294,135,100,24,27216,13441,0.40709107657801985,104,56,18669,15383,11459,5277,19372,29123,46444,33309,0,0,10880,5928,16269,1440,3042,214,0,0,0,0,53965,1752,6382,0,0,0,0,0
567,2546,568.0967812013374,99872,270,128,100,24,27226,13447,0.40725128164049984,112,53,18700,15432,11442,5270,19374,29091,46485,33358,0,0,10829,5900,16316,1440,3057,215,0,0,0,0,53986,1741,6388,0,0,0,0,0
568,2546,569.4813575694328,99872,258,129,100,24,27266,13468,0.40786206344120474,107,46,18808,15526,11425,5257,19300,29016,46525,33406,0,0,10772,5879,16376,1440,3074,217,0,0,0,0,53992,1731,6391,0,0,0,0,0
569,2546,570.1759489443191,99872,256,127,100,24,27282,13476,0.4081023710349247,105,48,18844,15565,11404,5252,19289,28982,46565,33453,0,0,10716,5861,16412,1437,3081,219,0,0,0,0,54027,1722,6397,0,0,0,0,0
570,2546,571.5666508455515,99872,245,122,100,24,27320,13494,0.40866308875360463,105,44,18940,15698,11378,5244,19230,28866,46604,33499,0,0,10648,5851,16470,1438,3091,221,0,0,0,0,54037,1715,6401,0,0,0,0,0
571,2546,572.2641841196405,99872,246,116,100,24,27340,13498,0.4089033963473246,94,45,18985,15741,11350,5234,19223,28838,46642,33544,0,0,10596,5836,16501,1435,3101,223,0,0,0,0,54069,1704,6407,0,0,0,0,0
572,2546,573.6601587321334,99871,234,110,100,25,27370,13514,0.40936808482943,96,40,19087,15851,11322,5236,19159,28736,46679,33588,0,0,10531,5827,16547,1438,3111,224,0,0,0,0,54084,1695,6414,0,0,0,0,0
573,2546,574.3604811257424,99871,230,109,100,25,27385,13525,0.4096284206626548,93,42,19139,15887,11299,5225,19137,28710,46715,33631,0,0,10484,5806,16584,1434,3121,226,0,0,0,0,54109,1689,6418,0,0,0,0,0
574,2546,575.0610864125009,99871,216,111,100,25,27401,13534,0.40987874357921716,91,38,19181,15937,11288,5218,19122,28669,46750,33673,0,0,10432,5789,16623,1432,3131,227,0,0,0,0,54135,1682,6420,0,0,0,0,0
575,2546,576.462452915546,99871,201,97,100,25,27434,13542,0.41028927316237945,83,43,19280,16063,11262,5217,19072,28553,46784,33714,0,0,10364,5786,16670,1431,3145,230,0,0,0,0,54153,1678,6414,0,0,0,0,0
576,2546,577.1604330397275,99871,207,95,100,25,27454,13547,0.41053959607894186,77,45,19334,16095,11233,5207,19047,28531,46817,33755,0,0,10320,5766,16702,1429,3152,230,0,0,0,0,54181,1670,6421,0,0,0,0,0
577,2546,578.5516787035388,99871,194,93,100,25,27474,13560,0.41087002232880415,86,52,19428,16208,11199,5198,18991,28422,46850,33795,0,0,10259,5757,16743,1433,3155,232,0,0,0,0,54205,1663,6424,0,0,0,0,0
578,2546,579.244538346101,99871,197,94,100,25,27492,13568,0.41113035816202903,78,52,19461,16260,11168,5184,18994,28383,46882,33834,0,0,10220,5729,16784,1434,3158,233,0,0,0,0,54228,1658,6427,0,0,0,0,0
579,2546,580.6260028393768,99871,186,99,100,25,27520,13587,0.41160096524516626,72,40,19550,16369,11136,5173,18954,28292,46913,33872,0,0,10175,5720,16823,1430,3171,236,0,0,0,0,54235,1647,6434,0,0,0,0,0
580,2546,581.3143157300889,99871,179,97,100,25,27529,13592,0.4117411460784412,78,39,19597,16413,11108,5167,18936,28257,46943,33909,0,0,10133,5707,16846,1432,3176,237,0,0,0,0,54264,1633,6443,0,0,0,0,0
581,2546,582.0014777116263,99871,169,90,100,25,27540,13596,0.4118913398283786,80,39,19638,16462,11090,5157,18921,28225,46973,33946,0,0,10092,5692,16877,1426,3189,238,0,0,0,0,54282,1628,6447,0,0,0,0,0
582,2546,583.3712075644769,99871,150,83,100,25,27560,13606,0.41219172732825343,83,41,19753,16611,11064,5147,18848,28091,47002,33982,0,0,10037,5685,16915,1428,3202,238,0,0,0,0,54297,1622,6447,0,0,0,0,0
583,2546,584.0532103758247,99871,148,79,100,25,27572,13613,0.41238197274484084,82,38,19784,16658,11043,5145,18841,28053,47030,34017,0,0,9995,5670,16950,1424,3209,238,0,0,0,0,54317,1620,6448,0,0,0,0,0
584,2546,585.4128967078025,99871,133,73,100,25,27596,13626,0.41275245066135313,75,33,19891,16770,11023,5139,18776,27958,47058,34051,0,0,9942,5669,16988,1422,3220,241,0,0,0,0,54329,1612,6448,0,0,0,0,0
585,2546,586.0896793787483,99871,140,71,100,25,27614,13630,0.412972734827928,64,34,19933,16831,10999,5128,18762,27909,47085,34085,0,0,9899,5660,17008,1420,3226,241,0,0,0,0,54359,1605,6453,0,0,0,0,0
586,2546,587.4400385341661,99871,129,71,100,25,27636,13644,0.41333319982777783,54,26,20026,16953,10972,5111,18717,27812,47112,34118,0,0,9856,5654,17051,1415,3237,241,0,0,0,0,54361,1599,6457,0,0,0,0,0
587,2546,588.1126925057824,99871,128,71,100,25,27648,13647,0.41348339357771524,55,27,20075,17008,10943,5103,18697,27764,47138,34150,0,0,9813,5645,17071,1410,3243,242,0,0,0,0,54392,1597,6458,0,0,0,0,0
588,2546,589.4540939387326,99871,119,72,100,25,27665,13658,0.4137637552442651,58,22,20180,17132,10899,5097,18642,27650,47163,34182,0,0,9780,5631,17094,1411,3255,244,0,0,0,0,54406,1586,6464,0,0,0,0,0
589,2546,590.1219394992806,99871,115,67,100,25,27671,13660,0.41384385857756506,60,29,20221,17190,10870,5086,18632,27601,47188,34213,0,0,9738,5623,17115,1409,3260,244,0,0,0,0,54434,1582,6466,0,0,0,0,0
590,2546,591.4534958659403,99871,131,63,100,25,27701,13668,0.4142243494107399,44,23,20304,17300,10833,5070,18586,27517,47212,34244,0,0,9703,5611,17138,1405,3273,244,0,0,0,0,54452,1578,6467,0,0,0,0,0
591,2546,592.1173098754182,99871,118,63,100,25,27705,13673,0.4143144656607023,45,20,20336,17356,10819,5058,18580,27476,47236,34274,0,0,9666,5602,17158,1398,3285,244,0,0,0,0,54473,1576,6469,0,0,0,0,0
592,2546,593.408910881045,99871,108,57,100,25,27720,13676,0.41449469816062723,45,23,20449,17452,10791,5042,18505,27399,47259,34303,0,0,9622,5598,17178,1396,3298,244,0,0,0,0,54494,1574,6467,0,0,0,0,0
593,2546,594.0678077178951,99871,101,48,100,25,27724,13676,0.41453474982727717,52,28,20496,17504,10764,5034,18485,27359,47282,34332,0,0,9586,5589,17199,1394,3304,244,0,0,0,0,54514,1569,6472,0,0,0,0,0
594,2546,595.3821092422824,99871,101,43,100,25,27744,13680,0.41477505982717705,43,26,20608,17645,10720,5006,18426,27253,47304,34360,0,0,9556,5577,17235,1389,3310,245,0,0,0,0,54518,1566,6475,0,0,0,0,0
595,2546,596.0365902094168,99871,96,46,100,25,27751,13687,0.414915240660452,46,25,20647,17690,10705,4991,18404,27221,47326,34388,0,0,9524,5565,17255,1385,3318,245,0,0,0,0,54539,1563,6477,0,0,0,0,0
596,2546,597.3412050530371,99871,103,44,100,25,27776,13693,0.41522564107698934,29,22,20762,17810,10661,4969,18343,27128,47347,34415,0,0,9492,5554,17284,1383,3325,245,0,0,0,0,54550,1560,6478,0,0,0,0,0
597,2546,598.6388245907019,99871,94,45,100,25,27787,13699,0.41539586066025175,29,18,20851,17938,10636,4951,18288,27021,47368,34442,0,0,9457,5544,17301,1386,3332,245,0,0,0,0,54570,1554,6482,0,0,0,0,0
598,2546,599.2852331310725,99871,95,46,100,25,27790,13700,0.4154359123269017,28,18,20851,17941,10616,4949,18308,27019,47388,34468,0,0,9432,5529,17316,1385,3334,245,0,0,0,0,54594,1549,6487,0,0,0,0,0
599,2546,600.4797694746821,99871,88,45,100,25,27795,13707,0.41555606732685163,34,16,20926,18045,10591,4935,18259,26932,47408,34494,0,0,9407,5515,17337,1380,3346,245,0,0,0,0,54607,1546,6488,0,0,0,0,0
600,2546,601.11573740313,99871,84,46,100,25,27799,13711,0.41563617066015157,33,16,20969,18103,10565,4924,18247,26884,47427,34519,0,0,9380,5503,17354,1379,3351,245,0,0,0,0,54627,1542,6490,0,0,0,0,0
601,2546,602.0925054358269,99871,83,36,100,25,27813,13714,0.415806390243414,25,17,21112,18255,10517,4905,18161,26760,47446,34544,0,0,9348,5496,17382,1376,3357,246,0,0,0,0,54635,1541,6490,0,0,0,0,0
602,2546,603.3691189807264,99871,82,34,100,25,27817,13715,0.41585645482672645,25,18,21153,18311,10490,4894,18148,26716,47465,34568,0,0,9321,5487,17397,1371,3363,246,0,0,0,0,54655,1539,6492,0,0,0,0,0
603,2546,604.5420707149696,99871,71,29,100,25,27828,13718,0.4159966356600014,25,19,21243,18416,10450,4876,18109,26633,47483,34592,0,0,9285,5484,17418,1371,3370,247,0,0,0,0,54669,1537,6490,0,0,0,0,0
604,2546,605.292023357134,99871,68,29,100,25,27832,13722,0.41607673899330133,26,16,21298,18504,10423,4863,18083,26561,47501,34615,0,0,9256,5476,17433,1370,3373,247,0,0,0,0,54689,1534,6493,0,0,0,0,0
605,2546,606.2776433429037,99871,59,28,100,25,27839,13728,0.4162069069099138,22,14,21377,18620,10396,4839,18044,26472,47518,34638,0,0,9226,5467,17455,1369,3376,249,0,0,0,0,54702,1534,6493,0,0,0,0,0
606,2546,607.5407632414338,99871,56,23,100,25,27848,13730,0.4163170489932012,17,13,21474,18706,10355,4827,17996,26404,47535,34660,0,0,9197,5459,17474,1368,3382,249,0,0,0,0,54717,1533,6492,0,0,0,0,0
607,2546,608.1027483783646,99871,55,25,100,25,27851,13734,0.4163871394098387,15,12,21492,18742,10336,4819,18000,26375,47552,34682,0,0,9173,5450,17487,1367,3383,250,0,0,0,0,54736,1529,6496,0,0,0,0,0
608,2546,609.0013532086421,99871,53,24,100,25,27860,13739,0.4165273202431136,10,10,21565,18830,10306,4803,17964,26306,47568,34704,0,0,9145,5443,17507,1367,3385,250,0,0,0,0,54750,1525,6499,0,0,0,0,0
609,2546,610.003044417011,99871,43,24,100,25,27861,13742,0.4165673719097636,13,9,21652,18927,10278,4791,17912,26222,47584,34725,0,0,9116,5439,17523,1366,3386,251,0,0,0,0,54767,1522,6501,0,0,0,0,0
610,2546,611.0063204698615,99871,44,22,100,25,27863,13743,0.4165974106597511,12,8,21719,19006,10240,4775,17883,26162,47600,34746,0,0,9092,5429,17537,1364,3388,251,0,0,0,0,54787,1521,6502,0,0,0,0,0
611,2546,612.2302463604527,99871,37,25,100,25,27865,13748,0.41666750107638856,16,11,21823,19101,10192,4757,17830,26079,47615,34766,0,0,9072,5422,17552,1363,3391,251,0,0,0,0,54798,1514,6508,0,0,0,0,0
612,2546,613.3893015719833,99871,29,25,100,25,27867,13748,0.41668752690971356,17,13,21932,19212,10164,4733,17756,25990,47630,34786,0,0,9042,5421,17558,1364,3392,252,0,0,0,0,54821,1510,6511,0,0,0,0,0
613,2546,614.1062145807083,99871,27,22,100,25,27868,13749,0.4167075527430385,20,14,21972,19271,10139,4720,17740,25946,47645,34806,0,0,9022,5407,17579,1364,3392,252,0,0,0,0,54834,1509,6512,0,0,0,0,0
614,2546,615.1871793878946,99871,28,22,100,25,27871,13754,0.4167876560763385,18,9,22025,19351,10116,4706,17711,25885,47659,34825,0,0,9001,5398,17592,1363,3395,252,0,0,0,0,54850,1507,6513,0,0,0,0,0
615,2546,616.0015326366013,99871,28,22,100,25,27876,13757,0.41686775940963844,15,9,22096,19463,10088,4694,17671,25785,47673,34844,0,0,8981,5392,17604,1359,3400,252,0,0,0,0,54863,1504,6516,0,0,0,0,0
616,2546,617.052308690048,99871,29,21,100,25,27882,13759,0.4169478627429384,11,9,22185,19548,10048,4682,17625,25713,47687,34863,0,0,8958,5384,17616,1359,3402,252,0,0,0,0,54880,1502,6518,0,0,0,0,0
617,2546,618.076062369259,99870,29,22,100,26,27886,13761,0.41701211575047564,8,8,22260,19616,10017,4672,17584,25654,47701,34881,0,0,8937,5375,17629,1358,3403,252,0,0,0,0,54896,1501,6519,0,0,0,0,0
618,2546,619.0198536895377,99870,27,24,100,26,27890,13765,0.4170922198858516,7,5,22322,19691,9989,4657,17553,25595,47714,34899,0,0,8924,5365,17645,1353,3409,252,0,0,0,0,54903,1497,6522,0,0,0,0,0
619,2546,620.4495781022649,99870,26,21,100,26,27894,13768,0.4171623110043056,8,6,22427,19818,9946,4640,17491,25487,47727,34917,0,0,8904,5355,17661,1353,3410,253,0,0,0,0,54915,1496,6523,0,0,0,0,0
620,2546,621.2214712481535,99870,24,19,100,26,27896,13769,0.4171923500550716,11,5,22488,19898,9918,4628,17457,25422,47740,34934,0,0,8882,5349,17671,1351,3414,253,0,0,0,0,54932,1496,6522,0,0,0,0,0
621,2546,622.1692250910997,99870,23,18,100,26,27899,13770,0.4172324021227596,11,6,22588,19995,9872,4615,17404,25338,47753,34951,0,0,8862,5341,17681,1351,3416,253,0,0,0,0,54948,1494,6524,0,0,0,0,0
622,2546,623.0791033877964,99870,19,17,100,26,27899,13770,0.4172324021227596,13,7,22647,20074,9845,4601,17374,25273,47765,34968,0,0,8848,5331,17693,1348,3421,253,0,0,0,0,54959,1492,6525,0,0,0,0,0
623,2546,624.0502865654146,99870,17,16,100,26,27900,13770,0.4172424151396816,15,7,22701,20140,9823,4590,17342,25219,47777,34984,0,0,8833,5321,17707,1346,3423,253,0,0,0,0,54970,1491,6526,0,0,0,0,0
624,2546,625.0429277656426,99870,19,15,100,26,27904,13771,0.4172924802242916,12,6,22773,20254,9792,4572,17302,25125,47789,35000,0,0,8816,5313,17713,1346,3426,253,0,0,0,0,54986,1488,6529,0,0,0,0,0
625,2546,626.4875309356673,99870,19,13,100,26,27906,13772,0.4173225192750576,11,6,22895,20402,9734,4551,17239,25000,47801,35016,0,0,8800,5305,17724,1345,3428,253,0,0,0,0,54998,1485,6532,0,0,0,0,0
626,2546,627.1996827814908,99870,22,13,100,26,27911,13772,0.41737258435966756,9,6,22924,20444,9712,4543,17231,24966,47812,35031,0,0,8785,5298,17731,1342,3432,253,0,0,0,0,55012,1484,6533,0,0,0,0,0
627,2546,628.0235720116737,99870,20,15,100,26,27912,13775,0.41741263642735554,12,4,23003,20537,9679,4528,17184,24888,47823,35046,0,0,8769,5289,17744,1342,3432,253,0,0,0,0,55024,1483,6534,0,0,0,0,0
628,2546,629.0764741369561,99870,24,16,100,26,27918,13776,0.41748272754580956,12,3,23113,20621,9629,4513,17120,24819,47834,35061,0,0,8755,5282,17753,1340,3433,254,0,0,0,0,55036,1481,6536,0,0,0,0,0
629,2546,630.0097640533653,99870,24,15,100,26,27922,13778,0.41754280564734153,38,26,23161,20716,9596,4497,17079,24718,47845,35076,0,0,8740,5271,17765,1339,3436,254,1,0,0,1,55046,1481,6536,0,0,0,0,0
630,2546,631.2695400733116,99870,31,18,100,26,27934,13784,0.4177230399519375,35,24,23265,20829,9551,4475,17016,24626,47855,35090,0,0,8725,5265,17770,1338,3437,255,1,0,0,7,55055,1479,6538,0,0,0,0,0
631,2546,632.0779087870228,99870,37,20,100,26,27946,13787,0.4178732352057675,36,22,23323,20897,9526,4464,16976,24569,47865,35104,0,0,8710,5258,17775,1337,3439,256,2,0,0,11,55065,1478,6539,0,0,0,0,0
632,2546,633.0293795759404,99870,33,23,100,26,27949,13794,0.41797336537498747,42,20,23396,20982,9508,4453,16919,24494,47875,35118,0,0,8699,5249,17782,1335,3444,256,4,0,0,17,55068,1474,6542,0,0,0,0,0
633,2546,634.1766320927271,99870,43,24,100,26,27964,13799,0.4181736257134275,37,22,23490,21059,9466,4441,16862,24426,47885,35132,0,0,8681,5243,17786,1336,3444,257,4,0,0,23,55080,1473,6543,0,0,0,0,0
634,2546,635.1214456951958,99870,42,26,100,26,27972,13806,0.41832382096725745,43,20,23549,21122,9439,4439,16825,24365,47895,35145,0,0,8665,5238,17789,1335,3447,257,6,0,0,33,55084,1470,6546,0,0,0,0,0
635,2546,636.0639384935487,99870,49,27,100,26,27985,13810,0.4184940422549314,43,26,23609,21204,9409,4430,16788,24285,47905,35158,0,0,8648,5231,17794,1335,3448,258,10,0,0,36,55094,1468,6548,0,0,0,0,0
636,2546,637.0037000998748,99870,57,33,100,26,27997,13819,0.41870431561029336,50,23,23687,21289,9375,4422,16729,24205,47914,35171,0,0,8629,5227,17797,1335,3450,258,12,0,0,39,55108,1467,6548,0,0,0,0,0
637,2546,638.2519521725748,99870,55,37,100,26,28005,13827,0.41886452388104534,58,22,23778,21403,9337,4405,16670,24105,47923,35184,0,0,8614,5219,17803,1334,3455,258,15,0,0,45,55114,1465,6548,0,0,0,0,0
638,2546,639.1848312396086,99870,63,35,100,26,28021,13832,0.41907479723640734,59,22,23842,21482,9309,4392,16625,24041,47932,35196,0,0,8597,5209,17809,1336,3458,259,19,0,0,49,55123,1465,6546,0,0,0,0,0
639,2546,640.1150870627934,99870,66,32,100,26,28033,13833,0.4192049664563933,61,25,23903,21554,9282,4381,16586,23980,47941,35208,0,0,8583,5206,17810,1333,3466,259,20,0,0,56,55129,1463,6545,0,0,0,0,0
640,2546,641.0429889084763,99870,70,33,100,26,28046,13839,0.4193952137779113,61,27,23958,21641,9258,4369,16551,23902,47950,35220,0,0,8571,5202,17812,1332,3467,262,20,0,0,65,55132,1460,6547,0,0,0,0,0
641,2546,642.276237040572,99870,75,29,100,26,28064,13844,0.41962551316711727,64,33,24058,21724,9225,4361,16476,23825,47958,35232,0,0,8557,5195,17815,1331,3473,263,22,0,0,76,55133,1458,6547,0,0,0,0,0
642,2546,643.1980265974009,99870,81,35,100,26,28077,13852,0.4198357865224792,62,35,24124,21805,9206,4340,16425,23757,47966,35244,0,0,8546,5187,17823,1330,3476,263,24,0,0,80,55138,1455,6548,0,0,0,0,0
643,2546,644.1171506289545,99870,86,40,100,26,28090,13863,0.4200760989286072,65,31,24192,21881,9174,4335,16381,23685,47974,35255,0,0,8533,5179,17826,1331,3481,264,26,0,0,84,55145,1454,6547,0,0,0,0,0
644,2546,645.0337665568264,99870,89,36,100,26,28104,13865,0.42023630719935917,69,35,24252,21958,9147,4327,16341,23616,47982,35266,0,0,8522,5174,17828,1330,3486,264,26,0,0,97,55143,1452,6548,0,0,0,0,0
645,2546,646.2521924894431,99870,99,35,100,26,28124,13874,0.42052668469009713,79,43,24320,22055,9108,4324,16292,23515,47990,35277,0,0,8512,5164,17832,1331,3492,265,26,0,0,108,55142,1452,6546,0,0,0,0,0
646,2546,647.1635211759642,99869,103,41,101,26,28144,13881,0.4208012496370245,82,46,24373,22117,9090,4314,16249,23454,47998,35288,0,0,8500,5155,17840,1331,3495,267,30,0,0,114,55143,1451,6543,0,0,0,0,0
647,2546,648.0727741643991,99869,114,41,101,26,28168,13887,0.4211016431525298,76,54,24432,22200,9070,4306,16205,23371,48006,35299,0,0,8482,5151,17839,1331,3500,267,33,0,0,125,55147,1451,6543,0,0,0,0,0
648,2546,649.2814153487149,99869,119,50,101,26,28193,13907,0.4215522334257878,84,47,24509,22298,9045,4300,16140,23277,48013,35310,0,0,8465,5146,17832,1334,3512,268,36,0,0,137,55149,1450,6540,0,0,0,0,0
649,2546,650.185260274409,99869,120,54,101,26,28209,13920,0.4218426138241096,96,42,24562,22383,9025,4297,16094,23196,48020,35320,0,0,8451,5143,17831,1330,3522,268,39,0,0,150,55147,1449,6539,0,0,0,0,0
650,2546,651.0870512388288,99869,122,61,101,26,28231,13930,0.42216303357398194,101,43,24625,22454,9005,4284,16044,23130,48027,35330,0,0,8436,5135,17834,1333,3524,269,43,0,0,162,55146,1448,6539,0,0,0,0,0
651,2546,652.2857411943984,99869,132,62,101,26,28262,13946,0.4226336500816069,119,53,24693,22543,8987,4282,15966,23032,48034,35340,0,0,8422,5128,17833,1334,3533,269,48,0,0,183,55134,1446,6539,0,0,0,0,0
652,2546,653.1821110049242,99869,137,61,101,26,28286,13958,0.42299412230021327,127,54,24756,22606,8970,4280,15907,22971,48041,35350,0,0,8409,5124,17833,1335,3541,269,51,0,0,202,55125,1441,6539,0,0,0,0,0
653,2546,654.0761852307869,99869,156,64,101,26,28318,13966,0.4233946469875537,132,61,24811,22672,8939,4264,15859,22911,48048,35360,0,0,8398,5117,17838,1335,3544,269,52,0,0,216,55121,1441,6538,0,0,0,0,0
654,2546,655.2648309197492,99869,166,77,101,26,28357,13991,0.4240354864872984,143,58,24866,22745,8919,4261,15803,22831,48055,35370,0,0,8380,5110,17830,1340,3555,271,59,0,0,230,55118,1437,6539,0,0,0,0,0
655,2546,656.1543584876702,99869,175,79,101,26,28392,14006,0.42453614234647385,157,62,24897,22797,8911,4256,15757,22778,48062,35379,0,0,8367,5102,17828,1342,3565,271,62,0,0,252,55106,1436,6538,0,0,0,0,0
656,2546,657.0425367704936,99869,180,80,101,26,28422,14016,0.4249366670338143,167,70,24943,22867,8903,4247,15704,22708,48068,35388,0,0,8354,5096,17827,1340,3574,273,66,0,0,269,55098,1436,6536,0,0,0,0,0
657,2546,658.2238118913759,99869,213,90,101,26,28488,14035,0.4257877819944127,161,78,25005,22949,8897,4240,15621,22615,48074,35397,0,0,8336,5089,17824,1343,3582,274,76,0,0,287,55088,1432,6538,0,0,0,0,0
658,2546,659.1074376818942,99869,222,96,101,26,28531,14051,0.4263785559082398,168,74,25041,23014,8887,4233,15579,22555,48080,35406,0,0,8319,5081,17821,1347,3595,274,83,0,0,306,55079,1430,6534,0,0,0,0,0
659,2546,660.2834573121372,99869,232,101,101,26,28576,14071,0.42702940852516796,192,85,25091,23116,8872,4228,15510,22442,48086,35415,0,0,8303,5076,17817,1348,3602,277,89,0,0,336,55059,1429,6533,0,0,0,0,0
660,2546,661.1636091618042,99869,251,113,101,26,28624,14091,0.42771030049364667,185,84,25133,23177,8865,4222,15463,22376,48092,35424,0,0,8292,5066,17818,1353,3608,278,93,0,0,355,55046,1426,6534,0,0,0,0,0
661,2546,662.042117055755,99869,255,117,101,26,28661,14110,0.42827103505592323,196,95,25172,23237,8868,4218,15406,22305,48098,35433,0,0,8272,5058,17815,1356,3615,280,101,0,0,378,55035,1426,6533,0,0,0,0,0
662,2546,663.2109950870913,99869,274,115,101,26,28727,14131,0.4291421762508887,200,98,25222,23315,8864,4219,15337,22225,48104,35441,0,0,8257,5046,17809,1363,3628,280,108,0,0,421,55000,1425,6532,0,0,0,0,0
663,2546,664.0857930950092,99869,282,121,101,26,28770,14157,0.4298330813365509,215,108,25269,23384,8852,4210,15279,22149,48110,35449,0,0,8246,5037,17808,1368,3634,283,112,0,0,456,54972,1423,6530,0,0,0,0,0
664,2546,665.2493258078553,99868,306,137,102,26,28839,14187,0.4308286938759162,253,117,25305,23465,8841,4205,15191,22048,48116,35457,0,0,8226,5028,17804,1376,3643,284,121,0,0,485,54954,1420,6527,0,0,0,0,0
665,2546,666.1203354860664,99868,331,138,102,26,28904,14207,0.43167981735891375,259,132,25322,23512,8840,4202,15144,21988,48122,35465,0,0,8203,5021,17802,1381,3652,284,134,0,0,516,54933,1417,6525,0,0,0,0,0
666,2546,667.279880420402,99868,352,157,102,26,28985,14248,0.43290142988745145,264,138,25367,23584,8854,4204,15059,21889,48127,35473,0,0,8184,5013,17793,1387,3669,287,146,0,0,558,54898,1414,6519,0,0,0,0,0
667,2546,668.147833872084,99868,360,176,102,26,29039,14279,0.433752553370449,279,139,25395,23627,8857,4206,15005,21824,48132,35481,0,0,8172,5005,17786,1393,3686,288,148,0,0,586,54880,1410,6514,0,0,0,0,0
668,2546,669.0146592710292,99868,371,187,102,26,29092,14309,0.4345836504185525,317,153,25404,23673,8859,4208,14945,21751,48137,35489,0,0,8151,5001,17778,1396,3700,289,158,0,0,618,54859,1409,6509,0,0,0,0,0
669,2546,670.1685277147254,99867,404,206,102,27,29182,14364,0.43603993311103767,349,157,25430,23724,8847,4226,14866,21658,48142,35497,0,0,8135,4993,17760,1398,3730,291,167,0,0,662,54820,1408,6503,0,0,0,0,0
670,2546,671.032541692673,99867,450,211,102,27,29276,14396,0.43730161114281996,377,181,25429,23771,8850,4238,14790,21570,48147,35504,0,0,8116,4984,17753,1402,3747,292,178,0,0,701,54789,1407,6498,0,0,0,0,0
671,2546,672.1833843251624,99867,468,220,102,27,29384,14445,0.4388737020236915,383,184,25447,23831,8887,4260,14711,21476,48152,35511,0,0,8095,4970,17736,1410,3769,299,195,0,0,767,54727,1402,6497,0,0,0,0,0
672,2546,673.0458224517834,99867,495,231,102,27,29470,14491,0.44019545996174914,395,193,25438,23884,8906,4276,14662,21387,48157,35518,0,0,8076,4964,17728,1413,3787,301,205,0,0,824,54678,1401,6490,0,0,0,0,0
673,2546,674.1947247652403,99867,522,246,102,27,29574,14540,0.44172749757177043,444,222,25446,23959,8912,4282,14572,21262,48162,35525,0,0,8054,4948,17711,1425,3816,302,220,0,0,875,54634,1398,6484,0,0,0,0,0
674,2546,675.0554438458431,99866,558,262,102,28,29677,14589,0.44325396030681113,469,224,25434,23998,8931,4300,14504,21186,48167,35532,0,0,8029,4941,17698,1429,3843,302,237,0,0,924,54591,1396,6476,0,0,0,0,0
675,2546,676.2026189028832,99866,573,285,102,28,29805,14655,0.44519656339494923,509,251,25409,24041,8979,4314,14426,21079,48172,35539,0,0,7998,4923,17675,1450,3879,307,261,0,0,988,54534,1387,6464,0,0,0,0,0
676,2546,677.0630159384087,99864,624,303,103,29,29922,14716,0.4469879035488264,521,262,25407,24079,8998,4341,14345,20984,48177,35546,0,0,7979,4914,17659,1457,3902,310,270,0,0,1048,54481,1386,6458,0,0,0,0,0
677,2546,678.2093039961026,99864,634,350,103,29,30053,14810,0.4492409677160939,572,269,25375,24137,9054,4365,14260,20848,48182,35553,0,0,7942,4900,17631,1468,3944,313,299,0,0,1126,54411,1383,6447,0,0,0,0,0
678,2546,679.068981526882,99862,687,356,105,29,30178,14863,0.4510324247461497,578,287,25367,24183,9066,4393,14195,20750,48186,35560,0,0,7921,4892,17613,1474,3972,313,311,0,0,1194,54349,1380,6443,0,0,0,0,0
679,2546,680.214582990954,99862,749,371,105,29,30347,14925,0.4533456169513929,628,316,25337,24225,9094,4416,14085,20641,48190,35566,0,0,7902,4874,17596,1491,4010,317,325,0,0,1264,54281,1372,6430,0,0,0,0,0
680,2546,681.0735498519473,99860,777,395,106,30,30470,14991,0.45524734628479874,675,337,25298,24267,9125,4438,14017,20531,48194,35572,0,0,7877,4859,17577,1500,4040,321,345,0,0,1330,54218,1370,6423,0,0,0,0,0
681,2546,682.2191564227451,99858,863,432,107,31,30681,15100,0.4584610146407899,656,334,25291,24301,9171,4482,13910,20418,48198,35578,0,0,7852,4844,17559,1505,4078,328,365,0,0,1441,54110,1368,6408,0,0,0,0,0
682,2546,683.0778226923514,99857,914,467,108,31,30822,15186,0.4607388565648878,698,355,25258,24311,9202,4510,13818,20324,48202,35584,0,0,7831,4835,17545,1512,4105,332,379,0,0,1520,54035,1364,6399,0,0,0,0,0
683,2546,684.2226259040008,99855,944,505,110,31,31014,15299,0.4638025136447849,750,386,25206,24310,9289,4556,13699,20210,48206,35590,0,0,7804,4816,17519,1525,4153,337,400,0,0,1654,53904,1359,6384,0,0,0,0,0
684,2546,685.08151339368,99853,973,503,111,32,31164,15365,0.46597498322534125,777,407,25181,24337,9346,4606,13610,20113,48210,35596,0,0,7775,4796,17495,1545,4189,343,419,0,0,1750,53816,1354,6371,0,0,0,0,0
685,2546,686.2270047615543,99851,1026,537,113,32,31399,15478,0.4694695095692582,805,436,25130,24356,9444,4644,13480,19993,48214,35602,0,0,7738,4774,17446,1558,4260,350,449,0,0,1868,53699,1352,6357,0,0,0,0,0
686,2546,687.0866606825166,99851,1087,582,113,32,31573,15595,0.4723838519393897,845,414,25083,24374,9482,4689,13388,19907,48218,35608,0,0,7710,4760,17416,1566,4305,357,470,0,0,1960,53613,1351,6343,0,0,0,0,0
687,2546,688.2336863432904,99851,1160,605,113,32,31833,15724,0.47627965668846584,893,453,25002,24375,9583,4765,13247,19768,48222,35614,0,0,7665,4738,17381,1588,4365,366,508,0,0,2105,53468,1345,6322,0,0,0,0,0
688,2546,689.0951064683541,99851,1209,600,113,32,32017,15803,0.4789135812360417,981,497,24888,24357,9634,4833,13173,19679,48226,35620,0,0,7641,4719,17357,1603,4406,375,527,0,0,2224,53351,1340,6308,0,0,0,0,0
689,2546,690.2468334107091,99851,1237,628,113,32,32262,15940,0.4827392815294789,1048,516,24798,24375,9764,4912,13038,19535,48230,35626,0,0,7592,4696,17311,1617,4485,381,572,0,0,2388,53187,1335,6287,0,0,0,0,0
690,2546,691.1121511007865,99850,1308,657,114,32,32490,16050,0.48612919379068603,1035,522,24747,24362,9850,4974,12944,19451,48234,35631,0,0,7560,4677,17268,1636,4538,392,597,0,0,2502,53079,1329,6272,0,0,0,0,0
691,2546,692.268031765105,99850,1409,682,114,32,32795,16206,0.49074611917876815,1100,547,24605,24363,9952,5069,12818,19305,48238,35636,0,0,7529,4648,17220,1660,4606,405,622,0,0,2682,52900,1325,6253,0,0,0,0,0
692,2546,693.1374035785584,99847,1478,709,117,32,33030,16320,0.4942562120043667,1169,586,24471,24360,10039,5132,12724,19179,48242,35641,0,0,7493,4631,17184,1676,4658,414,654,0,0,2805,52772,1318,6242,0,0,0,0,0
693,2546,694.0095481856631,99845,1575,760,119,32,33302,16453,0.4983223997195653,1181,621,24356,24324,10133,5188,12634,19073,48246,35646,0,0,7467,4603,17148,1696,4722,421,674,0,0,2929,52647,1314,6224,0,0,0,0,0
694,2546,695.1764492511379,99844,1701,849,120,32,33687,16661,0.504266655983334,1237,638,24177,24296,10294,5265,12469,18918,48250,35651,0,0,7427,4572,17091,1725,4825,430,708,0,0,3105,52466,1306,6189,0,0,0,0,0
695,2546,696.0549146784119,99844,1758,906,120,32,33969,16811,0.5085934057129121,1288,650,24045,24289,10436,5325,12351,18796,48253,35656,0,0,7377,4545,17047,1747,4896,440,752,0,0,3254,52318,1302,6166,0,0,0,0,0
696,2546,697.2309704982839,99840,1853,940,122,34,34349,17004,0.5143529647435897,1384,710,23900,24260,10574,5442,12165,18612,48256,35661,0,0,7324,4515,16974,1772,5011,453,797,0,0,3457,52107,1292,6138,0,0,0,0,0
697,2546,698.1156512876433,99839,1890,992,123,34,34632,17164,0.5187952603691944,1471,752,23754,24204,10723,5530,12037,18486,48259,35666,0,0,7283,4483,16927,1804,5079,460,829,0,0,3652,51914,1287,6121,0,0,0,0,0
698,2546,699.0038084260614,99838,1950,1059,124,34,34968,17345,0.5239788457300827,1518,769,23600,24164,10889,5614,11917,18358,48262,35671,0,0,7229,4446,16871,1837,5165,474,875,0,0,3827,51737,1279,6098,0,0,0,0,0
699,2546,700.1941714546073,99835,2063,1097,125,36,35424,17589,0.531006160164271,1605,809,23378,24104,11103,5776,11724,18176,48265,35676,0,0,7165,4408,16787,1879,5282,494,933,0,0,4102,51457,1266,6062,0,0,0,0,0
700,2546,701.092185767904,99834,2162,1139,126,36,35791,17775,0.5365506741190376,1648,820,23200,24067,11267,5885,11595,18051,48268,35681,0,0,7114,4372,16720,1910,5399,498,978,0,0,4292,51260,1261,6030,0,0,0,0,0
701,2546,702.2970132562332,99834,2294,1196,126,36,36286,18018,0.5439429452891801,1735,895,22956,23992,11471,6017,11416,17862,48271,35686,0,0,7056,4335,16623,1955,5530,516,1030,0,0,4560,50990,1243,5996,0,0,0,0,0
702,2546,703.2063402704875,99831,2353,1250,128,37,36667,18226,0.5498592621530386,1787,927,22772,23933,11674,6122,11284,17729,48274,35691,0,0,6999,4300,16563,1992,5615,536,1081,0,0,4797,50746,1227,5975,0,0,0,0,0
703,2546,704.1210716988253,99830,2446,1296,129,37,37093,18432,0.5561955324050887,1834,956,22551,23886,11887,6241,11151,17582,48277,35696,0,0,6936,4262,16498,2029,5730,549,1135,0,0,5032,50505,1217,5937,0,0,0,0,0
704,2546,705.0423745107726,99827,2537,1371,132,37,37506,18654,0.5625732517254851,1916,968,22340,23818,12078,6352,10995,17452,48280,35701,0,0,6882,4226,16422,2066,5836,569,1178,0,0,5248,50283,1209,5908,0,0,0,0,0
705,2546,706.280257934648,99825,2664,1466,134,37,38095,18973,0.5716804407713498,1998,1008,22065,23708,12339,6514,10798,17265,48283,35705,0,0,6799,4181,16322,2105,5990,593,1255,0,0,5581,49940,1197,5862,0,0,0,0,0
706,2546,707.2159583579389,99824,2750,1484,135,37,38566,19185,0.5785282096489822,2076,1078,21851,23645,12552,6644,10634,17110,48286,35709,0,0,6736,4140,16248,2142,6119,609,1311,0,0,5872,49636,1188,5823,0,0,0,0,0
707,2546,708.1586093297739,99824,2898,1564,135,37,39088,19447,0.5863820323769835,2135,1081,21595,23572,12764,6771,10471,16973,48289,35713,0,0,6669,4106,16171,2179,6242,631,1371,0,0,6140,49363,1174,5778,0,0,0,0,0
708,2546,709.1090627160323,99822,3044,1638,136,38,39632,19736,0.5947386347698904,2195,1092,21341,23488,12973,6932,10309,16810,48292,35717,0,0,6610,4058,16087,2228,6384,656,1419,0,0,6421,49060,1168,5731,0,0,0,0,0
709,2546,710.0680999043752,99822,3189,1690,136,38,40208,20006,0.6032137204223518,2229,1150,21071,23381,13236,7095,10137,16644,48295,35721,0,0,6545,4023,15995,2259,6532,678,1478,0,0,6748,48713,1157,5694,0,0,0,0,0
710,2546,711.0364360130427,99819,3281,1717,138,39,40778,20273,0.6116170268185416,2277,1229,20780,23262,13547,7272,9975,16479,48298,35725,0,0,6451,3984,15873,2301,6711,702,1557,0,0,7068,48377,1146,5649,0,0,0,0,0
711,2546,712.0154135699444,99817,3347,1746,140,39,41333,20580,0.6202650851057435,2371,1279,20521,23142,13819,7500,9800,16292,48301,35729,0,0,6374,3937,15756,2346,6900,735,1619,0,0,7417,48009,1136,5588,0,0,0,0,0
712,2546,713.0040753112421,99815,3481,1816,142,39,41950,20920,0.6298652507138206,2463,1335,20256,22993,14061,7700,9595,16115,48304,35733,0,0,6297,3896,15650,2386,7084,764,1688,0,0,7756,47637,1120,5537,0,0,0,0,0
713,2546,714.0022947048577,99815,3633,1887,142,39,42598,21243,0.6395932475078896,2484,1373,19958,22871,14348,7883,9433,15945,48307,35737,0,0,6218,3836,15538,2438,7261,797,1756,0,0,8078,47288,1110,5495,0,0,0,0,0
714,2546,715.0125522152874,99813,3692,1993,144,39,43231,21591,0.6494344424073016,2523,1407,19675,22728,14705,8065,9259,15766,48310,35741,0,0,6133,3784,15408,2493,7457,832,1832,0,0,8432,46900,1092,5450,0,0,0,0,0
715,2546,716.0349693678742,99812,3807,2041,145,39,43898,21934,0.6595599727487677,2585,1481,19350,22577,15040,8283,9071,15577,48313,35745,0,0,6065,3720,15287,2549,7627,877,1887,0,0,8837,46469,1077,5417,0,0,0,0,0
716,2546,717.0712972926757,99811,3859,2101,146,39,44551,22292,0.669695724920099,2677,1572,19020,22406,15379,8490,8917,15390,48316,35749,0,0,5973,3653,15142,2621,7857,911,1953,0,0,9198,46064,1062,5377,0,0,0,0,0
717,2546,718.1220729131171,99808,3983,2174,147,41,45263,22693,0.6808672651490862,2767,1592,18702,22286,15681,8722,8718,15183,48319,35753,0,0,5892,3599,15010,2694,8072,950,2012,0,0,9605,45614,1040,5320,0,0,0,0,0
718,2546,719.1869173161441,99804,4090,2242,151,41,45995,23160,0.6929080998757565,2859,1580,18377,22125,16009,9021,8512,14989,48322,35757,0,0,5782,3543,14860,2747,8317,988,2112,0,0,10069,45103,1021,5262,0,0,0,0,0
719,2546,720.2676968706406,99804,4222,2274,151,41,46748,23569,0.7045509198028135,2934,1651,18047,21962,16313,9293,8331,14777,48324,35761,0,0,5689,3472,14720,2822,8531,1032,2188,0,0,10527,44604,1000,5219,0,0,0,0,0
720,2546,721.364296173896,99799,4388,2342,154,43,47594,24002,0.7174019779757312,2936,1690,17718,21796,16670,9557,8132,14570,48326,35765,0,0,5595,3411,14577,2895,8774,1082,2262,0,0,10977,44099,977,5150,0,0,0,0,0
721,2546,722.1048011073947,99798,4504,2426,155,43,48152,24320,0.7261868975330167,2977,1688,17482,21695,16896,9714,7984,14432,48328,35769,0,0,5536,3367,14485,2936,8931,1113,2307,0,0,11282,43765,966,5110,0,0,0,0,0
722,2546,723.2305354195393,99793,4664,2521,159,44,49028,24779,0.7396009740162136,3004,1770,17104,21499,17259,9959,7808,14205,48330,35773,0,0,5434,3311,14328,2997,9211,1165,2384,0,0,11702,43270,945,5046,0,0,0,0,0
723,2546,724.3642484231798,99788,4739,2544,164,44,49891,25267,0.7531767346775163,3069,1857,16765,21262,17663,10304,7598,13987,48332,35777,0,0,5316,3252,14136,3052,9517,1232,2479,0,0,12223,42673,930,4978,0,0,0,0,0
724,2546,725.1057238611447,99784,4802,2583,168,44,50442,25608,0.762146235869478,3128,1858,16514,21123,17923,10530,7463,13860,48334,35780,0,0,5240,3205,14038,3106,9672,1283,2535,0,0,12554,42295,916,4940,0,0,0,0,0
725,2546,726.1939962116828,99780,4917,2666,170,46,51305,26098,0.7757366205652435,3169,1893,16147,20920,18327,10820,7268,13653,48336,35783,0,0,5135,3141,13888,3151,9951,1358,2621,0,0,12990,41766,905,4874,0,0,0,0,0
726,2546,727.2557519827932,99778,5070,2725,171,47,52156,26568,0.7889915612660106,3174,1962,15853,20719,18656,11111,7074,13434,48338,35786,0,0,5044,3081,13733,3217,10225,1418,2687,0,0,13428,41243,888,4814,0,0,0,0,0
727,2546,728.294589689026,99772,5168,2766,177,47,52989,27036,0.8020787395261195,3177,2067,15567,20484,19017,11395,6892,13239,48340,35789,0,0,4948,3025,13552,3260,10534,1475,2763,0,0,13884,40702,868,4761,0,0,0,0,0
728,2546,729.3118584970823,99770,5215,2864,178,48,53773,27521,0.8148140723664428,3186,2077,15279,20319,19430,11645,6710,13045,48342,35792,0,0,4840,2962,13372,3326,10828,1545,2842,0,0,14276,40232,849,4698,0,0,0,0,0
729,2546,730.3064740884271,99767,5295,2981,180,49,54563,28029,0.8278488879088276,3236,2053,14981,20125,19765,11911,6541,12879,48344,35795,0,0,4751,2912,13223,3377,11074,1632,2910,0,0,14677,39735,832,4644,0,0,0,0,0
730,2546,731.281230591959,99765,5334,3082,181,50,55310,28538,0.8404550694131209,3343,2043,14688,19971,20087,12174,6365,12678,48346,35798,0,0,4653,2852,13086,3424,11363,1693,2987,0,0,15079,39225,816,4587,0,0,0,0,0
731,2546,732.2377961601172,99764,5437,3178,181,51,56110,29027,0.8533839862074496,3353,2075,14424,19803,20408,12413,6195,12478,48348,35801,0,0,4561,2801,12917,3473,11650,1754,3056,0,0,15475,38734,798,4545,0,0,0,0,0
732,2546,733.1771559825052,99760,5524,3253,184,52,56901,29529,0.8663793103448276,3392,2064,14146,19651,20697,12714,6055,12264,48350,35804,0,0,4467,2750,12770,3530,11957,1830,3117,0,0,15826,38257,778,4478,0,0,0,0,0
733,2546,734.1011009354138,99757,5573,3263,186,53,57695,29957,0.8786551319706888,3392,2137,13864,19463,21071,12999,5912,12083,48352,35807,0,0,4371,2690,12600,3593,12263,1920,3188,0,0,16191,37779,760,4402,0,0,0,0,0
734,2546,735.0072755035555,99756,5616,3284,187,53,58459,30403,0.8907935362283973,3389,2187,13614,19298,21422,13285,5770,11891,48354,35810,0,0,4286,2641,12442,3648,12558,2006,3238,0,0,16568,37286,745,4338,0,0,0,0,0
735,2546,736.1911263303194,99748,5654,3364,191,57,59425,31046,0.9069956289850423,3446,2189,13271,19082,21867,13647,5569,11659,48356,35813,0,0,4175,2576,12253,3708,12906,2128,3315,0,0,17076,36624,726,4261,0,0,0,0,0
736,2546,737.0622404665411,99744,5779,3397,194,58,60207,31516,0.9195841353865897,3467,2214,13043,18909,22081,13936,5434,11484,48358,35816,0,0,4096,2522,12118,3753,13179,2204,3368,0,0,17459,36141,708,4196,0,0,0,0,0
737,2546,738.2066469317766,99740,5788,3443,196,60,61195,32121,0.9355925406055745,3457,2237,12754,18675,22529,14299,5274,11284,48360,35819,0,0,3969,2454,11903,3818,13586,2332,3458,0,0,17903,35524,692,4101,0,0,0,0,0
738,2546,739.0493885566397,99734,5805,3505,201,61,61926,32602,0.9478011510618245,3488,2245,12512,18485,22850,14574,5142,11128,48362,35822,0,0,3867,2412,11763,3859,13882,2410,3531,0,0,18250,35040,678,4042,0,0,0,0,0
739,2546,740.1534111176816,99733,5888,3568,202,61,62870,33211,0.9633822305555834,3514,2230,12249,18286,23176,14905,4969,10948,48364,35825,0,0,3755,2345,11572,3932,14241,2530,3605,0,0,18657,34470,660,3966,0,0,0,0,0
740,2546,741.2393261176265,99729,5919,3632,205,62,63852,33809,0.9792638049113096,3509,2231,11960,18101,23576,15246,4829,10726,48366,35828,0,0,3643,2283,11373,4014,14634,2646,3657,0,0,19071,33869,644,3895,0,0,0,0,0
741,2546,742.0412077826445,99727,5876,3674,207,62,64516,34260,0.9904639666288969,3535,2264,11764,17946,23891,15494,4725,10558,48368,35831,0,0,3548,2239,11223,4050,14946,2737,3720,0,0,19358,33438,630,3838,0,0,0,0,0
742,2546,743.094044577177,99724,5883,3654,208,64,65408,34839,1.0052444747503109,3589,2257,11457,17763,24272,15893,4589,10367,48370,35834,0,0,3456,2184,11008,4096,15358,2875,3763,0,0,19742,32862,613,3767,0,0,0,0,0
743,2546,744.1294471610383,99719,5913,3756,213,64,66317,35445,1.020487570071902,3549,2260,11229,17553,24652,16183,4442,10182,48372,35837,0,0,3376,2126,10836,4155,15701,3008,3785,0,0,20122,32306,598,3706,0,0,0,0,0
744,2546,745.1486373283371,99714,5965,3779,215,67,67234,36007,1.0353711615219527,3461,2223,10988,17398,25025,16517,4344,10014,48374,35840,0,0,3293,2067,10658,4203,16061,3153,3824,0,0,20459,31767,584,3645,0,0,0,0,0
745,2546,746.1532127208792,99711,6014,3750,217,68,68118,36556,1.0497738464161426,3441,2246,10756,17223,25370,16888,4200,9823,48376,35843,0,0,3214,2015,10487,4251,16446,3273,3858,0,0,20834,31193,560,3580,0,0,0,0,0
746,2546,747.1435678914847,99709,6012,3762,219,68,68993,37085,1.0638758788073293,3442,2253,10554,17055,25688,17190,4083,9670,48378,35846,0,0,3131,1949,10313,4307,16786,3413,3898,0,0,21212,30636,546,3518,0,0,0,0,0
747,2546,748.1212871283568,99705,5985,3733,223,68,69806,37593,1.0771676445514267,3425,2262,10364,16928,26033,17497,3968,9510,48380,35849,0,0,3037,1896,10135,4349,17123,3572,3958,0,0,21534,30121,527,3453,0,0,0,0,0
748,2546,749.0869254878303,99703,5961,3782,225,68,70639,38147,1.0911005686890063,3396,2243,10185,16749,26361,17805,3870,9351,48382,35852,0,0,2953,1846,9950,4413,17457,3718,3988,0,0,21864,29603,511,3400,0,0,0,0,0
749,2546,750.0416105328324,99700,5975,3852,227,69,71443,38701,1.104754262788365,3353,2224,10012,16544,26661,18092,3770,9217,48384,35855,0,0,2865,1811,9793,4447,17781,3855,4030,0,0,22154,29120,497,3347,0,0,0,0,0
750,2546,751.220178469414,99695,5920,3893,232,69,72416,39386,1.1214403931992578,3381,2141,9774,16383,27056,18456,3635,9056,48386,35858,0,0,2758,1757,9587,4490,18231,4031,4078,0,0,22502,28498,482,3281,0,0,0,0,0
751,2546,752.151075154709,99694,5885,3906,233,69,73197,39882,1.1342608381647843,3394,2117,9601,16239,27346,18751,3539,8916,48388,35861,0,0,2689,1702,9430,4548,18567,4195,4095,0,0,22713,28065,469,3221,0,0,0,0,0
752,2546,753.0718247183596,99691,5904,3876,235,70,73992,40360,1.1470644290858754,3292,2098,9465,16113,27653,19053,3449,8788,48390,35864,0,0,2639,1658,9292,4596,18879,4354,4087,0,0,22966,27598,451,3171,0,0,0,0,0
753,2546,754.2109601679022,99685,5833,3830,237,74,74877,40942,1.161849826954908,3315,2066,9271,15968,28001,19416,3341,8644,48392,35866,0,0,2541,1601,9123,4645,19250,4553,4117,0,0,23262,27044,433,3116,0,0,0,0,0
754,2546,755.1128732580255,99681,5807,3852,241,74,75635,41426,1.174356196266089,3195,2048,9166,15875,28321,19648,3268,8501,48394,35868,0,0,2459,1561,8973,4682,19552,4718,4146,0,0,23479,26628,424,3059,0,0,0,0,0
755,2546,756.0064474898197,99677,5762,3814,245,74,76308,41876,1.1856697131735505,3216,2062,9051,15763,28527,19906,3197,8379,48396,35870,0,0,2402,1518,8847,4718,19853,4872,4156,0,0,23696,26200,414,3001,0,0,0,0,0
756,2546,757.1148657583263,99672,5744,3869,248,76,77187,42478,1.200587928405169,3154,2001,8949,15645,28796,20172,3107,8235,48398,35872,0,0,2333,1469,8660,4767,20205,5067,4166,0,0,23950,25716,398,2941,0,0,0,0,0
757,2546,758.2138578847032,99667,5694,3832,252,77,78037,43044,1.214855468710807,3138,1971,8801,15497,29081,20522,3032,8099,48400,35874,0,0,2254,1421,8499,4818,20577,5257,4171,0,0,24195,25207,385,2883,0,0,0,0,0
758,2546,759.0866134969584,99664,5624,3800,255,77,78708,43472,1.2259190881361375,3061,1966,8725,15373,29354,20788,2979,7994,48402,35876,0,0,2182,1389,8355,4829,20842,5443,4198,0,0,24405,24815,377,2829,0,0,0,0,0
759,2546,760.16974499745,99662,5635,3727,257,77,79588,43990,1.2399711023258615,2951,1998,8623,15218,29637,21130,2895,7848,48404,35878,0,0,2123,1347,8202,4849,21206,5642,4199,0,0,24641,24313,367,2773,0,0,0,0,0
760,2546,761.029213012211,99659,5558,3764,259,78,80213,44434,1.2507350063717275,2985,1960,8487,15121,29880,21317,2829,7758,48406,35880,0,0,2063,1316,8093,4858,21494,5795,4215,0,0,24779,23960,357,2729,0,0,0,0,0
761,2546,762.0954866988972,99657,5572,3736,260,79,81042,44959,1.2643467092125993,2912,1938,8422,14998,30071,21616,2761,7631,48408,35882,0,0,2011,1280,7959,4881,21831,5999,4196,0,0,24950,23529,348,2673,0,0,0,0,0
762,2546,763.155114328718,99654,5490,3686,261,81,81816,45462,1.2771991089168524,2841,1908,8329,14902,30386,21893,2691,7528,48410,35884,0,0,1949,1239,7808,4905,22214,6201,4201,0,0,25076,23105,339,2617,0,0,0,0,0
763,2546,764.207274509394,99654,5472,3672,261,81,82585,45995,1.2902643145282677,2822,1825,8224,14811,30594,22202,2625,7407,48412,35886,0,0,1910,1205,7677,4929,22537,6413,4174,0,0,25233,22692,324,2560,0,0,0,0,0
764,2546,765.0448977399973,99653,5436,3641,262,81,83204,46407,1.300623162373436,2772,1766,8155,14732,30812,22458,2561,7320,48413,35888,0,0,1862,1164,7570,4960,22772,6597,4176,0,0,25347,22363,316,2526,0,0,0,0,0
765,2546,766.0855477489397,99651,5306,3542,264,81,83907,46868,1.3123300318110205,2786,1797,8060,14621,31078,22761,2504,7196,48414,35890,0,0,1808,1140,7433,4957,23088,6841,4177,0,0,25471,21948,307,2481,0,0,0,0,0
766,2546,767.1197007518053,99649,5183,3476,265,82,84581,47338,1.3238366667001173,2775,1757,8000,14554,31340,23023,2435,7106,48415,35892,0,0,1755,1100,7309,4994,23375,7069,4165,0,0,25596,21555,300,2431,0,0,0,0,0
767,2546,768.1481911518489,99647,5161,3414,267,82,85317,47762,1.3355043302859093,2692,1802,7942,14466,31559,23254,2377,6980,48416,35894,0,0,1713,1077,7194,4995,23670,7278,4157,0,0,25710,21177,293,2383,0,0,0,0,0
768,2546,769.1706726013872,99646,5074,3368,268,82,85996,48232,1.3470485518736326,2650,1768,7879,14387,31817,23517,2310,6876,48417,35896,0,0,1660,1059,7081,4993,23944,7517,4154,0,0,25815,20813,283,2327,0,0,0,0,0
769,2546,770.1873939997529,99644,4961,3303,269,83,86639,48699,1.3582152462767452,2636,1701,7815,14352,32067,23791,2250,6768,48418,35898,0,0,1613,1032,6959,5010,24202,7751,4143,0,0,25934,20437,276,2287,0,0,0,0,0
770,2546,771.1990371201437,99640,4897,3305,271,85,87329,49141,1.3696306704134886,2576,1656,7744,14328,32302,23955,2208,6669,48419,35900,0,0,1563,995,6867,5043,24408,7986,4127,0,0,26015,20110,269,2257,0,0,0,0,0
771,2546,772.0046061728455,99637,4882,3245,273,86,87851,49452,1.3780322570932484,2521,1649,7740,14256,32411,24152,2171,6610,48420,35902,0,0,1536,977,6773,5048,24622,8155,4114,0,0,26056,19873,259,2224,0,0,0,0,0
772,2546,773.0090011650174,99636,4776,3207,274,86,88479,49885,1.3886948492512747,2471,1606,7716,14236,32627,24349,2134,6514,48421,35904,0,0,1487,947,6661,5079,24888,8368,4100,0,0,26137,19542,249,2178,0,0,0,0,0
773,2546,774.0093686270649,99635,4714,3134,274,87,89088,50253,1.3985145782104682,2440,1633,7710,14164,32771,24542,2089,6438,48422,35906,0,0,1456,923,6565,5072,25088,8597,4090,0,0,26226,19226,243,2149,0,0,0,0,0
774,2546,775.0069854794953,99631,4675,3087,277,88,89693,50667,1.4087984663407975,2377,1625,7697,14119,32931,24711,2041,6368,48423,35908,0,0,1407,901,6453,5054,25345,8807,4107,0,0,26282,18934,236,2105,0,0,0,0,0
775,2546,776.0014219247034,99628,4579,3066,280,88,90290,51087,1.4190488617657686,2360,1600,7653,14058,33131,24902,1995,6284,48424,35910,0,0,1372,883,6357,5046,25599,9028,4092,0,0,26299,18651,228,2073,0,0,0,0,0
776,2546,777.1899603446371,99627,4519,3054,281,88,90969,51565,1.4306764230580065,2339,1579,7636,14002,33279,25092,1944,6183,48425,35912,0,0,1340,851,6253,5065,25837,9280,4069,0,0,26359,18320,219,2034,0,0,0,0,0
777,2546,778.1772526294146,99624,4432,2973,283,89,91512,51926,1.439793624026339,2315,1544,7624,13980,33436,25305,1908,6107,48426,35914,0,0,1300,827,6155,5077,26104,9467,4053,0,0,26384,18046,213,1998,0,0,0,0,0
778,2546,779.1614989743945,99620,4371,2947,286,90,92070,52318,1.4493876731580004,2235,1483,7599,13947,33634,25495,1873,6036,48427,35916,0,0,1272,804,6075,5078,26345,9667,4030,0,0,26368,17796,212,1973,0,0,0,0,0
779,2546,780.1431432559667,99619,4318,2862,286,91,92626,52661,1.458426605366446,2153,1486,7612,13906,33785,25699,1844,5954,48428,35918,0,0,1237,790,6005,5072,26562,9872,4015,0,0,26400,17521,207,1938,0,0,0,0,0
780,2546,781.1223329110858,99616,4241,2803,289,91,93169,53034,1.4676658368133633,2091,1458,7619,13870,33969,25905,1789,5871,48429,35920,0,0,1211,772,5925,5079,26761,10100,3991,0,0,26396,17263,204,1914,0,0,0,0,0
781,2546,782.0990428121864,99613,4147,2794,290,93,93660,53382,1.4761326332908355,2144,1455,7609,13846,34054,26013,1754,5797,48430,35922,0,0,1169,749,5866,5086,26980,10265,3973,0,0,26393,17046,197,1889,0,0,0,0,0
782,2546,783.0731636062259,99608,4059,2785,291,97,94158,53738,1.4847803389286,2065,1429,7644,13813,34218,26161,1721,5713,48431,35924,0,0,1144,740,5794,5084,27191,10469,3943,0,0,26336,16855,195,1857,0,0,0,0,0
783,2546,784.0451549377259,99606,3973,2751,292,98,94646,54094,1.4932835371363171,2019,1397,7644,13787,34374,26323,1696,5642,48432,35926,0,0,1122,721,5718,5064,27374,10691,3929,0,0,26317,16645,192,1833,0,0,0,0,0
784,2546,785.0150824385628,99602,3914,2707,293,101,95129,54410,1.5013654344290275,1992,1373,7657,13787,34474,26463,1668,5567,48433,35928,0,0,1106,700,5647,5048,27551,10891,3915,0,0,26302,16443,185,1814,0,0,0,0,0
785,2546,786.1770592482171,99599,3887,2654,293,104,95743,54797,1.5114609584433578,1909,1344,7672,13781,34610,26627,1627,5488,48434,35930,0,0,1077,683,5565,5015,27757,11136,3904,0,0,26297,16200,180,1785,0,0,0,0,0
786,2546,787.1438870810576,99597,3802,2633,295,104,96227,55138,1.5197746920087953,1877,1331,7704,13759,34721,26752,1599,5419,48435,35932,0,0,1058,666,5497,5018,27926,11345,3883,0,0,26284,15986,171,1763,0,0,0,0,0
787,2546,788.1095970317797,99592,3754,2571,298,106,96665,55428,1.5271608161298096,1855,1356,7713,13721,34804,26892,1574,5352,48436,35934,0,0,1039,651,5437,5024,28098,11528,3850,0,0,26239,15816,168,1742,0,0,0,0,0
788,2546,789.0736985552392,99591,3675,2535,299,106,97119,55739,1.534857567450874,1808,1315,7718,13708,34947,27043,1551,5291,48437,35936,0,0,1020,633,5385,5014,28238,11735,3824,0,0,26251,15609,162,1720,0,0,0,0,0
789,2546,790.0360724774931,99590,3645,2509,300,106,97564,56068,1.5426448438598253,1795,1260,7708,13729,35031,27171,1519,5223,48438,35938,0,0,1005,619,5321,5023,28400,11915,3790,0,0,26243,15416,162,1696,0,0,0,0,0
790,2546,791.1892723449293,99587,3605,2418,300,109,98086,56394,1.551206482773856,1754,1242,7726,13708,35122,27366,1491,5155,48439,35940,0,0,980,607,5268,5018,28565,12159,3771,0,0,26175,15218,159,1667,0,0,0,0,0
791,2546,792.1494738177947,99586,3509,2408,301,109,98521,56716,1.5588235294117647,1696,1183,7724,13698,35293,27499,1475,5101,48440,35942,0,0,963,594,5208,4999,28750,12358,3752,0,0,26118,15044,155,1645,0,0,0,0,0
792,2546,793.1075228396288,99585,3431,2348,302,109,98950,56981,1.5658081036300648,1656,1190,7744,13689,35408,27614,1457,5048,48441,35944,0,0,940,582,5160,4994,28879,12558,3736,0,0,26093,14862,152,1629,0,0,0,0,0
793,2546,794.0640675779496,99584,3306,2370,302,110,99324,57310,1.5728831940874035,1668,1148,7767,13681,35525,27701,1430,4988,48442,35946,0,0,921,570,5121,4971,29005,12760,3717,0,0,26078,14695,147,1599,0,0,0,0,0
794,2546,795.0192404644694,99581,3252,2336,304,111,99734,57584,1.5797993593155322,1624,1109,7813,13705,35608,27800,1397,4937,48443,35948,0,0,897,563,5069,4966,29136,12939,3694,0,0,26059,14532,145,1581,0,0,0,0,0
795,2546,796.1648669234071,99579,3204,2282,305,112,100196,57907,1.5877142771066188,1604,1130,7841,13675,35673,27925,1371,4874,48444,35950,0,0,883,553,5017,4951,29275,13153,3673,0,0,26050,14323,141,1560,0,0,0,0,0
796,2546,797.1186071989031,99578,3159,2216,306,112,100572,58166,1.5941071320974511,1563,1103,7860,13697,35758,28040,1352,4830,48445,35952,0,0,865,548,4971,4941,29378,13343,3655,0,0,26033,14159,139,1546,0,0,0,0,0
797,2546,798.0720756835169,99578,3117,2166,306,112,100940,58430,1.6004539155235091,1551,1069,7891,13690,35793,28170,1340,4791,48446,35954,0,0,853,534,4929,4942,29520,13494,3634,0,0,26028,13981,138,1525,0,0,0,0,0
798,2546,799.0258978903653,99577,3101,2147,306,113,101315,58690,1.606846962652018,1528,1052,7923,13690,35816,28250,1324,4746,48447,35956,0,0,831,525,4884,4939,29605,13672,3633,0,0,25990,13858,134,1506,0,0,0,0,0
799,2546,800.1701733486792,99577,3004,2093,306,113,101732,58995,1.6140976329875374,1505,1034,7976,13694,35903,28378,1304,4686,48448,35958,0,0,817,516,4826,4906,29777,13885,3607,0,0,25928,13701,134,1480,0,0,0,0,0
800,2546,801.1232848185633,99574,2932,2059,308,114,102079,59237,1.6200614618273848,1487,1018,8007,13706,35975,28451,1289,4650,48449,35960,0,0,803,509,4775,4890,29875,14065,3593,0,0,25911,13559,130,1464,0,0,0,0,0
801,2546,802.0762604323768,99574,2886,1973,308,114,102421,59449,1.6256251631952117,1463,1035,8054,13733,36008,28544,1279,4599,48450,35962,0,0,787,501,4720,4897,29981,14225,3576,0,0,25909,13416,125,1437,0,0,0,0,0
802,2546,803.0293126035364,99573,2857,1948,309,114,102809,59675,1.6318078193887902,1372,1008,8095,13759,36099,28612,1266,4557,48451,35964,0,0,778,495,4671,4880,30046,14408,3560,0,0,25911,13272,125,1427,0,0,0,0,0
803,2546,804.1722821391269,99571,2752,1933,311,114,103181,59962,1.6384589890630805,1347,977,8137,13792,36200,28680,1251,4502,48452,35966,0,0,764,489,4630,4859,30170,14612,3532,0,0,25850,13134,124,1407,0,0,0,0,0
804,2546,805.124441116013,99569,2707,1883,312,115,103506,60200,1.644146270425534,1327,937,8172,13797,36239,28798,1241,4468,48453,35968,0,0,747,483,4596,4847,30283,14775,3519,0,0,25794,13015,120,1390,0,0,0,0,0
805,2546,806.0767406186723,99568,2642,1841,313,115,103818,60424,1.6495460388879961,1297,919,8219,13836,36298,28857,1229,4430,48454,35970,0,0,734,477,4550,4833,30363,14949,3502,0,0,25780,12886,120,1374,0,0,0,0,0
806,2546,807.0290958469844,99568,2566,1822,313,115,104101,60671,1.6548690342278645,1282,873,8270,13885,36348,28920,1219,4383,48455,35971,0,0,722,471,4522,4832,30460,15113,3485,0,0,25713,12768,119,1363,0,0,0,0,0
807,2546,808.1719241308582,99568,2532,1789,313,115,104453,60930,1.6610055439498634,1261,831,8327,13930,36359,28987,1206,4346,48456,35972,0,0,710,459,4484,4835,30543,15291,3468,0,0,25673,12641,117,1347,0,0,0,0,0
808,2546,809.1251493623881,99568,2474,1729,313,115,104727,61133,1.6657962397557449,1258,793,8384,13968,36378,29076,1191,4317,48457,35973,0,0,702,453,4443,4823,30664,15433,3451,0,0,25615,12536,116,1332,0,0,0,0,0
809,2546,810.0791407446169,99567,2425,1673,314,115,105029,61304,1.6705635401287575,1225,806,8428,13993,36433,29129,1173,4282,48458,35974,0,0,683,449,4414,4814,30722,15592,3449,0,0,25582,12432,114,1316,0,0,0,0,0
810,2546,811.0329739319637,99565,2410,1631,316,115,105348,61499,1.6757595540601617,1170,798,8462,14025,36479,29171,1161,4258,48459,35975,0,0,673,444,4385,4813,30789,15740,3419,0,0,25562,12320,113,1307,0,0,0,0,0
811,2546,812.1775908468219,99564,2355,1586,317,115,105682,61740,1.6815515648226267,1147,736,8529,14083,36508,29259,1142,4219,48460,35976,0,0,659,441,4351,4799,30853,15931,3406,0,0,25529,12193,111,1291,0,0,0,0,0
812,2546,813.1322603050819,99563,2298,1545,317,116,105965,61908,1.686098249349658,1114,735,8610,14112,36525,29300,1134,4190,48461,35977,0,0,652,435,4319,4772,30926,16076,3389,0,0,25505,12094,111,1284,0,0,0,0,0
813,2546,814.0879938683305,99562,2252,1503,318,116,106213,62094,1.690474277334726,1106,709,8666,14149,36532,29355,1124,4166,48462,35978,0,0,643,431,4288,4747,30994,16223,3378,0,0,25465,12005,111,1277,0,0,0,0,0
814,2546,815.0448106078176,99562,2258,1473,318,116,106497,62267,1.69506438199313,1083,701,8716,14198,36509,29382,1114,4128,48463,35979,0,0,639,424,4256,4736,31052,16360,3360,0,0,25435,11921,108,1271,0,0,0,0,0
815,2546,816.0024426873927,99562,2212,1436,318,116,106738,62426,1.6990819790683191,1077,706,8767,14250,36518,29407,1106,4083,48464,35980,0,0,633,417,4228,4722,31119,16500,3345,0,0,25386,11841,108,1263,0,0,0,0,0
816,2546,817.1520448199979,99561,2121,1406,318,117,107029,62631,1.7040809152178062,1052,685,8853,14329,36561,29430,1093,4031,48465,35981,0,0,614,414,4195,4692,31169,16688,3340,0,0,25343,11745,106,1255,0,0,0,0,0
817,2546,818.1105985574692,99561,2118,1385,318,117,107303,62792,1.7084500959210935,982,691,8918,14361,36587,29435,1075,4009,48466,35982,0,0,604,411,4178,4671,31202,16829,3331,0,0,25310,11675,106,1244,0,0,0,0,0
818,2546,819.0694549125961,99561,2036,1363,318,117,107526,62961,1.7123873806008376,965,653,8987,14406,36626,29470,1066,3989,48467,35983,0,0,598,411,4145,4666,31260,16968,3311,0,0,25263,11599,104,1236,0,0,0,0,0
819,2546,820.0289801494301,99561,1983,1331,318,117,107756,63111,1.7162041361577325,949,659,9042,14467,36649,29461,1057,3963,48468,35984,0,0,592,407,4114,4651,31328,17088,3292,0,0,25235,11518,104,1232,0,0,0,0,0
820,2546,821.1813326432573,99560,1945,1275,319,117,108030,63289,1.7207613499397347,911,637,9138,14520,36641,29516,1044,3933,48469,35985,0,0,587,406,4080,4629,31387,17252,3279,0,0,25183,11429,104,1224,0,0,0,0,0
821,2546,822.1430441998356,99559,1913,1249,319,118,108237,63456,1.7245352002330276,901,603,9228,14585,36606,29540,1031,3903,48470,35986,0,0,583,403,4048,4623,31476,17361,3260,0,0,25129,11367,103,1206,0,0,0,0,0
822,2546,823.1063273866396,99559,1879,1201,319,118,108444,63576,1.7278196848100122,890,641,9294,14640,36593,29532,1023,3866,48471,35987,0,0,574,397,4025,4617,31548,17457,3252,0,0,25091,11299,102,1197,0,0,0,0,0
823,2546,824.070733273354,99558,1849,1214,320,118,108644,63730,1.731392755981438,869,636,9361,14691,36589,29506,1010,3833,48472,35988,0,0,569,393,4011,4614,31601,17553,3235,0,0,25044,11247,101,1190,0,0,0,0,0
824,2546,825.0357750071609,99556,1802,1167,321,119,108853,63862,1.7348527461930974,871,650,9427,14759,36580,29498,997,3805,48473,35989,0,0,565,387,3987,4613,31654,17674,3217,0,0,25000,11176,100,1183,0,0,0,0,0
825,2546,826.0018707075338,99555,1792,1150,322,119,109072,64015,1.738606800261162,857,623,9482,14814,36557,29513,988,3779,48474,35990,0,0,558,386,3963,4602,31734,17768,3203,0,0,24957,11113,100,1171,0,0,0,0,0
826,2546,827.1621099998986,99554,1706,1137,323,119,109298,64173,1.7424814673443558,865,626,9541,14862,36585,29511,978,3743,48475,35991,0,0,555,380,3938,4594,31792,17906,3181,0,0,24901,11048,99,1160,0,0,0,0,0
827,2546,828.129446893095,99553,1660,1134,323,120,109491,64326,1.7459745060420078,833,595,9613,14920,36595,29512,974,3717,48476,35992,0,0,549,377,3921,4591,31784,18048,3173,0,0,24878,10987,96,1149,0,0,0,0,0
828,2546,829.0976428850072,99552,1630,1114,323,121,109682,64458,1.7492365798778529,807,574,9682,14972,36595,29520,961,3697,48477,35993,0,0,545,374,3906,4572,31850,18152,3167,0,0,24806,10944,95,1141,0,0,0,0,0
829,2546,830.0669288356211,99551,1630,1075,324,121,109893,64575,1.7525489447619813,778,568,9746,15033,36567,29529,953,3672,48478,35994,0,0,541,374,3893,4563,31893,18254,3157,0,0,24774,10875,95,1132,0,0,0,0,0
830,2546,831.0375088305284,99551,1616,1054,324,121,110092,64708,1.7558839187953914,764,558,9796,15093,36554,29528,944,3644,48479,35995,0,0,537,368,3876,4563,31935,18357,3144,0,0,24736,10818,92,1125,0,0,0,0,0
831,2546,832.0091593422206,99551,1619,1052,324,121,110292,64836,1.7591787124187603,739,527,9866,15158,36510,29519,940,3621,48480,35996,0,0,535,366,3854,4555,31970,18449,3125,0,0,24729,10757,91,1120,0,0,0,0,0
832,2546,833.1768886316434,99551,1577,1036,324,121,110523,64983,1.7629757611676427,681,533,9985,15231,36498,29488,933,3589,48481,35997,0,0,528,363,3817,4541,32018,18576,3119,0,0,24694,10690,90,1115,0,0,0,0,0
833,2546,834.151455795622,99551,1513,1024,324,121,110671,65108,1.7657180741529468,704,527,10060,15299,36473,29458,924,3569,48482,35998,0,0,520,361,3799,4540,32042,18684,3111,0,0,24656,10639,88,1111,0,0,0,0,0
834,2546,835.1272228406281,99551,1455,1016,324,121,110824,65249,1.7686713342909663,680,493,10145,15351,36473,29468,921,3549,48483,35999,0,0,518,361,3778,4533,32066,18797,3096,0,0,24628,10582,87,1105,0,0,0,0,0
835,2546,836.1041341896743,99551,1434,996,324,121,111011,65372,1.7717853160691506,653,481,10200,15429,36473,29457,914,3514,48484,36000,0,0,513,359,3763,4528,32090,18902,3086,0,0,24594,10528,86,1102,0,0,0,0,0
836,2546,837.0821576651027,99549,1407,996,325,122,111177,65507,1.7748445489156095,648,450,10271,15478,36438,29453,909,3499,48485,36001,0,0,507,357,3745,4527,32162,18976,3067,0,0,24551,10482,85,1090,0,0,0,0,0
837,2546,838.0618923425831,99549,1389,984,325,122,111338,65621,1.7776070076042954,638,433,10352,15549,36387,29435,907,3475,48486,36002,0,0,500,354,3732,4524,32184,19063,3062,0,0,24530,10431,85,1084,0,0,0,0,0
838,2546,839.043260714566,99549,1368,937,325,122,111509,65720,1.780319239771369,609,440,10419,15612,36376,29426,901,3461,48487,36003,0,0,495,353,3714,4517,32217,19165,3052,0,0,24497,10376,85,1078,0,0,0,0,0
839,2546,840.0258434890297,99548,1337,901,325,123,111646,65818,1.7826977940290112,618,453,10488,15694,36339,29396,891,3431,48488,36004,1,1,488,350,3703,4513,32240,19256,3047,0,0,24461,10330,84,1074,0,1,1,0,0
840,2546,841.0099079216579,99548,1303,871,325,123,111794,65926,1.7852694177683128,619,444,10561,15765,36305,29378,885,3417,48489,36005,2,2,484,350,3688,4509,32264,19352,3035,0,0,24429,10285,83,1067,0,1,1,0,0
841,2546,842.1925074047324,99548,1278,844,325,123,111988,66038,1.7883433117691967,588,450,10655,15844,36276,29340,876,3397,48490,36006,3,3,480,347,3674,4507,32256,19476,3019,0,0,24415,10227,83,1060,0,2,1,0,1
842,2546,843.1797316215802,99548,1285,848,325,123,112144,66150,1.7910354803712782,560,431,10730,15919,36222,29297,876,3380,48491,36007,4,4,479,345,3662,4506,32259,19563,3007,0,0,24391,10193,83,1055,0,2,2,0,1
843,2546,844.1686032050254,99545,1234,832,328,123,112278,66253,1.793470289818675,567,414,10812,15984,36185,29281,872,3364,48492,36008,5,5,474,341,3652,4496,32256,19669,2999,0,0,24367,10152,83,1050,0,3,2,0,1
844,2546,845.1593401707846,99544,1210,820,329,123,112400,66364,1.7958289801494816,565,392,10895,16057,36134,29258,865,3348,48493,36009,6,6,473,338,3641,4489,32286,19749,2989,0,0,24335,10107,82,1048,0,4,2,0,1
845,2546,846.1519536966822,99543,1180,804,329,124,112539,66462,1.7982279015099003,562,392,10983,16120,36082,29235,862,3323,48494,36010,7,7,470,336,3630,4474,32296,19843,2982,0,0,24318,10062,81,1043,0,4,3,0,1
846,2546,847.1462643255868,99543,1134,804,329,124,112673,66577,1.800729333052048,547,372,11062,16183,36069,29211,857,3304,48495,36011,8,8,466,336,3617,4469,32318,19935,2970,0,0,24283,10024,80,1036,0,5,3,0,1
847,2546,848.1421872920668,99543,1149,758,329,124,112830,66665,1.8031905809549642,511,366,11141,16258,36018,29200,850,3292,48496,36012,9,9,464,333,3606,4467,32328,20027,2961,0,0,24256,9977,79,1034,0,7,3,0,1
848,2546,849.1399384203335,99542,1126,752,330,124,112969,66767,1.8056297844126097,498,345,11215,16318,35983,29180,846,3279,48497,36013,10,10,463,329,3590,4466,32350,20103,2949,0,0,24242,9933,79,1026,0,7,3,0,2
849,2546,850.1390389939143,99540,1049,724,330,126,113077,66843,1.807514567008238,506,357,11286,16390,35986,29138,841,3263,48498,36014,11,11,458,329,3578,4461,32358,20195,2939,0,0,24214,9892,79,1023,0,7,4,0,3
850,2546,851.1393083910135,99540,1037,712,330,126,113200,66943,1.8097548724131003,498,321,11387,16475,35916,29116,830,3248,48499,36015,12,12,455,327,3567,4449,32353,20287,2938,0,0,24197,9854,79,1019,0,8,4,0,3
851,2546,852.1419914954458,99539,1016,705,330,127,113335,67023,1.811933011181547,469,323,11481,16530,35873,29074,829,3239,48500,36016,14,14,454,322,3561,4450,32350,20371,2929,0,0,24167,9821,79,1016,0,10,4,0,5
852,2546,853.1463953043841,99538,981,678,330,128,113448,67101,1.8138700797685305,455,340,11580,16603,35826,29027,826,3222,48501,36017,16,16,452,319,3540,4441,32412,20431,2920,0,0,24125,9788,78,1011,0,11,4,0,6
853,2546,854.1528423740145,99538,933,667,330,128,113557,67182,1.8157788985111214,464,331,11674,16678,35775,28983,822,3211,48502,36018,19,18,450,318,3526,4422,32445,20511,2915,0,0,24083,9761,77,1007,0,12,4,0,7
854,2546,855.1617095727676,99537,944,637,331,128,113674,67276,1.8179169555039834,450,319,11784,16758,35667,28956,822,3200,48503,36019,23,21,449,316,3513,4417,32475,20578,2910,0,0,24055,9719,77,1003,0,13,4,0,8
855,2546,856.1735843851305,99537,899,631,331,128,113776,67364,1.819825793423551,445,296,11884,16853,35617,28898,822,3192,48504,36020,28,25,448,316,3502,4404,32481,20666,2904,0,0,24021,9688,77,1002,0,15,4,0,9
856,2546,857.1877889141921,99535,888,614,332,129,113885,67442,1.8217410960968503,434,313,11981,16925,35541,28842,822,3175,48505,36021,34,30,444,314,3496,4401,32493,20727,2894,0,0,24016,9642,77,998,0,17,5,0,11
857,2546,858.0010142769319,99535,889,612,332,129,113987,67504,1.8233887577234138,411,304,12048,16989,35492,28794,826,3170,48506,36022,42,36,442,314,3489,4399,32501,20782,2884,0,0,23992,9622,77,995,0,21,5,0,12
858,2546,859.0193778499888,99535,887,584,332,129,114093,67569,1.8251067463706234,422,314,12137,17058,35393,28750,827,3163,48507,36023,51,43,438,314,3482,4393,32522,20839,2876,0,0,23981,9580,77,990,0,23,5,0,15
859,2546,860.0405861814008,99534,841,555,332,130,114184,67640,1.8267526674302248,429,314,12216,17128,35348,28709,832,3162,48508,36024,63,51,433,312,3474,4388,32512,20926,2870,0,0,23960,9543,76,987,0,28,6,0,19
860,2546,861.0638034475113,99533,812,563,333,130,114291,67728,1.8287301698934022,419,301,12304,17194,35290,28652,840,3158,48509,36025,77,61,432,311,3468,4376,32506,21013,2861,0,0,23931,9515,76,986,1,29,7,0,21
861,2546,862.0890416914901,99533,818,532,333,130,114407,67786,1.8304783338189343,402,316,12391,17263,35205,28599,849,3158,48510,36026,94,73,431,309,3456,4371,32531,21070,2854,0,0,23888,9487,76,984,2,42,8,0,24
862,2546,863.1170096007057,99533,794,535,333,130,114496,67871,1.8322264977444667,379,301,12495,17332,35134,28536,863,3164,48511,36027,115,87,430,306,3449,4362,32526,21155,2850,0,0,23848,9458,76,982,2,49,9,0,31
863,2546,864.1480747156851,99533,776,531,333,130,114586,67952,1.8339445209126621,376,273,12604,17406,35037,28486,872,3172,48512,36028,140,103,428,305,3442,4359,32515,21235,2845,0,0,23811,9429,76,975,3,65,9,0,36
864,2546,865.1822978709233,99533,768,507,333,130,114685,68008,1.8355017933750615,356,284,12694,17490,34961,28397,886,3190,48513,36029,170,122,425,304,3431,4350,32503,21320,2841,0,0,23775,9401,76,973,4,77,11,0,42
865,2546,866.011615637295,99533,739,498,333,130,114745,68059,1.8366170013965217,345,288,12781,17536,34895,28336,905,3210,48514,36030,206,143,423,304,3421,4344,32491,21388,2839,0,0,23751,9368,76,971,4,91,11,0,51
866,2546,867.0507093300363,99532,724,503,334,130,114829,68131,1.838202789052767,351,274,12864,17603,34801,28255,924,3233,48515,36031,248,168,423,303,3411,4335,32477,21468,2832,0,0,23708,9344,75,969,4,109,14,0,60
867,2546,868.0926232480859,99532,708,482,334,130,114928,68197,1.8398605473616525,354,259,12944,17672,34717,28187,941,3268,48516,36032,297,196,420,302,3400,4324,32472,21553,2832,0,0,23664,9305,72,963,6,132,18,0,69
868,2546,869.137627297195,99532,702,488,334,130,115017,68270,1.8414881646103765,350,240,13030,17720,34613,28114,969,3306,48517,36033,354,228,418,300,3394,4324,32437,21641,2828,0,0,23620,9274,72,960,7,158,21,0,78
869,2546,870.1859854501093,99531,687,477,335,130,115112,68337,1.8431342998663733,333,229,13116,17769,34529,28040,998,3353,48518,36034,420,265,417,299,3381,4328,32408,21732,2817,0,0,23572,9230,71,957,10,190,24,0,95
870,2546,871.0269161293062,99531,657,469,335,130,115175,68384,1.844239483176096,315,226,13182,17819,34469,27944,1040,3410,48519,36035,496,307,417,295,3368,4327,32375,21819,2810,0,0,23517,9203,70,957,10,224,30,0,109
871,2546,872.0809479846012,99531,621,456,335,130,115258,68444,1.8456762214787352,314,217,13271,17879,34378,27841,1079,3475,48520,36036,583,354,414,293,3361,4325,32360,21910,2799,0,0,23446,9159,69,953,13,271,31,0,127
872,2546,873.138513838342,99530,612,432,335,131,115346,68490,1.8470410931377474,306,217,13369,17926,34255,27736,1121,3556,48521,36037,682,407,413,292,3346,4316,32337,22003,2797,0,0,23368,9127,69,949,15,317,39,0,142
873,2546,874.2000239078823,99530,602,426,335,131,115427,68546,1.8484175625439565,289,196,13435,17961,34162,27633,1175,3651,48522,36038,794,466,411,291,3341,4310,32294,22104,2792,0,0,23307,9077,69,944,16,364,40,0,170
874,2546,875.051685957472,99530,590,429,335,131,115479,68602,1.849502662513815,287,179,13495,17977,34051,27529,1240,3753,48523,36039,921,532,410,290,3324,4307,32242,22201,2789,0,0,23240,9033,69,941,19,417,52,0,196
875,2546,876.1206348022678,99529,583,404,336,131,115556,68651,1.8507872077484955,279,186,13605,18009,33889,27396,1306,3872,48524,36040,1063,605,409,289,3309,4301,32189,22320,2782,0,0,23136,8999,68,936,21,492,62,0,216
876,2546,877.1946827987695,99529,586,408,336,131,115638,68706,1.8521636909845371,271,181,13681,18036,33746,27231,1378,4011,48525,36041,1222,686,409,287,3293,4296,32108,22442,2776,0,0,23068,8949,68,933,23,563,74,0,240
877,2546,878.0572659145164,99529,567,413,336,131,115693,68753,1.8531885179194003,278,176,13738,18065,33615,27049,1464,4164,48526,36042,1399,775,408,287,3275,4290,32029,22568,2774,0,0,22969,8906,68,929,27,642,86,0,271
878,2546,879.140197205271,99527,537,408,338,131,115766,68805,1.8544816984335908,268,172,13817,18101,33484,26855,1554,4331,48527,36043,1596,873,407,287,3254,4282,31951,22710,2767,0,0,22857,8856,68,927,27,739,95,0,300
879,2546,880.0100428371169,99527,516,377,338,131,115824,68834,1.8553558330905182,250,172,13880,18097,33361,26705,1653,4516,48528,36044,1814,980,403,287,3237,4280,31851,22856,2763,0,0,22754,8796,68,921,32,833,109,0,337
880,2546,881.1024633021382,99527,489,365,338,131,115889,68877,1.856440965768083,248,167,13966,18112,33196,26510,1761,4713,48529,36045,2053,1097,401,286,3221,4278,31720,23029,2762,0,0,22646,8732,67,914,40,931,122,0,378
881,2546,882.2005800014538,99527,469,375,338,131,115952,68937,1.857676811317532,242,154,14009,18093,33059,26302,1881,4943,48530,36046,2315,1224,401,286,3205,4264,31600,23210,2754,0,0,22522,8670,67,909,44,1036,134,0,425
882,2546,883.0828939152908,99527,453,365,338,131,115999,68965,1.858430375676952,242,154,14051,18063,32902,26088,2012,5197,48531,36047,2601,1362,400,285,3179,4258,31464,23378,2753,0,0,22401,8600,67,901,51,1153,156,0,481
883,2546,884.1918919032494,99527,461,357,338,131,116075,69008,1.859626031127232,236,150,14127,18040,32688,25857,2148,5463,48532,36048,2912,1511,400,284,3148,4251,31303,23579,2750,0,0,22274,8522,67,894,56,1282,181,0,536
884,2546,885.0842666694001,99527,451,343,338,131,116123,69037,1.8603996905362363,232,151,14153,18001,32525,25603,2299,5769,48533,36049,3249,1672,400,283,3122,4244,31144,23777,2750,0,0,22110,8453,66,886,61,1435,202,0,594
885,2546,886.2062900603731,99526,440,328,338,132,116189,69077,1.8614834314651447,217,143,14210,17951,32333,25361,2460,6083,48534,36050,3612,1845,399,283,3096,4236,30958,24018,2746,0,0,21960,8358,65,878,68,1563,221,0,677
886,2546,887.1090299524109,99526,421,322,338,132,116235,69117,1.862347527279304,214,139,14256,17890,32132,25082,2637,6433,48535,36051,4002,2030,398,282,3064,4232,30775,24246,2740,0,0,21764,8293,65,871,74,1743,248,0,731
887,2546,888.0174942208447,99526,405,313,338,132,116280,69141,1.8630408134557803,200,140,14295,17805,31935,24802,2825,6806,48536,36052,4419,2228,397,282,3042,4233,30570,24484,2737,0,0,21546,8222,65,864,80,1948,265,0,791
888,2546,889.1613233747375,99526,410,296,338,132,116343,69176,1.8640254807788919,187,138,14361,17743,31678,24484,3024,7205,48537,36053,4863,2439,395,280,3024,4234,30346,24749,2732,0,0,21332,8146,64,853,88,2148,283,0,852
889,2546,890.0832457656184,99525,403,287,338,133,116382,69212,1.8647977895001255,179,125,14386,17648,31463,24179,3229,7626,48538,36054,5334,2663,394,278,2988,4237,30113,25013,2727,0,0,21115,8050,64,842,97,2358,314,0,935
890,2546,891.0119390818081,99525,385,289,338,133,116416,69244,1.8654609394624466,179,116,14396,17517,31243,23866,3457,8077,48539,36055,5832,2900,393,278,2956,4233,29861,25293,2725,0,0,20909,7945,64,833,106,2557,343,0,1029
891,2546,892.1817973764804,99525,383,276,338,133,116468,69283,1.8663752825923134,174,114,14422,17454,30988,23508,3693,8513,48540,36056,6356,3151,392,278,2916,4228,29623,25585,2724,0,0,20646,7842,64,822,114,2793,375,0,1123
892,2546,893.1248456555115,99524,380,261,338,134,116511,69307,1.8670672400626984,163,122,14421,17308,30757,23166,3939,9007,48541,36057,6905,3415,391,278,2879,4223,29375,25868,2722,0,0,20391,7718,64,815,121,3040,406,0,1233
893,2546,894.0752907969709,99524,362,255,338,134,116552,69337,1.8677806358265343,163,118,14438,17156,30506,22807,4191,9528,48542,36058,7478,3693,391,277,2843,4215,29121,26162,2718,0,0,20114,7602,63,803,132,3310,437,0,1336
894,2546,895.0335731621077,99524,344,244,338,134,116581,69364,1.8683433141754753,176,111,14445,17000,30230,22449,4465,10060,48543,36059,8073,3984,390,277,2802,4212,28839,26475,2714,0,0,19838,7486,63,794,140,3581,475,0,1438
895,2546,896.0008507042413,99524,355,240,338,134,116630,69392,1.869116996905269,162,100,14468,16872,29928,22042,4747,10610,48544,36060,8689,4288,390,276,2764,4215,28553,26792,2709,0,0,19551,7363,63,790,144,3848,511,0,1555
896,2546,897.2226392227269,99522,354,234,340,134,116691,69415,1.8699985932758587,145,105,14503,16740,29629,21630,5027,11155,48545,36061,9324,4604,390,275,2725,4210,28259,27130,2704,0,0,19244,7242,63,777,155,4136,545,0,1667
897,2546,898.2093993267878,99522,335,235,340,134,116717,69439,1.8705009947549285,145,100,14486,16579,29365,21212,5327,11738,48546,36062,9976,4933,390,274,2678,4215,27948,27463,2697,0,0,18920,7135,63,762,169,4451,588,0,1769
898,2546,899.2054613706482,99522,328,234,340,134,116761,69466,1.871214404855208,130,89,14459,16390,29091,20823,5650,12328,48547,36063,10642,5274,389,274,2645,4210,27608,27831,2693,0,0,18604,7008,63,755,174,4759,620,0,1889
899,2546,900.2112510348468,99522,305,223,340,134,116776,69486,1.871566085890557,178,112,14535,16483,29009,20755,5631,12291,48547,36063,10642,5274,387,274,2643,4206,27612,27851,2691,0,0,18602,6999,63,754,174,4758,619,0,1889
900,2546,900.2112510348468,99522,301,222,340,134,116786,69489,1.871696710275115,189,112,14429,16229,28773,20371,5966,12930,48548,36064,11321,5626,386,274,2602,4204,27271,28197,2690,1,2,18291,6872,63,745,182,5068,660,0,2014
901,2546,901.2275204786066,99522,296,227,340,134,116831,69520,1.8724603605233014,187,108,14404,16048,28477,19933,6294,13548,48549,36065,12010,5988,386,274,2548,4203,26933,28561,2687,1,11,17978,6744,63,734,193,5363,710,0,2133
902,2546,902.2543870929145,99522,311,227,340,134,116888,69552,1.873354635156046,179,97,14399,15854,28145,19532,6624,14154,48550,36066,12706,6360,385,272,2497,4204,26607,28919,2683,2,19,17639,6603,63,723,202,5681,757,0,2266
903,2546,903.03271937831,99522,313,225,340,134,116923,69574,1.8739273728421857,182,95,14354,15648,27819,19120,6990,14776,48551,36067,13407,6742,384,269,2451,4204,26253,29290,2681,3,25,17323,6478,63,712,213,5986,802,2,2383
904,2546,904.0834790068202,99521,313,214,341,134,116973,69599,1.8746998120999587,185,95,14331,15435,27495,18731,7333,15389,48552,36068,14110,7132,384,269,2403,4204,25912,29659,2675,3,37,16989,6339,63,701,223,6303,845,6,2506
905,2546,905.1464854362154,99521,315,201,341,134,117022,69616,1.8753629887159493,185,99,14306,15223,27172,18336,7679,16005,48553,36069,14813,7529,383,267,2353,4207,25547,30051,2671,4,40,16645,6223,63,690,233,6626,893,9,2616
906,2546,906.2223365074818,99521,306,198,341,134,117065,69639,1.8760261653319399,196,100,14257,15064,26858,17896,8040,16606,48554,36070,15514,7933,383,267,2308,4198,25161,30475,2669,4,44,16347,6089,63,672,250,6901,935,11,2744
907,2546,907.0377312472037,99521,296,201,341,134,117093,69661,1.8765285718592055,202,98,14201,14815,26548,17526,8410,17224,48555,36071,16210,8343,383,267,2267,4196,24804,30855,2664,4,47,15999,5965,63,661,260,7234,976,13,2863
908,2546,908.1389068358736,99521,311,196,341,134,117152,69682,1.8773324223028305,192,98,14169,14659,26199,17112,8786,17799,48556,36072,16899,8757,383,267,2221,4190,24443,31240,2661,4,53,15687,5833,63,646,274,7532,1022,16,2986
909,2546,909.2544666782105,99521,310,195,341,134,117202,69709,1.8781061283548195,186,97,14157,14498,25841,16717,9163,18357,48557,36073,17579,9175,382,267,2177,4179,24073,31639,2660,4,59,15337,5719,63,631,289,7867,1064,21,3090
910,2546,910.1017297743509,99521,302,196,341,134,117234,69730,1.878638679273721,182,95,14119,14313,25516,16337,9538,18923,48558,36074,18248,9596,382,267,2140,4174,23703,32031,2656,4,66,15023,5579,63,620,300,8170,1099,21,3223
911,2546,911.2474008069174,99520,311,196,342,134,117283,69761,1.8794614147909967,180,87,14076,14170,25178,15942,9911,19469,48559,36075,18905,10018,382,266,2103,4172,23304,32449,2654,4,69,14717,5468,63,609,310,8463,1135,29,3323
912,2546,912.1170886318324,99520,303,193,342,134,117312,69782,1.8799638263665595,188,84,14029,13986,24846,15597,10290,20004,48560,36076,19548,10441,382,265,2055,4167,22982,32802,2651,4,73,14433,5332,63,596,321,8730,1180,31,3453
913,2546,913.2935442608797,99520,305,185,342,134,117363,69804,1.880697347266881,191,97,13995,13851,24507,15216,10658,20515,48561,36077,20176,10864,380,264,2014,4167,22629,33183,2646,6,74,14144,5206,63,587,328,9002,1218,35,3574
914,2546,914.1869116067982,99520,313,189,342,134,117406,69829,1.8813806270096463,184,86,13931,13704,24207,14865,11021,21020,48562,36078,20787,11286,379,264,1979,4166,22292,33538,2642,7,77,13843,5100,63,573,342,9294,1249,38,3674
915,2546,915.0915439167843,99520,308,177,342,134,117440,69841,1.881842845659164,199,91,13853,13564,23891,14518,11405,21514,48563,36079,21381,11706,377,264,1941,4162,21958,33901,2635,9,77,13533,5006,63,555,360,9591,1282,44,3762
916,2546,916.0078253108,99520,313,178,342,134,117486,69860,1.8824959807073955,180,91,13783,13403,23600,14216,11780,21976,48564,36080,21957,12123,377,264,1899,4156,21631,34253,2633,9,75,13242,4909,63,542,373,9869,1320,48,3857
917,2546,917.2467656858331,99518,327,169,343,135,117545,69887,1.88339797825519,167,96,13772,13294,23267,13902,12122,22402,48565,36081,22514,12536,375,263,1864,4149,21325,34595,2632,10,80,12944,4794,63,527,384,10145,1354,54,3960
918,2546,918.1879929790714,99517,317,161,343,136,117579,69901,1.8838992332968236,166,108,13718,13155,22959,13614,12495,22824,48566,36082,23053,12945,375,263,1832,4148,21009,34931,2628,10,85,12653,4692,63,519,392,10423,1384,58,4052
919,2546,919.1419880428572,99517,320,165,343,136,117621,69926,1.8845724851030476,156,104,13676,13021,22652,13340,12851,23232,48567,36083,23572,13349,375,263,1801,4146,20694,35266,2624,10,86,12396,4592,63,513,398,10668,1413,62,4147
920,2546,920.1088319910097,99517,312,166,343,136,117654,69951,1.8851553000994805,161,103,13637,12905,22354,13067,13191,23621,48568,36084,24072,13747,374,262,1767,4143,20419,35565,2621,11,90,12152,4473,63,505,406,10896,1446,64,4260
921,2546,921.0888102959883,99517,312,161,343,136,117689,69978,1.8857783092335982,176,87,13587,12788,22047,12824,13533,24002,48569,36085,24553,14139,374,262,1727,4140,20161,35857,2619,11,96,11897,4358,63,492,418,11127,1482,67,4366
922,2546,922.0822914687315,99517,307,163,343,136,117729,69995,1.88635107569561,189,83,13565,12715,21737,12551,13857,24350,48570,36086,25014,14524,372,262,1698,4135,19862,36173,2618,12,91,11678,4265,63,483,426,11338,1509,78,4454
923,2546,923.0893100698243,99517,295,166,343,136,117771,70018,1.8870042304329913,186,87,13494,12610,21491,12303,14189,24696,48571,36087,25456,14901,371,261,1678,4134,19568,36491,2614,13,96,11463,4172,63,471,437,11539,1526,81,4539
924,2546,924.1088705125579,99517,311,164,343,136,117815,70041,1.8876774822392155,182,100,13465,12528,21205,12080,14492,24990,48572,36088,25880,15271,370,261,1652,4132,19273,36807,2611,14,99,11251,4079,63,467,440,11740,1548,82,4628
925,2546,925.1413500833147,99517,321,160,343,136,117864,70068,1.8884411708552307,176,89,13419,12471,20962,11864,14777,25278,48573,36089,26285,15632,370,261,1617,4127,19010,37100,2608,14,106,11047,4002,63,461,446,11926,1579,83,4697
926,2546,926.1863299697387,99517,304,166,343,136,117904,70098,1.8891445682647185,182,88,13385,12410,20711,11656,15073,25542,48574,36090,26672,15985,369,261,1588,4131,18775,37359,2599,15,111,10843,3916,63,452,453,12117,1604,86,4775
927,2546,927.2440059312397,99517,309,174,343,136,117952,70129,1.8899384024839978,176,72,13361,12371,20473,11452,15336,25793,48575,36091,27042,16329,368,261,1562,4124,18539,37619,2597,16,109,10652,3858,63,439,466,12294,1629,95,4826
928,2546,928.314290320321,99517,302,167,343,136,118000,70151,1.8906417998934855,173,82,13348,12322,20230,11271,15602,26020,48576,36092,27395,16664,368,259,1529,4124,18291,37895,2591,16,114,10471,3790,62,431,473,12463,1657,101,4882
929,2546,929.0350176950419,99517,290,166,343,136,118025,70167,1.891053789804757,165,83,13304,12274,20004,11088,15892,26251,48577,36093,27731,16990,368,258,1503,4120,18060,38147,2590,16,120,10288,3723,62,426,478,12633,1681,103,4941
930,2546,930.1307088923542,99516,291,162,344,136,118072,70189,1.8917661481570802,148,89,13310,12247,19777,10919,16128,26445,48578,36094,28051,17307,367,258,1483,4113,17850,38387,2589,17,121,10105,3661,62,415,487,12801,1695,109,4996
931,2546,931.2393241216978,99515,296,166,344,137,118122,70219,1.8925890569260915,129,83,13321,12235,19539,10753,16369,26624,48579,36095,28356,17615,366,257,1461,4118,17669,38593,2582,18,120,9929,3596,62,410,491,12957,1715,114,5057
932,2546,932.3613464263559,99515,282,161,344,137,118155,70245,1.8931819323720043,132,91,13341,12213,19328,10587,16571,26809,48580,36096,28646,17914,365,256,1436,4109,17471,38821,2581,19,124,9749,3537,62,407,494,13122,1736,124,5102
933,2546,933.1163588859041,99515,279,158,344,137,118182,70263,1.8936341255087172,123,99,13288,12187,19145,10453,16819,26964,48581,36097,28922,18204,364,256,1415,4107,17272,39039,2578,20,121,9604,3481,62,402,499,13253,1757,134,5151
934,2546,934.2624467965459,99515,275,161,344,137,118223,70289,1.8943073908456012,128,97,13274,12208,18950,10299,17027,27096,48582,36098,29184,18485,364,255,1395,4106,17089,39245,2572,20,125,9474,3428,62,396,503,13372,1775,138,5196
935,2546,935.0332207663428,99515,268,155,344,137,118249,70302,1.894699291564086,133,103,13259,12200,18749,10160,17245,27243,48583,36099,29433,18756,363,255,1368,4096,16931,39425,2572,21,125,9333,3370,62,392,507,13504,1799,144,5248
936,2546,936.2031951562884,99515,275,161,344,137,118290,70334,1.895432849319198,143,88,13274,12217,18542,10029,17420,27366,48584,36100,29670,19018,362,255,1352,4097,16756,39625,2566,22,126,9191,3331,62,386,512,13632,1811,149,5280
937,2546,937.3863312265382,99515,266,161,344,137,118328,70360,1.8960759684469677,141,89,13321,12257,18343,9885,17583,27469,48585,36101,29895,19272,362,255,1335,4093,16590,39816,2564,22,133,9057,3278,60,383,515,13751,1826,153,5322
938,2546,938.1821250700868,99515,257,157,344,137,118354,70379,1.8965281615836809,137,90,13309,12238,18178,9778,17773,27598,48586,36102,30109,19517,362,255,1313,4091,16426,40001,2559,22,140,8941,3241,60,380,517,13855,1847,159,5346
939,2546,939.3893488317353,99515,251,161,344,137,118388,70408,1.8971612319750792,149,88,13342,12289,17987,9673,17925,27650,48587,36103,30312,19753,362,255,1296,4085,16273,40181,2555,22,143,8837,3202,60,377,520,13944,1862,168,5373
940,2546,940.2012709843754,99515,254,164,344,137,118423,70427,1.8977038637391348,149,85,13326,12287,17828,9571,18097,27754,48588,36104,30505,19981,361,255,1282,4081,16147,40321,2552,23,142,8728,3166,60,374,523,14046,1876,174,5404
941,2546,941.0147565463571,99515,257,166,344,137,118456,70447,1.8982364467668191,145,87,13316,12298,17678,9456,18258,27854,48589,36105,30688,20201,359,254,1267,4078,16030,40455,2549,24,144,8595,3131,60,373,524,14169,1891,177,5435
942,2546,942.2247195088441,99515,247,164,344,137,118495,70476,1.8989197608400743,147,86,13367,12362,17513,9367,18380,27882,48590,36106,30862,20413,359,254,1250,4075,15895,40617,2546,24,151,8502,3091,59,371,525,14243,1908,181,5464
943,2546,943.0268578249386,99515,246,163,344,137,118519,70489,1.8992915640858161,143,81,13371,12383,17374,9284,18520,27950,48591,36107,31027,20617,358,253,1237,4076,15755,40769,2542,25,150,8410,3060,59,366,530,14328,1920,188,5489
944,2546,944.2193625818226,99515,251,149,344,137,118565,70510,1.8999648294227,133,87,13436,12432,17208,9212,18626,27981,48592,36108,31184,20813,358,251,1221,4078,15638,40912,2538,25,156,8310,3025,59,359,536,14409,1934,195,5511
945,2546,945.0104856533545,99515,239,140,344,137,118595,70530,1.9004672662412703,129,85,13458,12421,17071,9155,18757,28060,48593,36109,31333,21002,357,251,1204,4071,15519,41062,2535,26,159,8228,2993,59,356,537,14474,1949,200,5535
946,2546,946.1882021950188,99515,240,142,344,137,118634,70551,1.9010701904235543,121,82,13523,12514,16917,9057,18853,28066,48594,36110,31474,21184,357,251,1190,4067,15410,41191,2533,26,160,8150,2960,59,354,538,14540,1962,207,5560
947,2546,947.3595426644748,99515,236,148,344,137,118664,70576,1.9016228709239813,121,85,13578,12590,16762,8963,18957,28075,48595,36111,31608,21359,357,251,1176,4063,15314,41311,2531,26,162,8070,2929,59,350,540,14606,1974,214,5582
948,2546,948.1368954010707,99515,234,140,344,137,118687,70589,1.9019846254333517,128,86,13602,12625,16628,8902,19062,28108,48596,36112,31735,21527,357,251,1161,4061,15221,41423,2528,26,165,7997,2900,59,346,544,14666,1988,216,5606
949,2546,949.2951075213674,99515,237,140,344,137,118728,70616,1.902667939506607,112,81,13661,12697,16502,8836,19142,28107,48597,36113,31856,21689,357,250,1151,4059,15129,41541,2525,25,166,7922,2877,58,344,546,14725,1996,218,5626
950,2546,950.0646104683615,99515,232,139,344,137,118744,70630,1.9029694015977492,128,79,13668,12741,16374,8762,19252,28140,48598,36114,31971,21844,356,250,1139,4057,15040,41645,2524,26,164,7861,2856,58,337,551,14778,2006,224,5643
951,2546,951.2113252334824,99515,238,141,344,137,118780,70656,1.903592423252776,125,71,13737,12843,16238,8689,19316,28117,48599,36115,32080,21993,353,250,1129,4060,14946,41752,2520,28,166,7798,2829,58,335,552,14831,2015,230,5663
952,2546,952.3539994667018,99515,230,140,344,137,118810,70681,1.9041451037532031,124,63,13805,12946,16127,8627,19368,28085,48600,36116,32184,22137,353,250,1120,4060,14849,41867,2516,28,168,7729,2811,58,333,554,14887,2023,238,5671
953,2546,953.1142529953104,99515,221,140,344,137,118835,70697,1.9045571019444305,121,59,13824,12996,16039,8567,19449,28099,48601,36117,32282,22275,351,249,1112,4056,14756,41977,2515,29,170,7679,2787,58,333,553,14929,2029,245,5687
954,2546,954.2494078390122,99514,209,140,345,137,118866,70719,1.9051088289084952,110,54,13890,13078,15939,8499,19505,28090,48602,36118,32376,22407,351,249,1104,4055,14670,42086,2508,29,170,7616,2765,58,332,553,14980,2034,252,5702
955,2546,955.0043947486555,99514,214,138,345,137,118889,70730,1.905450489378379,110,59,13910,13102,15837,8462,19582,28100,48603,36119,32465,22534,351,249,1093,4055,14581,42181,2506,29,171,7581,2742,58,330,555,15014,2044,255,5719
956,2546,956.1320056809109,99514,207,136,345,137,118923,70745,1.9059428824085054,105,66,13991,13191,15739,8410,19611,28058,48604,36120,32550,22656,351,249,1084,4049,14514,42269,2506,29,175,7531,2719,58,328,557,15053,2049,261,5732
957,2546,957.2577337626411,99514,205,133,345,137,118949,70763,1.9063850312518842,98,69,14063,13285,15633,8352,19654,28022,48605,36121,32630,22773,351,249,1079,4049,14444,42354,2503,29,175,7482,2700,58,327,556,15095,2051,273,5739
958,2546,958.0068238359793,99514,198,127,345,137,118963,70775,1.9066463010229717,104,71,14115,13340,15528,8317,19708,28006,48606,36122,32707,22886,351,249,1074,4051,14389,42419,2501,29,178,7423,2687,58,323,560,15144,2056,282,5740
959,2546,959.1271106112744,99514,189,125,345,137,118987,70797,1.9071085475410494,108,65,14203,13428,15425,8276,19728,27967,48607,36123,32780,22994,351,248,1066,4047,14333,42500,2501,29,186,7377,2668,58,321,562,15175,2061,284,5747
960,2546,960.2461827234165,99514,181,119,345,137,119018,70815,1.907600940571176,103,61,14284,13539,15330,8223,19755,27919,48608,36124,32849,23098,350,248,1061,4048,14279,42580,2496,30,188,7321,2653,58,320,562,15214,2062,289,5755
961,2546,961.3638268502307,99514,180,117,345,137,119045,70834,1.9080631870892537,104,61,14366,13633,15235,8180,19768,27870,48609,36125,32915,23198,349,247,1053,4046,14233,42643,2494,30,188,7275,2644,58,320,562,15252,2066,297,5757
962,2546,962.1085122444207,99514,175,120,345,137,119061,70849,1.9083747010470888,105,63,14392,13694,15160,8132,19821,27852,48610,36126,32978,23294,348,246,1042,4042,14179,42715,2494,31,189,7242,2629,58,319,563,15275,2074,300,5768
963,2546,963.2225717492971,99514,169,110,345,137,119084,70863,1.9087465080290211,112,66,14478,13791,15065,8099,19829,27795,48611,36127,33038,23386,347,246,1036,4038,14122,42792,2492,32,191,7205,2613,58,319,563,15300,2078,307,5775
964,2546,964.3360172129242,99514,166,111,345,137,119118,70881,1.909269047571196,106,59,14538,13896,14996,8055,19847,27740,48612,36128,33095,23475,346,246,1030,4033,14079,42853,2487,33,193,7176,2597,58,319,563,15322,2083,311,5785
965,2546,965.0778338766353,99514,167,112,345,137,119146,70890,1.9096408545531283,95,62,14569,13938,14938,8021,19884,27728,48613,36129,33149,23560,346,245,1028,4029,14025,42918,2487,33,194,7154,2586,58,318,564,15339,2084,318,5788
966,2546,966.1883340274568,99514,159,113,345,137,119174,70909,1.9101131499085555,83,52,14682,14049,14850,7986,19879,27661,48614,36130,33201,23642,344,245,1023,4025,13979,42983,2483,35,194,7122,2575,58,316,566,15361,2088,324,5793
967,2546,967.2989846907153,99514,162,116,345,137,119200,70930,1.910585445263983,78,46,14774,14157,14753,7946,19886,27596,48615,36131,33250,23721,343,245,1018,4020,13942,43036,2481,36,195,7080,2569,57,316,565,15397,2092,327,5795
968,2546,968.039284378425,99514,160,109,345,137,119213,70937,1.9107864220109734,85,51,14821,14213,14686,7915,19901,27573,48616,36132,33297,23796,343,245,1014,4020,13902,43086,2478,36,195,7049,2561,57,311,570,15421,2096,330,5800
969,2546,969.1489468786592,99514,148,104,345,137,119228,70949,1.9110577406194103,82,53,14912,14323,14612,7869,19899,27512,48617,36133,33342,23869,342,245,1007,4018,13870,43137,2476,37,196,7024,2551,57,310,571,15435,2099,333,5806
970,2546,970.2590744828528,99514,136,110,345,137,119244,70973,1.911459694113391,83,47,15006,14411,14535,7839,19893,27454,48618,36134,33385,23939,342,245,1003,4020,13823,43197,2472,37,198,6999,2539,57,310,570,15452,2101,335,5814
971,2546,971.3694623926043,99514,137,107,345,137,119265,70992,1.9118616476073718,84,43,15075,14518,14468,7813,19889,27380,48619,36135,33426,24006,342,245,996,4015,13791,43247,2471,37,199,6974,2528,57,309,570,15469,2106,342,5816
972,2546,972.1098024747306,99514,135,102,345,137,119280,71000,1.9120927708664108,86,41,15131,14561,14405,7789,19896,27368,48620,36136,33465,24070,341,245,994,4014,13758,43290,2470,37,198,6940,2522,57,306,572,15496,2108,346,5820
973,2546,973.2198677670817,99514,139,103,345,137,119307,71012,1.912484675523042,76,41,15221,14674,14330,7755,19887,27288,48621,36137,33502,24132,341,244,992,4011,13718,43344,2469,37,199,6919,2513,57,305,573,15508,2110,349,5825
974,2546,974.33053638014,99514,147,90,345,137,119328,71023,1.9128062383182265,69,40,15293,14791,14271,7732,19873,27208,48622,36138,33538,24192,341,244,988,4011,13680,43395,2468,37,200,6896,2506,57,305,572,15524,2110,357,5823
975,2546,975.071410974483,99514,147,89,345,137,119340,71031,1.9130072150652169,73,44,15354,14872,14208,7694,19871,27162,48623,36139,33572,24249,341,244,985,4010,13648,43438,2465,37,200,6877,2495,56,305,571,15539,2112,361,5830
976,2546,976.182789149103,99514,141,79,345,137,119356,71037,1.9132282894869064,74,45,15446,14992,14148,7664,19844,27081,48624,36140,33605,24304,341,244,983,4008,13619,43482,2464,37,203,6862,2483,56,302,573,15546,2111,365,5835
977,2546,977.2959126111709,99514,142,79,345,137,119381,71049,1.9136000964688387,66,48,15544,15082,14073,7644,19828,27008,48625,36141,33636,24357,341,244,979,4010,13601,43514,2459,37,203,6833,2474,56,301,574,15565,2114,370,5839
978,2546,978.0383693625215,99514,139,86,345,137,119389,71062,1.9138111220531784,70,43,15601,15136,14026,7621,19817,26975,48626,36142,33666,24408,341,244,978,4010,13568,43551,2458,37,203,6820,2465,55,301,574,15577,2114,372,5846
979,2546,979.1527593336037,99514,152,83,345,137,119422,71072,1.9142432220592078,51,47,15706,15249,13957,7592,19787,26890,48627,36143,33694,24457,341,243,973,4006,13546,43586,2457,37,203,6803,2461,55,300,575,15588,2118,377,5845
980,2546,980.2690647805075,99514,147,77,345,137,119439,71082,1.9145145406676447,55,53,15799,15349,13892,7570,19760,26812,48628,36144,33721,24504,341,243,971,4003,13520,43623,2455,37,204,6785,2455,55,298,576,15602,2119,384,5843
981,2546,981.014105995754,99514,138,77,345,137,119446,71096,1.9147255662519846,64,46,15860,15402,13847,7557,19744,26779,48629,36145,33747,24549,341,243,968,4003,13497,43656,2453,37,205,6766,2448,55,298,576,15615,2120,388,5845
982,2546,982.1326408908301,99514,132,73,345,137,119460,71108,1.9149868360230722,61,39,15961,15493,13777,7542,19722,26714,48630,36146,33772,24593,340,243,967,4004,13472,43696,2451,37,205,6749,2445,55,296,577,15620,2120,390,5847
983,2546,983.2527339348941,99514,130,76,345,137,119474,71124,1.9152883011435577,69,29,16058,15621,13714,7511,19682,26624,48631,36147,33796,24635,338,243,967,4001,13455,43730,2449,38,205,6737,2438,55,296,577,15620,2120,392,5853
984,2546,984.0005894374764,99514,122,75,345,137,119486,71129,1.9154591313784994,70,31,16119,15698,13677,7487,19665,26570,48632,36148,33819,24676,336,243,962,4000,13436,43754,2448,39,205,6718,2433,55,295,578,15636,2125,394,5857
985,2546,985.123834642298,99514,122,73,345,137,119505,71141,1.9157706453363346,78,29,16199,15785,13622,7460,19632,26514,48633,36149,33841,24715,335,243,961,3998,13419,43786,2446,40,206,6703,2427,55,293,579,15643,2124,396,5860
986,2546,986.2490897543439,99514,124,73,345,137,119528,71152,1.9161123058062182,77,28,16292,15885,13562,7438,19598,26437,48634,36150,33862,24753,335,243,958,3994,13401,43815,2445,40,208,6689,2423,55,293,578,15652,2127,401,5857
987,2546,987.0001637075579,99514,121,68,345,137,119544,71156,1.9163132825532085,69,30,16356,15958,13525,7421,19582,26384,48635,36151,33882,24789,334,242,955,3996,13383,43842,2441,41,207,6672,2419,55,293,578,15665,2128,404,5859
988,2546,988.1283689047598,99514,120,66,345,137,119565,71163,1.9165946499989952,68,33,16456,16071,13466,7401,19543,26290,48636,36152,33901,24824,333,242,952,3995,13368,43867,2439,42,208,6657,2413,55,293,577,15674,2131,407,5861
989,2546,989.2587200401019,99514,125,67,345,137,119584,71174,1.9168961151194808,65,32,16571,16193,13396,7367,19496,26202,48637,36153,33920,24858,333,240,952,3995,13348,43893,2437,42,210,6649,2408,55,293,577,15681,2130,410,5861
990,2546,990.0138089577948,99514,128,64,345,137,119595,71178,1.9170468476797236,58,33,16635,16279,13351,7343,19481,26142,48638,36154,33938,24890,333,240,951,3993,13333,43917,2437,42,209,6633,2404,55,292,577,15691,2131,412,5864
991,2546,991.1479012773964,99514,129,58,345,137,119614,71185,1.9173081174508109,60,34,16725,16404,13296,7327,19443,26038,48639,36155,33955,24921,332,239,951,3991,13320,43942,2435,43,212,6622,2399,55,292,577,15696,2130,413,5865
992,2546,992.2840628251088,99514,121,59,345,137,119634,71194,1.917599533733947,60,34,16835,16507,13236,7310,19401,25951,48640,36156,33971,24951,332,239,949,3991,13302,43971,2431,43,213,6612,2397,55,292,576,15702,2130,416,5863
993,2546,993.0428483087686,99514,117,57,345,137,119646,71197,1.9177502662941897,59,41,16902,16561,13198,7294,19377,25908,48641,36157,33987,24980,332,239,949,3989,13285,43996,2431,43,214,6600,2394,55,292,576,15708,2130,417,5864
994,2546,994.1828102870365,99514,118,63,345,137,119670,71209,1.9181120244387724,53,40,16999,16705,13146,7247,19337,25806,48642,36158,34002,25008,332,239,948,3987,13267,44023,2428,43,215,6589,2393,55,291,577,15715,2131,419,5862
995,2546,995.325305122208,99514,115,59,345,137,119683,71214,1.9182929035110639,59,46,17106,16821,13089,7214,19284,25721,48643,36159,34017,25035,332,239,948,3984,13249,44048,2425,43,216,6581,2389,55,290,578,15722,2131,423,5861
996,2546,996.0885858316026,99514,111,63,345,137,119690,71222,1.9184436360713066,58,41,17166,16882,13053,7200,19265,25675,48644,36160,34031,25061,331,239,945,3986,13236,44066,2421,43,216,6572,2387,55,289,579,15730,2133,423,5863
997,2546,997.2351555265659,99514,115,63,345,137,119709,71231,1.918725003517093,53,40,17267,17005,13002,7167,19216,25586,48645,36161,34044,25086,331,239,942,3982,13226,44085,2420,43,216,6564,2384,55,287,581,15735,2135,425,5864
998,2546,998.0011890488285,99514,109,68,345,137,119721,71242,1.918956126776132,54,35,17337,17080,12975,7147,19178,25531,48646,36162,34057,25110,330,238,942,3979,13221,44103,2419,44,218,6556,2379,55,285,582,15738,2133,425,5867
999,2546,999.1528014594599,99514,106,72,345,137,119740,71258,1.919307836083365,54,30,17450,17183,12925,7129,19118,25447,48647,36163,34069,25134,329,238,937,3976,13200,44137,2418,44,219,6551,2377,55,285,582,15737,2135,430,5864
1000,2546,1000.3083639869141,99514,105,73,345,137,119749,71268,1.9194987639930061,58,28,17555,17306,12868,7112,19067,25342,48648,36164,34081,25157,329,238,933,3976,13189,44154,2417,44,219,6539,2377,55,285,582,15747,2136,433,5861
1001,2546,1001.0805610222583,99514,105,73,345,137,119761,71273,1.9196695942279478,58,30,17635,17366,12832,7094,19023,25298,48649,36165,34093,25179,329,238,933,3975,13183,44166,2415,44,220,6526,2374,55,285,582,15758,2135,435,5861
1002,2546,1002.2415085280421,99514,99,73,345,137,119772,71285,1.9199007174869867,63,31,17730,17476,12789,7068,18972,25213,48650,36166,34104,25200,329,238,931,3975,13174,44185,2413,44,220,6514,2372,55,285,582,15764,2136,436,5861
1003,2546,1003.0174580421126,99514,98,70,345,137,119781,71290,1.92004140120988,66,34,17808,17539,12746,7052,18935,25166,48651,36167,34115,25221,328,238,931,3972,13165,44202,2413,44,219,6507,2371,55,283,584,15766,2136,441,5859
1004,2546,1004.1840818851621,99514,106,66,345,137,119800,71300,1.920332817493016,58,34,17914,17656,12700,7038,18875,25067,48652,36168,34125,25241,328,238,930,3972,13158,44219,2411,44,222,6500,2365,55,283,584,15765,2137,445,5858
1005,2546,1005.3542671247544,99514,102,62,345,137,119811,71308,1.920523745402657,60,40,18000,17770,12664,7021,18827,24968,48653,36169,34135,25260,327,238,927,3972,13149,44236,2408,45,225,6490,2361,55,282,585,15770,2140,445,5859
1006,2546,1006.1361776159775,99514,114,64,345,137,119828,71315,1.9207649174990453,55,39,18050,17840,12625,7001,18809,24917,48654,36170,34145,25279,327,238,927,3972,13137,44251,2406,45,225,6483,2361,55,281,585,15777,2140,445,5859
1007,2546,1007.310731248664,99514,105,66,345,137,119842,71327,1.9210261872701329,54,39,18179,17948,12574,6981,18741,24827,48655,36171,34154,25297,326,238,925,3970,13127,44274,2405,45,226,6474,2358,55,280,585,15778,2141,446,5861
1008,2546,1008.0960658222067,99514,106,71,345,137,119853,71337,1.9212372128544728,52,37,18250,18036,12542,6961,18703,24756,48656,36172,34163,25314,326,238,925,3966,13117,44289,2404,45,227,6467,2354,55,280,585,15785,2141,447,5863
1009,2546,1009.2770869487024,99514,109,65,345,137,119873,71347,1.9215386779749584,42,34,18368,18157,12494,6949,18640,24656,48657,36173,34172,25331,326,238,924,3968,13106,44312,2399,45,228,6457,2351,55,279,585,15788,2141,451,5861
1010,2546,1010.0668131714023,99514,112,62,345,137,119882,71352,1.9216793616978516,40,39,18421,18207,12466,6941,18614,24612,48658,36174,34180,25347,325,238,923,3968,13097,44327,2397,45,229,6453,2350,55,279,585,15791,2140,450,5862
1011,2546,1011.2535709026015,99514,106,67,345,137,119893,71367,1.9219406314689391,44,36,18540,18337,12417,6923,18546,24498,48659,36175,34188,25363,325,238,923,3968,13088,44343,2395,45,230,6447,2347,55,277,587,15793,2139,453,5861
1012,2546,1012.0470334574367,99514,104,63,345,137,119901,71373,1.9220813151918323,48,40,18605,18398,12385,6915,18511,24445,48660,36176,34196,25378,325,237,923,3968,13080,44357,2394,45,233,6438,2341,55,277,587,15798,2139,455,5862
1013,2546,1013.2339578622682,99514,102,62,345,137,119917,71382,1.9223325361255703,48,40,18699,18503,12347,6887,18457,24369,48661,36177,34203,25393,325,236,921,3968,13076,44372,2391,45,236,6430,2337,55,276,587,15801,2140,455,5863
1014,2546,1014.0218933122624,99514,100,57,345,137,119925,71385,1.922443073336415,52,41,18755,18581,12323,6876,18423,24306,48662,36178,34210,25407,325,236,919,3967,13069,44389,2389,45,236,6425,2337,55,276,587,15800,2141,456,5862
1015,2546,1015.1988651236455,99514,105,61,345,137,119945,71396,1.92275458729425,43,39,18879,18688,12277,6856,18349,24217,48663,36179,34217,25421,325,236,918,3963,13069,44403,2387,45,236,6418,2334,55,276,587,15800,2141,457,5864
1016,2546,1016.3686386626055,99514,99,62,345,137,119958,71407,1.9229957593906386,49,42,18985,18811,12226,6820,18294,24126,48664,36180,34224,25434,325,236,915,3963,13065,44418,2383,45,238,6415,2332,55,275,586,15800,2142,460,5861
1017,2546,1017.1447291499844,99514,104,64,345,137,119970,71416,1.9232067849749783,50,42,19054,18879,12197,6804,18248,24072,48665,36181,34231,25447,325,236,915,3963,13054,44433,2382,45,239,6410,2329,55,275,586,15802,2142,462,5861
1018,2546,1018.3038672196883,99514,112,66,345,137,119985,71431,1.923508250095464,55,44,19121,18989,12164,6778,18201,23984,48666,36182,34237,25460,325,235,913,3963,13048,44446,2381,45,241,6405,2327,55,274,587,15803,2143,462,5861
1019,2546,1019.0741953209209,99514,111,67,345,137,119997,71443,1.9237494221918523,50,42,19188,19069,12135,6760,18169,23923,48667,36183,34243,25472,325,235,913,3963,13041,44463,2379,45,242,6399,2325,55,274,586,15804,2141,463,5861
1020,2546,1020.2248177532872,99514,107,63,345,137,120012,71451,1.9239805454508914,48,43,19297,19175,12089,6747,18112,23833,48668,36184,34249,25484,324,235,912,3959,13041,44474,2377,46,245,6391,2322,55,272,587,15809,2141,464,5860
1021,2546,1021.3691379861663,99514,101,67,345,137,120026,71465,1.9242619128966778,53,33,19396,19287,12058,6723,18045,23751,48669,36185,34255,25495,323,235,912,3957,13039,44488,2377,47,245,6379,2320,54,273,587,15811,2141,466,5860
1022,2546,1022.1285003900615,99514,105,67,345,137,120038,71470,1.9244327431316197,47,36,19459,19351,12033,6713,18009,23694,48670,36186,34261,25506,323,235,910,3954,13036,44498,2377,47,245,6378,2318,54,273,586,15810,2142,467,5861
1023,2546,1023.2633051480138,99514,92,73,345,137,120047,71481,1.92463371987861,55,31,19560,19451,12001,6691,17945,23615,48671,36187,34266,25517,323,234,909,3954,13033,44512,2374,47,245,6373,2315,54,273,585,15811,2141,468,5863
1024,2546,1024.0165910073633,99514,91,68,345,137,120056,71486,1.9247744036015033,56,33,19615,19524,11977,6682,17914,23554,48672,36188,34271,25527,323,234,908,3953,13029,44523,2372,47,247,6369,2312,54,272,586,15812,2142,468,5863
1025,2546,1025.1425605089842,99514,96,69,345,137,120073,71496,1.9250457222099404,56,31,19712,19629,11935,6668,17854,23464,48673,36189,34276,25537,323,234,908,3952,13021,44539,2372,47,247,6363,2312,54,271,587,15814,2139,468,5863
1026,2546,1026.2630789943794,99514,93,62,345,137,120087,71502,1.9252466989569308,53,34,19808,19720,11903,6664,17796,23381,48674,36190,34281,25547,323,233,906,3953,13018,44553,2371,46,249,6355,2309,54,270,587,15815,2139,471,5862
1027,2546,1027.0068432462067,99514,86,59,345,137,120094,71506,1.9253572361677753,54,37,19870,19786,11878,6649,17765,23330,48675,36191,34286,25557,322,233,905,3952,13011,44567,2371,46,250,6347,2307,54,270,586,15818,2140,472,5863
1028,2546,1028.1181880973484,99514,85,59,345,137,120105,71514,1.9255481640774161,50,37,19976,19884,11826,6621,17716,23260,48676,36192,34291,25566,322,233,905,3949,13001,44585,2371,46,250,6340,2307,54,270,586,15821,2139,474,5861
1029,2546,1029.223753959835,99514,90,55,345,137,120126,71522,1.9258395803605524,41,36,20072,19983,11787,6609,17663,23178,48677,36193,34295,25575,322,233,904,3946,12999,44601,2370,46,250,6334,2306,54,270,586,15820,2138,475,5860
1030,2546,1030.323982244092,99514,88,64,345,137,120136,71537,1.9260908012942903,48,29,20162,20091,11758,6581,17597,23096,48678,36194,34299,25584,322,233,903,3942,12996,44611,2370,46,249,6332,2305,54,270,586,15819,2139,478,5859
1031,2546,1031.0548111970156,99514,87,65,345,137,120142,71543,1.9262113873424844,47,30,20239,20145,11722,6571,17558,23050,48679,36195,34303,25593,322,233,903,3939,12990,44624,2369,46,249,6331,2304,54,270,586,15819,2137,478,5860
1032,2546,1032.1464385833863,99514,78,60,345,137,120151,71550,1.9263721687400768,50,32,20340,20242,11683,6552,17502,22975,48680,36196,34307,25601,322,233,903,3936,12985,44640,2368,46,251,6326,2301,54,270,586,15817,2137,481,5858
1033,2546,1033.2322429564208,99514,74,54,345,137,120162,71557,1.926553047812368,57,35,20440,20329,11641,6543,17441,22900,48681,36197,34311,25609,322,233,902,3936,12986,44653,2365,46,251,6318,2300,54,269,585,15818,2136,481,5859
1034,2546,1034.312848472026,99514,69,54,345,137,120174,71564,1.926743975722009,52,34,20532,20437,11618,6525,17382,22811,48682,36198,34315,25617,321,231,902,3936,12985,44662,2363,47,251,6315,2299,54,269,585,15817,2136,484,5857
1035,2546,1035.0305466547409,99514,74,53,345,137,120187,71568,1.9269148059569507,47,41,20585,20505,11588,6505,17359,22757,48683,36199,34319,25625,321,231,900,3935,12981,44672,2363,46,252,6311,2299,54,269,585,15817,2137,485,5856
1036,2546,1036.1035477711653,99514,84,64,345,137,120207,71582,1.9272564664268343,39,35,20691,20604,11548,6480,17291,22678,48684,36200,34323,25632,321,231,900,3935,12980,44676,2361,46,252,6308,2299,54,269,585,15819,2137,487,5854
1037,2546,1037.1710589962718,99514,77,65,345,137,120213,71589,1.9273871013123782,44,36,20767,20706,11525,6466,17240,22588,48685,36201,34327,25639,321,231,900,3934,12974,44686,2358,46,253,6305,2298,54,269,585,15823,2137,490,5850
1038,2546,1038.2346159643928,99513,81,67,346,137,120227,71594,1.9275973993347604,42,40,20868,20809,11492,6438,17169,22507,48686,36202,34330,25646,321,231,900,3934,12971,44693,2357,46,254,6301,2296,53,269,585,15824,2137,491,5850
1039,2546,1039.2931120306907,99513,77,65,346,137,120240,71605,1.9278385738546722,38,42,20961,20907,11463,6410,17113,22437,48687,36203,34333,25653,321,230,900,3932,12967,44707,2354,46,256,6296,2294,53,269,585,15827,2135,495,5846
1040,2546,1040.346790864611,99513,73,60,346,137,120245,71611,1.9279491121762986,45,41,21068,21015,11426,6394,17040,22351,48688,36204,34336,25660,321,230,899,3931,12968,44716,2353,46,258,6293,2291,53,269,585,15826,2132,496,5846
1041,2546,1041.0463716850077,99513,77,63,346,137,120253,71619,1.9281098951895732,48,39,21120,21086,11401,6378,17006,22295,48689,36205,34339,25666,321,230,898,3927,12967,44722,2353,46,258,6291,2290,53,269,585,15827,2133,496,5847
1042,2546,1042.0922048056907,99513,75,58,346,137,120261,71625,1.9282505803261885,50,39,21201,21172,11372,6369,16954,22223,48690,36206,34342,25672,321,230,898,3924,12959,44737,2353,46,258,6290,2287,53,269,584,15825,2133,499,5847
1043,2546,1043.1341328515664,99513,82,63,346,137,120272,71638,1.9284917548461005,53,30,21291,21266,11331,6355,16895,22147,48691,36207,34345,25678,320,229,896,3923,12962,44743,2353,47,258,6285,2286,53,269,584,15824,2134,499,5848
1044,2546,1044.1715382982748,99513,86,55,346,137,120289,71644,1.9287228804276828,42,31,21396,21363,11299,6348,16829,22064,48692,36208,34348,25684,319,228,896,3919,12960,44756,2353,48,260,6281,2284,53,268,584,15823,2134,500,5847
1045,2546,1045.2039254267015,99513,81,53,346,137,120296,71653,1.9288836634409574,41,30,21484,21454,11257,6332,16789,21992,48693,36209,34351,25690,319,228,895,3918,12953,44772,2353,48,261,6278,2282,53,268,584,15821,2132,502,5846
1046,2546,1046.2321876417268,99513,80,51,346,137,120309,71661,1.9290946911458804,38,24,21567,21543,11222,6322,16745,21921,48694,36210,34354,25696,319,228,894,3917,12953,44783,2349,47,262,6275,2280,53,268,584,15819,2132,503,5847
1047,2546,1047.2563829200137,99513,83,46,346,137,120322,71666,1.9292755720358143,33,25,21666,21646,11192,6298,16678,21846,48695,36211,34357,25702,319,228,894,3917,12951,44792,2347,47,262,6272,2279,53,268,584,15818,2132,505,5845
1048,2546,1048.2760724726215,99513,71,42,346,137,120328,71675,1.9294263061107595,41,30,21763,21723,11159,6293,16618,21773,48696,36212,34360,25707,319,228,892,3917,12948,44806,2344,47,263,6267,2278,53,268,584,15818,2131,507,5843
1049,2546,1049.2912860757701,99513,70,41,346,137,120336,71681,1.9295669912473747,45,29,21853,21801,11120,6277,16564,21713,48697,36213,34363,25712,319,228,892,3918,12944,44814,2343,47,265,6263,2275,53,268,584,15818,2131,509,5842
1050,2546,1050.3021519063645,99513,77,42,346,137,120351,71686,1.929767970013968,42,24,21938,21893,11081,6258,16514,21644,48698,36214,34366,25717,319,227,892,3919,12937,44821,2342,46,265,6263,2275,53,268,584,15819,2131,513,5839
1051,2546,1051.3092566714806,99513,77,39,346,137,120360,71688,1.9298785083355943,41,27,22013,21987,11051,6236,16470,21572,48699,36215,34368,25722,318,227,892,3919,12938,44827,2340,46,266,6261,2275,53,268,584,15816,2131,513,5839
1052,2546,1052.3128608937177,99513,79,41,346,137,120369,71695,1.930039291348869,45,27,22088,22058,11018,6216,16422,21519,48700,36216,34370,25727,318,227,892,3917,12937,44835,2339,46,266,6262,2274,53,268,584,15811,2131,514,5839
1053,2546,1053.3128687865196,99513,80,40,346,137,120380,71697,1.9301699275471547,44,35,22163,22151,10985,6200,16380,21435,48701,36217,34372,25732,318,227,892,3916,12931,44845,2339,46,268,6259,2271,53,268,584,15811,2131,514,5840
1054,2546,1054.3095473731642,99513,83,41,346,137,120391,71705,1.9303608573754183,40,35,22265,22234,10941,6182,16323,21369,48702,36218,34374,25737,318,227,892,3917,12928,44852,2337,46,268,6258,2269,53,268,584,15809,2131,515,5841
1055,2546,1055.3018443654544,99513,88,39,346,137,120402,71709,1.9305115914503632,39,36,22349,22325,10902,6170,16274,21291,48703,36219,34376,25742,318,227,892,3918,12921,44861,2335,46,267,6259,2268,53,268,584,15808,2131,516,5841
1056,2546,1056.2903204793365,99513,85,52,346,137,120414,71724,1.9307829127852643,35,27,22432,22395,10881,6145,16219,21242,48704,36220,34378,25746,318,227,890,3920,12923,44866,2331,46,267,6255,2268,53,268,584,15809,2131,516,5841
1057,2546,1057.2752355390394,99513,78,47,346,137,120421,71732,1.9309336468602092,40,25,22518,22473,10850,6142,16166,21174,48705,36221,34380,25750,317,225,891,3922,12920,44877,2330,47,267,6253,2267,53,268,584,15807,2127,518,5840
1058,2546,1058.2564914396712,99513,81,44,346,137,120432,71735,1.9310743319968244,40,26,22596,22563,10821,6132,16114,21096,48706,36222,34382,25754,316,225,891,3919,12919,44884,2330,47,267,6250,2268,53,268,584,15807,2127,519,5839
1059,2546,1059.2339473817706,99513,80,44,346,137,120445,71741,1.9312652618250883,38,24,22690,22648,10793,6112,16051,21033,48707,36223,34384,25758,316,225,891,3913,12922,44891,2330,47,267,6246,2267,53,268,584,15807,2127,521,5838
1060,2546,1060.2076465743855,99513,79,46,346,137,120454,71744,1.9313858490850442,41,28,22771,22708,10761,6097,16000,20982,48708,36224,34386,25762,315,225,891,3912,12921,44897,2327,48,267,6245,2266,53,268,584,15807,2127,521,5839
1061,2546,1061.1777320633435,99513,77,47,346,137,120465,71750,1.9315566810366485,39,27,22855,22804,10729,6077,15952,20906,48709,36225,34388,25766,315,225,891,3913,12917,44904,2325,48,267,6244,2265,53,268,584,15807,2126,524,5837
1062,2546,1062.1443476487086,99513,79,48,346,137,120482,71760,1.9318280023715495,34,27,22932,22901,10699,6061,15908,20824,48710,36226,34390,25770,315,225,890,3913,12915,44911,2323,48,269,6242,2263,53,267,584,15808,2126,526,5835
1063,2546,1063.1077491481615,99513,78,47,346,137,120489,71765,1.9319485896315054,34,29,23013,22984,10666,6044,15861,20757,48711,36227,34392,25774,315,224,890,3916,12913,44917,2320,47,270,6240,2262,53,267,584,15808,2126,527,5834
1064,2546,1064.06792668414,99513,77,50,346,137,120496,71770,1.9320691768914615,38,32,23085,23054,10631,6023,15821,20702,48712,36228,34394,25778,315,224,890,3917,12911,44922,2318,47,271,6238,2261,53,267,584,15808,2126,527,5834
1065,2546,1065.0248812677125,99513,75,51,346,137,120505,71780,1.9322601067197251,45,25,23169,23140,10603,6016,15760,20629,48713,36229,34396,25782,315,224,889,3916,12904,44936,2318,47,271,6235,2261,53,267,584,15808,2124,528,5833
1066,2546,1066.295708070526,99513,74,52,346,137,120518,71786,1.9324510365479888,51,26,23251,23256,10567,5990,15709,20537,48714,36230,34398,25785,315,224,889,3918,12900,44945,2315,47,273,6233,2259,53,266,584,15808,2123,528,5833
1067,2546,1067.245710591383,99513,72,55,346,137,120527,71793,1.9326118195612634,47,24,23313,23333,10538,5971,15682,20478,48715,36231,34400,25788,314,224,888,3915,12901,44950,2315,47,274,6232,2258,53,265,585,15807,2123,528,5834
1068,2546,1068.193323168287,99513,69,51,346,137,120535,71800,1.9327625536362083,47,27,23393,23398,10514,5967,15629,20418,48716,36232,34402,25791,314,224,887,3913,12897,44963,2314,47,274,6232,2258,53,265,584,15802,2124,528,5834
1069,2546,1069.137738287584,99513,62,55,346,137,120544,71807,1.932923336649483,49,23,23483,23487,10490,5951,15568,20345,48717,36233,34404,25794,312,224,887,3911,12894,44973,2313,48,274,6231,2259,53,265,584,15799,2124,529,5833
1070,2546,1070.0787736672241,99513,62,55,346,137,120554,71813,1.9330841196627577,50,23,23562,23569,10460,5937,15518,20277,48718,36234,34406,25797,312,224,886,3912,12892,44979,2310,48,277,6228,2256,53,265,584,15800,2125,529,5833
1071,2546,1071.0163692702104,99513,63,54,346,137,120566,71817,1.9332449026760323,45,24,23643,23662,10436,5919,15465,20202,48719,36235,34408,25800,312,223,886,3912,12886,44991,2308,48,277,6229,2256,53,265,584,15797,2124,531,5831
1072,2546,1072.261652069895,99513,69,54,346,137,120579,71825,1.9334559303809553,38,29,23743,23778,10403,5887,15399,20113,48720,36236,34410,25803,312,222,885,3913,12887,44996,2307,48,278,6225,2255,53,265,583,15798,2124,532,5830
1073,2546,1073.1921802807879,99513,67,54,346,137,120589,71832,1.9336267623325596,34,27,23804,23849,10374,5869,15373,20062,48721,36237,34412,25806,312,222,884,3912,12887,45004,2306,48,278,6221,2255,53,265,583,15797,2124,533,5829
1074,2546,1074.1201975790232,99513,64,56,346,137,120602,71837,1.9338076432224935,26,27,23873,23927,10355,5846,15334,20005,48722,36238,34413,25809,312,222,884,3907,12890,45011,2305,48,278,6220,2255,53,265,583,15794,2124,534,5828
1075,2546,1075.045757946813,99513,57,61,346,137,120607,71846,1.9339483283591088,33,25,23958,24004,10314,5834,15290,19937,48723,36239,34414,25812,312,221,884,3906,12889,45018,2304,48,278,6220,2255,53,264,584,15791,2124,537,5825
1076,2546,1076.2749912091124,99513,54,60,346,137,120616,71856,1.9341392581873724,39,27,24052,24099,10266,5817,15241,19858,48724,36240,34415,25815,312,221,883,3905,12891,45028,2303,48,278,6214,2255,52,265,584,15788,2124,538,5824
1077,2546,1077.19364876876,99512,55,56,346,138,120621,71861,1.934259184821931,47,29,24110,24183,10236,5806,15204,19786,48725,36241,34416,25818,312,220,884,3904,12891,45036,2303,48,277,6210,2255,52,265,584,15788,2122,540,5821
1078,2546,1078.1100663766522,99512,66,55,346,138,120634,71865,1.9344300184902323,41,34,24179,24245,10210,5791,15156,19735,48726,36242,34417,25821,312,220,883,3903,12893,45039,2302,48,277,6208,2255,52,265,584,15787,2123,542,5819
1079,2546,1079.023722759147,99512,61,60,346,138,120642,71876,1.9346209502371574,39,28,24248,24316,10181,5777,15123,19679,48727,36243,34418,25824,311,220,883,3901,12895,45048,2301,49,277,6206,2255,52,265,584,15783,2121,542,5819
1080,2546,1080.2380714896474,99512,66,60,346,138,120656,71885,1.9348520781413296,44,23,24322,24411,10152,5759,15068,19607,48728,36244,34419,25827,311,220,883,3899,12895,45054,2300,49,278,6203,2253,52,265,584,15783,2121,543,5819
1081,2546,1081.1464448520965,99512,68,63,346,138,120666,71896,1.9350631079668783,43,17,24382,24484,10136,5745,15023,19551,48729,36245,34420,25830,310,220,883,3899,12889,45063,2299,49,281,6203,2251,52,265,584,15781,2121,544,5818
1082,2546,1082.059430061738,99512,66,57,346,138,120673,71900,1.9351736473993086,44,19,24431,24535,10117,5743,14994,19506,48730,36246,34421,25832,310,220,883,3898,12887,45072,2298,49,281,6200,2250,52,265,584,15780,2120,547,5816
1083,2546,1083.050708707128,99512,58,59,346,138,120679,71909,1.9353243829889863,48,19,24520,24623,10091,5732,14935,19427,48731,36247,34422,25834,310,219,884,3897,12882,45084,2298,49,281,6199,2249,52,265,584,15776,2119,548,5816
1084,2546,1084.12998865735,99512,62,57,346,138,120692,71918,1.9355454618538468,45,16,24597,24715,10061,5717,14887,19355,48732,36248,34423,25836,310,219,884,3896,12882,45094,2297,49,282,6197,2248,52,265,584,15772,2118,549,5814
1085,2546,1085.0685788364544,99512,60,51,346,138,120703,71921,1.9356861484042125,44,19,24681,24820,10045,5698,14822,19272,48733,36249,34424,25838,310,219,882,3897,12879,45107,2295,48,282,6197,2248,52,265,584,15766,2118,551,5812
1086,2546,1086.2447256554965,99512,64,48,346,138,120712,71925,1.9358167859152664,46,23,24778,24905,10004,5674,14760,19210,48734,36250,34425,25840,310,219,882,3894,12882,45113,2294,48,282,6195,2248,52,265,583,15765,2118,550,5812
1087,2546,1087.136467265744,99512,63,54,346,138,120718,71935,1.935977570544256,48,22,24833,24982,9984,5660,14724,19142,48735,36251,34426,25842,309,219,882,3893,12878,45121,2294,48,282,6194,2249,52,265,583,15763,2118,550,5812
1088,2546,1088.0353651834691,99512,63,56,346,138,120723,71944,1.9361182570946218,52,20,24910,25049,9960,5645,14667,19090,48736,36252,34427,25844,309,219,882,3893,12877,45128,2294,48,282,6191,2249,52,265,583,15760,2118,550,5812
1089,2546,1089.0812310180577,99512,64,54,346,138,120736,71947,1.9362790417236113,43,19,24967,25121,9941,5637,14637,19029,48737,36253,34428,25846,309,218,882,3893,12877,45134,2293,48,282,6190,2249,52,265,583,15758,2117,551,5811
1090,2546,1090.0553173482003,99512,68,52,346,138,120749,71954,1.936480022509848,37,17,25028,25203,9916,5626,14603,18962,48738,36254,34429,25848,309,218,882,3893,12878,45138,2291,48,282,6188,2249,52,264,583,15758,2117,553,5809
1091,2546,1091.252081887289,99512,62,46,346,138,120766,71959,1.9367011013747086,30,15,25128,25301,9894,5617,14538,18881,48739,36255,34430,25850,308,218,879,3890,12879,45151,2290,48,281,6186,2250,52,264,583,15755,2116,553,5809
1092,2546,1092.0556626402458,99512,62,45,346,138,120771,71963,1.9367915427285152,32,15,25176,25348,9876,5610,14506,18842,48740,36256,34431,25852,308,218,879,3891,12878,45155,2288,48,282,6186,2249,52,264,583,15753,2116,554,5808
1093,2546,1093.1628887891252,99512,63,37,346,138,120779,71965,1.9368920331216335,37,18,25248,25450,9844,5591,14460,18764,48741,36257,34432,25854,308,218,879,3892,12877,45163,2286,48,284,6184,2247,52,264,582,15750,2116,555,5807
1094,2546,1094.194191371322,99512,59,35,346,138,120786,71968,1.936992523514752,40,19,25305,25520,9825,5578,14423,18708,48742,36258,34433,25856,308,218,879,3893,12875,45171,2284,48,284,6183,2245,52,264,582,15746,2116,555,5809
